vtrace1; I a; I ab; I bc; I b; I ac; I c
vtrace1; 2356; 4662; 1322; 2306; 1372; -984
vtrace1; 0; 90; -1759; 90; -1849; -1849
vtrace1; -4165; -4165; -4446; 0; -8611; -4446
vtrace1; -150; 335; -2189; 485; -2824; -2674
vtrace1; -48; -47; -349; 1; -398; -350
vtrace1; 3592; 4805; -1255; 1213; 1124; -2468
vtrace1; -325; -9; -2059; 316; -2700; -2375
vtrace1; 987; 1974; -574; 987; -574; -1561
vtrace1; 5; -180; -5140; -185; -4950; -4955
vtrace1; -2422; 653; -4100; 3075; -9597; -7175
vtrace1; 2353; 3413; -651; 1060; 642; -1711
vtrace1; -4; -363; -3149; -359; -2794; -2790
vtrace1; 1; 858; -2366; 857; -3222; -3223
vtrace1; 24; 268; 268; 244; 48; 24
vtrace1; 799; 1598; 799; 799; 799; 0
vtrace1; -1133; 2135; 2135; 3268; -2266; -1133
vtrace1; 732; 959; -1029; 227; -524; -1256
vtrace1; -943; 2235; 4805; 3178; 684; 1627
vtrace1; 0; 1021; 1021; 1021; 0; 0
vtrace1; 1587; 6471; 4876; 4884; 1579; -8
vtrace1; 2092; 7284; 7167; 5192; 4067; 1975
vtrace1; 0; 0; -452; 0; -452; -452
vtrace1; -459; 754; 800; 1213; -872; -413
vtrace1; 0; 2987; 2987; 2987; 0; 0
vtrace1; 207; 414; 201; 207; 201; -6
vtrace1; -329; 171; 99; 500; -730; -401
vtrace1; 2190; 4380; 138; 2190; 138; -2052
vtrace1; -576; -576; -1883; 0; -2459; -1883
vtrace1; 250; 500; 244; 250; 244; -6
vtrace1; -2365; 1029; 3394; 3394; -2365; 0
vtrace1; -153; -153; -2178; 0; -2331; -2178
vtrace1; 3528; 9681; 6291; 6153; 3666; 138
vtrace1; -50; 2142; 1761; 2192; -481; -431
vtrace1; 0; 0; -453; 0; -453; -453
vtrace1; 0; -1; -1775; -1; -1774; -1774
vtrace1; -1623; 626; 626; 2249; -3246; -1623
vtrace1; 191; 382; 179; 191; 179; -12
vtrace1; -2143; 2879; 5160; 5022; -2005; 138
vtrace1; 250; 2546; 2295; 2296; 249; -1
vtrace1; 166; 332; -2607; 166; -2607; -2773
vtrace1; -1052; 3850; 2749; 4902; -3205; -2153
vtrace1; 1; 1; -418; 0; -417; -418
vtrace1; 0; 0; -417; 0; -417; -417
vtrace1; 57; 995; 939; 938; 58; 1
vtrace1; 55; 1239; 982; 1184; -147; -202
vtrace1; 3642; 5226; -535; 1584; 1523; -2119
vtrace1; -2182; -2178; -3615; 4; -5801; -3619
vtrace1; -8; 4230; 4482; 4238; 236; 244
vtrace1; -2645; -2534; -2534; 111; -5290; -2645
vtrace1; 2282; 5136; 873; 2854; 301; -1981
vtrace1; 327; 3652; 2059; 3325; -939; -1266
vtrace1; 1; 233; 361; 232; 130; 129
vtrace1; 0; 1698; -472; 1698; -2170; -2170
vtrace1; -2711; 1217; 3078; 3928; -3561; -850
vtrace1; 0; 6201; 8557; 6201; 2356; 2356
vtrace1; 316; 2942; 3509; 2626; 1199; 883
vtrace1; -2143; -272; -272; 1871; -4286; -2143
vtrace1; -1; 4303; 6533; 4304; 2228; 2229
vtrace1; -591; -23; -502; 568; -1661; -1070
vtrace1; -291; 2015; -2894; 2306; -5491; -5200
vtrace1; 78; 6279; 5752; 6201; -371; -449
vtrace1; 3663; 7326; 3577; 3663; 3577; -86
vtrace1; 414; 2642; 2642; 2228; 828; 414
vtrace1; -278; 211; -669; 489; -1436; -1158
vtrace1; 417; 5115; 2022; 4698; -2259; -2676
vtrace1; -2321; 70; 2032; 2391; -2680; -359
vtrace1; -301; 992; 1293; 1293; -301; 0
vtrace1; 126; 1787; -501; 1661; -2036; -2162
vtrace1; 0; 6185; 6519; 6185; 334; 334
vtrace1; 152; 304; -2024; 152; -2024; -2176
vtrace1; 7; 2068; 924; 2061; -1130; -1137
vtrace1; -1; 2064; 1721; 2065; -345; -344
vtrace1; -1593; -169; -169; 1424; -3186; -1593
vtrace1; -2321; 75; 2037; 2396; -2680; -359
vtrace1; -164; 262; 543; 426; -47; 117
vtrace1; 0; 377; 378; 377; 1; 1
vtrace1; -1724; 943; 2917; 2667; -1474; 250
vtrace1; 1; 381; 381; 380; 2; 1
vtrace1; 1; 2344; 2343; 2343; 1; 0
vtrace1; 1298; 1299; -3175; 1; -1878; -3176
vtrace1; 191; 382; -1938; 191; -1938; -2129
vtrace1; 340; 2633; 2092; 2293; 139; -201
vtrace1; -1636; 834; 2658; 2470; -1448; 188
vtrace1; 0; -445; -1089; -445; -644; -644
vtrace1; -633; 971; 974; 1604; -1263; -630
vtrace1; 568; 849; -312; 281; -25; -593
vtrace1; 0; 2813; 1066; 2813; -1747; -1747
vtrace1; 611; 2899; 1163; 2288; -514; -1125
vtrace1; -2263; 1186; 1213; 3449; -4499; -2236
vtrace1; 1362; 1363; -7211; 1; -5850; -7212
vtrace1; 1; 0; -1070; -1; -1068; -1069
vtrace1; 121; 1696; 1696; 1575; 242; 121
vtrace1; -196; 838; -2168; 1034; -3398; -3202
vtrace1; 192; 384; 192; 192; 192; 0
vtrace1; 0; 2306; 2306; 2306; 0; 0
vtrace1; 2; 261; 259; 259; 2; 0
vtrace1; -581; 310; 310; 891; -1162; -581
vtrace1; -591; 1003; 1003; 1594; -1182; -591
vtrace1; 2; 2308; 2306; 2306; 2; 0
vtrace1; -1468; -1457; -4359; 11; -5838; -4370
vtrace1; 0; 300; 300; 300; 0; 0
vtrace1; 0; 2336; 2348; 2336; 12; 12
vtrace1; -142; -143; -823; -1; -964; -822
vtrace1; 77; 154; -509; 77; -509; -586
vtrace1; -202; 3983; 3983; 4185; -404; -202
vtrace1; -344; 465; 756; 809; -397; -53
vtrace1; -583; 1723; 3045; 2306; 156; 739
vtrace1; -221; -442; -1579; -221; -1579; -1358
vtrace1; 1034; 2147; -788; 1113; -867; -1901
vtrace1; 1; 968; 1075; 967; 109; 108
vtrace1; 1083; 2401; 1318; 1318; 1083; 0
vtrace1; 726; 1762; 1035; 1036; 725; -1
vtrace1; -365; 701; 701; 1066; -730; -365
vtrace1; 315; 490; -2077; 175; -1937; -2252
vtrace1; 2129; 4535; 2406; 2406; 2129; 0
vtrace1; 316; 892; 804; 576; 544; 228
vtrace1; 77; 515; 342; 438; -19; -96
vtrace1; 2193; 4386; 2193; 2193; 2193; 0
vtrace1; -445; -129; -2026; 316; -2787; -2342
vtrace1; 12; 2305; 3758; 2293; 1477; 1465
vtrace1; 479; 1770; 1290; 1291; 478; -1
vtrace1; 2944; 4721; -408; 1777; 759; -2185
vtrace1; 581; 550; -1646; -31; -1034; -1615
vtrace1; -2773; -1890; -1748; 883; -5404; -2631
vtrace1; 301; 877; 804; 576; 529; 228
vtrace1; 2091; 4468; 1746; 2377; 1460; -631
vtrace1; -401; 1892; 2940; 2293; 246; 647
vtrace1; 157; 4222; 2978; 4065; -930; -1087
vtrace1; -1058; 2494; 3552; 3552; -1058; 0
vtrace1; 25; 26; -1817; 1; -1793; -1818
vtrace1; 1563; 3126; -3354; 1563; -3354; -4917
vtrace1; 1350; 7535; 5242; 6185; 407; -943
vtrace1; -689; -639; -1786; 50; -2525; -1836
vtrace1; -408; -999; -2710; -591; -2527; -2119
vtrace1; 132; 2193; 2193; 2061; 264; 132
vtrace1; -633; 2087; 378; 2720; -2975; -2342
vtrace1; 581; -46; -7839; -627; -6631; -7212
vtrace1; -500; -500; -1337; 0; -1837; -1337
vtrace1; 1; 2; -1882; 1; -1882; -1883
vtrace1; 23; 1136; 1112; 1113; 22; -1
vtrace1; 0; 2548; 2543; 2548; -5; -5
vtrace1; 664; 2372; -433; 1708; -1477; -2141
vtrace1; -313; 714; -843; 1027; -2183; -1870
vtrace1; -1; 1062; 1074; 1063; 10; 11
vtrace1; -191; 2372; 2563; 2563; -191; 0
vtrace1; 651; 4921; 5819; 4270; 2200; 1549
vtrace1; -90; -95; -342; -5; -427; -337
vtrace1; 145; 290; -1965; 145; -1965; -2110
vtrace1; -799; -1598; -5716; -799; -5716; -4917
vtrace1; 106; -1002; -3229; -1108; -2015; -2121
vtrace1; -53; 960; 1233; 1013; 167; 220
vtrace1; 1515; 2433; -2610; 918; -2013; -3528
vtrace1; 207; 414; 207; 207; 207; 0
vtrace1; 175; 350; 175; 175; 175; 0
vtrace1; 7; 8; -1851; 1; -1845; -1852
vtrace1; 333; 909; 804; 576; 561; 228
vtrace1; 4; -2146; -5259; -2150; -3105; -3109
vtrace1; 590; 2510; 2491; 1920; 1161; 571
vtrace1; -8; 1391; 508; 1399; -899; -891
vtrace1; -86; 2586; 3253; 2672; 495; 581
vtrace1; -298; -329; -695; -31; -962; -664
vtrace1; 0; 286; 286; 286; 0; 0
vtrace1; -593; -759; -1847; -166; -2274; -1681
vtrace1; 0; 151; 288; 151; 137; 137
vtrace1; -558; -871; -1224; -313; -1469; -911
vtrace1; -116; 2494; 2494; 2610; -232; -116
vtrace1; -92; 92; -1093; 184; -1369; -1277
vtrace1; -898; 2277; 4196; 3175; 123; 1021
vtrace1; -876; -876; -2404; 0; -3280; -2404
vtrace1; -1637; -1615; -1615; 22; -3274; -1637
vtrace1; 2568; 5136; 2567; 2568; 2567; -1
vtrace1; -583; 112; -562; 695; -1840; -1257
vtrace1; 129; 2258; 3704; 2129; 1704; 1575
vtrace1; -900; 5374; 5458; 6274; -1716; -816
vtrace1; -285; -570; -2098; -285; -2098; -1813
vtrace1; -53; 4645; 7324; 4698; 2573; 2626
vtrace1; 197; 198; -2754; 1; -2558; -2755
vtrace1; 1; 1701; 1700; 1700; 1; 0
vtrace1; -676; 625; -411; 1301; -2388; -1712
vtrace1; 158; 316; 158; 158; 158; 0
vtrace1; -166; -263; -3692; -97; -3761; -3595
vtrace1; -900; 2155; 2155; 3055; -1800; -900
vtrace1; 5644; 11288; 5638; 5644; 5638; -6
vtrace1; -2645; -2644; -2644; 1; -5290; -2645
vtrace1; 378; 377; -2083; -1; -1704; -2082
vtrace1; 0; 2443; 2433; 2443; -10; -10
vtrace1; -1569; 1044; 2613; 2613; -1569; 0
vtrace1; -1072; -20; -20; 1052; -2144; -1072
vtrace1; -409; -818; -1405; -409; -1405; -996
vtrace1; 1690; 1691; -4295; 1; -2606; -4296
vtrace1; 1; 4903; 5208; 4902; 307; 306
vtrace1; 2404; 5016; 112; 2612; -96; -2500
vtrace1; -1112; -2224; -6148; -1112; -6148; -5036
vtrace1; 2657; 5326; 2658; 2669; 2646; -11
vtrace1; -1; 31; -1857; 32; -1890; -1889
vtrace1; 533; 1259; -986; 726; -1179; -1712
vtrace1; 485; 3158; 2697; 2673; 509; 24
vtrace1; 1593; 3886; 2293; 2293; 1593; 0
vtrace1; -1; 2943; 2527; 2944; -418; -417
vtrace1; 2707; 5414; 1099; 2707; 1099; -1608
vtrace1; 4170; 8340; 3135; 4170; 3135; -1035
vtrace1; 581; 3149; 2565; 2568; 578; -3
vtrace1; 191; 382; -1993; 191; -1993; -2184
vtrace1; 0; 1672; 1673; 1672; 1; 1
vtrace1; -64; -285; -2399; -221; -2242; -2178
vtrace1; -2180; -812; 372; 1368; -3176; -996
vtrace1; -1; 32; -397; 33; -431; -430
vtrace1; 191; 5383; 5048; 5192; 47; -144
vtrace1; 79; 3261; 3839; 3182; 736; 657
vtrace1; -1283; 984; 1083; 2267; -2467; -1184
vtrace1; -132; 479; 615; 611; -128; 4
vtrace1; 628; 3367; 2587; 2739; 476; -152
vtrace1; 0; 79; -3240; 79; -3319; -3319
vtrace1; 49; 897; 461; 848; -338; -387
vtrace1; -59; -1157; -4545; -1098; -3506; -3447
vtrace1; 70; -2520; -5274; -2590; -2614; -2684
vtrace1; 1102; 1103; -1614; 1; -513; -1615
vtrace1; 615; -350; -5137; -965; -3557; -4172
vtrace1; 2129; 5228; 3098; 3099; 2128; -1
vtrace1; 2105; 4611; 2505; 2506; 2104; -1
vtrace1; -1; 3203; 3203; 3204; -2; -1
vtrace1; 1; 2; -1153; 1; -1153; -1154
vtrace1; 1686; 3372; 769; 1686; 769; -917
vtrace1; -344; 225; 111; 569; -802; -458
vtrace1; -1; 81; -1089; 82; -1172; -1171
vtrace1; 0; -64; -1158; -64; -1094; -1094
vtrace1; 2639; 2523; -3133; -116; -378; -3017
vtrace1; 749; 6902; 11288; 6153; 5884; 5135
vtrace1; 695; 10789; 11387; 10094; 1988; 1293
vtrace1; 1708; 3028; 50; 1320; 438; -1270
vtrace1; 3; 6; -1207; 3; -1207; -1210
vtrace1; 157; 2227; 1582; 2070; -331; -488
vtrace1; 2944; 5888; 2294; 2944; 2294; -650
vtrace1; -630; 2327; 2327; 2957; -1260; -630
vtrace1; 350; 6535; 5614; 6185; -221; -571
vtrace1; -2263; -1662; -1635; 601; -4499; -2236
vtrace1; -1793; 1827; 3620; 3620; -1793; 0
vtrace1; 416; -832; -3016; -1248; -1352; -1768
vtrace1; 358; 1904; 1534; 1546; 346; -12
vtrace1; 7; 5199; 5192; 5192; 7; 0
vtrace1; 430; -2388; -6293; -2818; -3045; -3475
vtrace1; 601; 4771; 1934; 4170; -1635; -2236
vtrace1; 0; 0; -3223; 0; -3223; -3223
vtrace1; -424; 123; 188; 547; -783; -359
vtrace1; -799; 4994; 7435; 5793; 843; 1642
vtrace1; -1618; -1747; -2180; -129; -3669; -2051
vtrace1; 0; 5003; 1070; 5003; -3933; -3933
vtrace1; 316; 1659; 2226; 1343; 1199; 883
vtrace1; 327; 654; -4915; 327; -4915; -5242
vtrace1; 0; 1109; 1109; 1109; 0; 0
vtrace1; -141; -282; -2315; -141; -2315; -2174
vtrace1; -116; 1729; 1845; 1845; -116; 0
vtrace1; 0; 7171; 7171; 7171; 0; 0
vtrace1; 0; 0; -582; 0; -582; -582
vtrace1; 72; 144; -2573; 72; -2573; -2645
vtrace1; -1; -2; -1071; -1; -1071; -1070
vtrace1; 0; -453; -3228; -453; -2775; -2775
vtrace1; 780; 1560; 379; 780; 379; -401
vtrace1; 262; -375; -2915; -637; -2016; -2278
vtrace1; 0; 1030; 1030; 1030; 0; 0
vtrace1; 3620; 7240; 3620; 3620; 3620; 0
vtrace1; 1; 2; -632; 1; -632; -633
vtrace1; 968; 1354; -1430; 386; -848; -1816
vtrace1; 2068; 2067; -3873; -1; -1804; -3872
vtrace1; 1325; -408; -5905; -1733; -2847; -4172
vtrace1; 2130; -2136; -11468; -4266; -5072; -7202
vtrace1; 1615; 5283; 3668; 3668; 1615; 0
vtrace1; 78; 77; -2631; -1; -2552; -2630
vtrace1; -11; 2599; 2609; 2610; -12; -1
vtrace1; -287; 282; 111; 569; -745; -458
vtrace1; -4172; 1981; 6021; 6153; -4304; -132
vtrace1; 2806; 2389; -3891; -417; -668; -3474
vtrace1; -1; 38; -1128; 39; -1168; -1167
vtrace1; 1; 2; -553; 1; -553; -554
vtrace1; 4; 1038; 1038; 1034; 8; 4
vtrace1; 1; 5645; 7231; 5644; 1588; 1587
vtrace1; -58; 282; -1822; 340; -2220; -2162
vtrace1; 531; 532; -7211; 1; -6681; -7212
vtrace1; -2122; -1124; -1124; 998; -4244; -2122
vtrace1; 582; 1651; -3103; 1069; -3590; -4172
vtrace1; -2186; 1742; 4066; 3928; -2048; 138
vtrace1; 0; 494; 494; 494; 0; 0
vtrace1; 591; 3061; 2658; 2470; 779; 188
vtrace1; 1795; 4363; -1299; 2568; -2072; -3867
vtrace1; 191; 382; -3126; 191; -3126; -3317
vtrace1; -1098; 476; -106; 1574; -2778; -1680
vtrace1; -8; 4230; 5946; 4238; 1700; 1708
vtrace1; 1594; 3188; 1594; 1594; 1594; 0
vtrace1; 178; -435; -3537; -613; -2746; -2924
vtrace1; -86; -31; -436; 55; -577; -491
vtrace1; -275; 2621; 2207; 2896; -964; -689
vtrace1; -307; 2141; 3562; 2448; 807; 1114
vtrace1; -418; 3852; 4270; 4270; -418; 0
vtrace1; 0; 560; 500; 560; -60; -60
vtrace1; 1219; 1225; -7206; 6; -5993; -7212
vtrace1; -1344; 1317; 2660; 2661; -1345; -1
vtrace1; -142; 2050; 1370; 2192; -964; -822
vtrace1; -1; 0; -1274; 1; -1276; -1275
vtrace1; -1809; -17; -17; 1792; -3618; -1809
vtrace1; -978; -214; -147; 764; -1889; -911
vtrace1; -656; -2833; -6656; -2177; -5135; -4479
vtrace1; 0; -390; -1809; -390; -1419; -1419
vtrace1; 260; 885; 248; 625; -117; -377
vtrace1; 3251; 6502; 648; 3251; 648; -2603
vtrace1; 0; 0; -573; 0; -573; -573
vtrace1; 454; 1463; 1463; 1009; 908; 454
vtrace1; -350; 1938; 2202; 2288; -436; -86
vtrace1; -411; 3209; 3631; 3620; -400; 11
vtrace1; 1; 2639; 511; 2638; -2126; -2127
vtrace1; -1; -2; -2470; -1; -2470; -2469
vtrace1; -229; 2521; 2749; 2750; -230; -1
vtrace1; -1491; -1491; -2500; 0; -3991; -2500
vtrace1; -399; 3221; 3621; 3620; -398; 1
vtrace1; 2448; 2494; -4433; 46; -2031; -4479
vtrace1; 0; 426; 426; 426; 0; 0
vtrace1; 286; 2274; 2274; 1988; 572; 286
vtrace1; -1602; 3087; 6873; 4689; 582; 2184
vtrace1; -34; -68; -459; -34; -459; -425
vtrace1; 1239; 5364; 4010; 4125; 1124; -115
vtrace1; -1; 2349; 1946; 2350; -405; -404
vtrace1; 371; 1031; -892; 660; -1181; -1552
vtrace1; -1; 1876; 1906; 1877; 28; 29
vtrace1; 439; 4677; 4840; 4238; 1041; 602
vtrace1; -827; -1377; -2359; -550; -2636; -1809
vtrace1; 615; 616; -4593; 1; -3979; -4594
vtrace1; -125; -146; -1101; -21; -1205; -1080
vtrace1; 0; -1; -3873; -1; -3872; -3872
vtrace1; 0; -1069; -4001; -1069; -2932; -2932
vtrace1; -1; 3744; 2637; 3745; -1109; -1108
vtrace1; 340; 680; 224; 340; 224; -116
vtrace1; 145; 2628; 3752; 2483; 1414; 1269
vtrace1; 0; 968; -1276; 968; -2244; -2244
vtrace1; -1069; 558; -1482; 1627; -4178; -3109
vtrace1; -1108; -786; -786; 322; -2216; -1108
vtrace1; -147; 1144; 1337; 1291; -101; 46
vtrace1; -2214; -3034; -4439; -820; -5833; -3619
vtrace1; -185; -1525; -5786; -1340; -4631; -4446
vtrace1; 219; 2794; 2405; 2575; 49; -170
vtrace1; -150; 1873; -319; 2023; -2492; -2342
vtrace1; -2442; -2442; -2894; 0; -5336; -2894
vtrace1; 0; -130; -7342; -130; -7212; -7212
vtrace1; 484; 1750; -914; 1266; -1696; -2180
vtrace1; 533; 924; -102; 391; 40; -493
vtrace1; 3574; 7148; 1893; 3574; 1893; -1681
vtrace1; -196; 2543; 2739; 2739; -196; 0
vtrace1; 2626; 7818; 6786; 5192; 4220; 1594
vtrace1; 103; 2454; 2548; 2351; 300; 197
vtrace1; -11; 2687; 2687; 2698; -22; -11
vtrace1; 1612; 8783; 7739; 7171; 2180; 568
vtrace1; -1; 3230; 3231; 3231; -1; 0
vtrace1; -644; 68; 565; 712; -791; -147
vtrace1; -1125; -2250; -4304; -1125; -4304; -3179
vtrace1; 0; 79; -3253; 79; -3332; -3332
vtrace1; -2152; -1291; -460; 861; -3473; -1321
vtrace1; 2334; 2156; -2900; -178; -388; -2722
vtrace1; -91; -182; -3270; -91; -3270; -3179
vtrace1; 2872; 5744; -304; 2872; -304; -3176
vtrace1; 191; -135; -1418; -326; -901; -1092
vtrace1; -92; -70; -496; 22; -610; -518
vtrace1; 0; 320; -1933; 320; -2253; -2253
vtrace1; -3660; -3635; -5804; 25; -9489; -5829
vtrace1; 2070; 4140; -155; 2070; -155; -2225
vtrace1; 1132; 2264; -1024; 1132; -1024; -2156
vtrace1; -822; -822; -4532; 0; -5354; -4532
vtrace1; 2154; 4604; 2537; 2450; 2241; 87
vtrace1; 1; 1900; 2601; 1899; 703; 702
vtrace1; 1; 1190; 1829; 1189; 641; 640
vtrace1; -1330; 839; 2586; 2169; -913; 417
vtrace1; 67; -1078; -3330; -1145; -2118; -2185
vtrace1; 2233; 6471; 4447; 4238; 2442; 209
vtrace1; -863; 1763; 4170; 2626; 681; 1544
vtrace1; -53; 2290; 570; 2343; -1826; -1773
vtrace1; 1012; 1435; -471; 423; 118; -894
vtrace1; 1; 4680; 4678; 4679; 0; -1
vtrace1; 1739; 3478; 1575; 1739; 1575; -164
vtrace1; 227; 1520; 1680; 1293; 614; 387
vtrace1; -7212; -1059; 4516; 6153; -8849; -1637
vtrace1; 407; -2238; -6495; -2645; -3443; -3850
vtrace1; 190; 347; -797; 157; -764; -954
vtrace1; 0; 1318; -1269; 1318; -2587; -2587
vtrace1; 0; 2361; 2610; 2361; 249; 249
vtrace1; 1; -149; -1268; -150; -1117; -1118
vtrace1; -630; 2327; 5248; 2957; 1661; 2291
vtrace1; 0; 1800; 1800; 1800; 0; 0
vtrace1; -147; 927; 715; 1074; -506; -359
vtrace1; -2176; -4352; -9378; -2176; -9378; -7202
vtrace1; 1103; 2206; -986; 1103; -986; -2089
vtrace1; -198; -368; -1777; -170; -1805; -1607
vtrace1; 2558; 8759; 6201; 6201; 2558; 0
vtrace1; 238; 476; -60; 238; -60; -298
vtrace1; 145; 2017; 2450; 1872; 723; 578
vtrace1; 18; -400; -1312; -418; -876; -894
vtrace1; -53; 504; 662; 557; 52; 105
vtrace1; -458; 1893; 2351; 2351; -458; 0
vtrace1; 0; 4698; 2577; 4698; -2121; -2121
vtrace1; 3; -852; -1961; -855; -1103; -1106
vtrace1; 145; 157; -2166; 12; -2033; -2178
vtrace1; 0; 1849; 1850; 1849; 1; 1
vtrace1; 557; 2893; 4027; 2336; 2248; 1691
vtrace1; -2176; -4352; -9388; -2176; -9388; -7212
vtrace1; 298; 3338; -810; 3040; -3552; -3850
vtrace1; 8; 1800; 1800; 1792; 16; 8
vtrace1; -413; 1781; 329; 2194; -2278; -1865
vtrace1; -228; 1935; 2167; 2163; -224; 4
vtrace1; -1736; 4465; 1607; 6201; -6330; -4594
vtrace1; -1108; -880; -880; 228; -2216; -1108
vtrace1; 5350; 5345; -7207; -5; -1852; -7202
vtrace1; -426; 1533; -215; 1959; -2600; -2174
vtrace1; -1; 762; 732; 763; -32; -31
vtrace1; -2185; 608; 2896; 2793; -2082; 103
vtrace1; 320; 1757; 264; 1437; -853; -1173
vtrace1; -910; 2258; 3163; 3168; -915; -5
vtrace1; -365; 1632; 1632; 1997; -730; -365
vtrace1; 4079; 8158; 4079; 4079; 4079; 0
vtrace1; -1551; -467; -1038; 1084; -3673; -2122
vtrace1; 209; 418; -89; 209; -89; -298
vtrace1; 0; 2739; 3317; 2739; 578; 578
vtrace1; -75; -150; -1876; -75; -1876; -1801
vtrace1; 0; 1293; 1266; 1293; -27; -27
vtrace1; -59; 2131; -1914; 2190; -4163; -4104
vtrace1; -1176; -1535; -4209; -359; -5026; -3850
vtrace1; -125; -1375; -3234; -1250; -2109; -1984
vtrace1; -2342; -2341; -2341; 1; -4684; -2342
vtrace1; 2626; 2704; -2552; 78; -4; -2630
vtrace1; 1; 1299; 1271; 1298; -26; -27
vtrace1; 3378; 6756; 3377; 3378; 3377; -1
vtrace1; 2353; 7488; 6409; 5135; 3627; 1274
vtrace1; 1; 2978; 3317; 2977; 341; 340
vtrace1; 3098; 3106; -7167; 8; -4077; -7175
vtrace1; 2; 2251; 3276; 2249; 1029; 1027
vtrace1; -1; 1332; -550; 1333; -1884; -1883
vtrace1; 0; 1197; 1275; 1197; 78; 78
vtrace1; -202; -1282; -5832; -1080; -4954; -4752
vtrace1; 207; 710; 448; 503; 152; -55
vtrace1; 0; -1089; -3342; -1089; -2253; -2253
vtrace1; 0; 2744; 3322; 2744; 578; 578
vtrace1; 207; 711; 449; 504; 152; -55
vtrace1; -758; 1334; 2033; 2092; -817; -59
vtrace1; 0; 2328; 1828; 2328; -500; -500
vtrace1; -322; 1035; 1577; 1357; -102; 220
vtrace1; 601; 2877; 58; 2276; -1617; -2218
vtrace1; 938; 4866; 5116; 3928; 2126; 1188
vtrace1; 0; 1190; 1190; 1190; 0; 0
vtrace1; -2693; -460; 1434; 2233; -3492; -799
vtrace1; -53; -53; -524; 0; -577; -524
vtrace1; -1; 5643; 6678; 5644; 1033; 1034
vtrace1; 79; 686; 606; 607; 78; -1
vtrace1; -1149; 1194; 2344; 2343; -1148; 1
vtrace1; 990; 3831; 2979; 2841; 1128; 138
vtrace1; 0; 1238; 1238; 1238; 0; 0
vtrace1; -280; 3992; 4272; 4272; -280; 0
vtrace1; 281; 1861; 1580; 1580; 281; 0
vtrace1; 0; 0; -2763; 0; -2763; -2763
vtrace1; -59; -244; -7397; -185; -7271; -7212
vtrace1; 350; 785; 258; 435; 173; -177
vtrace1; 520; 519; -2470; -1; -1949; -2469
vtrace1; 249; 3760; 3838; 3511; 576; 327
vtrace1; 67; 67; -653; 0; -586; -653
vtrace1; -1; 3742; 634; 3743; -3110; -3109
vtrace1; -343; 437; -353; 780; -1476; -1133
vtrace1; 166; 178; -2166; 12; -2012; -2178
vtrace1; 0; 2470; 2658; 2470; 188; 188
vtrace1; 2464; 4602; -465; 2138; -139; -2603
vtrace1; -1; 1935; 1936; 1936; -1; 0
vtrace1; -417; 1075; 1075; 1492; -834; -417
vtrace1; 377; 754; 341; 377; 341; -36
vtrace1; -10; -10; -4061; 0; -4071; -4061
vtrace1; 3251; 6502; 72; 3251; 72; -3179
vtrace1; -2500; -3189; -4985; -689; -6796; -4296
vtrace1; 0; 3138; 4713; 3138; 1575; 1575
vtrace1; -1; -2; -1211; -1; -1211; -1210
vtrace1; 34; 1620; 1242; 1586; -310; -344
vtrace1; 1; -52; -2727; -53; -2673; -2674
vtrace1; -711; -711; -1975; 0; -2686; -1975
vtrace1; 2356; 5607; 973; 3251; 78; -2278
vtrace1; 105; 2844; 555; 2739; -2079; -2184
vtrace1; -292; -293; -943; -1; -1234; -942
vtrace1; -1; 114; 88; 115; -28; -27
vtrace1; 1; 2627; 2626; 2626; 1; 0
vtrace1; -2468; 3717; 6443; 6185; -2210; 258
vtrace1; 2276; 4880; 1101; 2604; 773; -1503
vtrace1; -1; -205; -2673; -204; -2470; -2469
vtrace1; 708; 2295; 1289; 1587; 410; -298
vtrace1; -417; -932; -2880; -515; -2782; -2365
vtrace1; -477; 1238; 1727; 1715; -465; 12
vtrace1; 0; 0; -2703; 0; -2703; -2703
vtrace1; 2285; 8191; 5898; 5906; 2277; -8
vtrace1; 0; 2772; 4002; 2772; 1230; 1230
vtrace1; 191; 382; -7011; 191; -7011; -7202
vtrace1; 4884; 11037; 4602; 6153; 3333; -1551
vtrace1; -387; -266; -206; 121; -714; -327
vtrace1; 676; 1402; -2037; 726; -2087; -2763
vtrace1; 227; 1693; 431; 1466; -808; -1035
vtrace1; -1108; -917; -917; 191; -2216; -1108
vtrace1; -141; 3588; 3530; 3729; -340; -199
vtrace1; 2356; 5494; 3084; 3138; 2302; -54
vtrace1; -2184; 1320; 3504; 3504; -2184; 0
vtrace1; 548; 1670; 840; 1122; 266; -282
vtrace1; 0; 1307; 602; 1307; -705; -705
vtrace1; 2396; 2773; -1752; 377; 267; -2129
vtrace1; 1; 2; -2118; 1; -2118; -2119
vtrace1; 604; 1015; -2593; 411; -2400; -3004
vtrace1; 99; 318; -1320; 219; -1440; -1539
vtrace1; -703; -1406; -3333; -703; -3333; -2630
vtrace1; 1257; 4498; 4144; 3241; 2160; 903
vtrace1; 23; 1586; -2138; 1563; -3678; -3701
vtrace1; 0; 1; -2119; 1; -2120; -2120
vtrace1; 860; 3580; 3216; 2720; 1356; 496
vtrace1; 203; 687; 484; 484; 203; 0
vtrace1; 232; 173; -2200; -59; -1909; -2141
vtrace1; 423; 846; -471; 423; -471; -894
vtrace1; 102; 2056; 3255; 1954; 1403; 1301
vtrace1; -30; 6153; 6182; 6183; -31; -1
vtrace1; 1; 2; -4171; 1; -4171; -4172
vtrace1; 516; 1032; -2593; 516; -2593; -3109
vtrace1; 5046; 6304; -3012; 1258; 776; -4270
vtrace1; 0; 1337; 1332; 1337; -5; -5
vtrace1; 82; 2144; 1933; 2062; -47; -129
vtrace1; 520; 1896; -512; 1376; -1368; -1888
vtrace1; -972; -973; -2325; -1; -3296; -2324
vtrace1; 0; 1293; 1289; 1293; -4; -4
vtrace1; -936; 658; 1588; 1594; -942; -6
vtrace1; 0; -1; -3999; -1; -3998; -3998
vtrace1; -892; -891; -3282; 1; -4175; -3283
vtrace1; -53; 2086; 1408; 2139; -784; -731
vtrace1; 237; 126; -4283; -111; -3935; -4172
vtrace1; 710; 1157; -1404; 447; -1141; -1851
vtrace1; -8; -16; -601; -8; -601; -593
vtrace1; 325; 650; 325; 325; 325; 0
vtrace1; 1; 5; -2125; 4; -2128; -2129
vtrace1; 0; 2610; 2614; 2610; 4; 4
vtrace1; -703; 935; 1401; 1638; -940; -237
vtrace1; -1; 3360; 3362; 3361; 0; 1
vtrace1; 314; 2940; 2431; 2626; 119; -195
vtrace1; 1584; 3494; 1909; 1910; 1583; -1
vtrace1; 0; 2105; 2020; 2105; -85; -85
vtrace1; -5; 2132; 2132; 2137; -10; -5
vtrace1; 0; 0; -2170; 0; -2170; -2170
vtrace1; -201; -402; -1819; -201; -1819; -1618
vtrace1; 5; 2570; 2570; 2565; 10; 5
vtrace1; 1671; 253; -5101; -1418; -2012; -3683
vtrace1; 24; 48; -746; 24; -746; -770
vtrace1; 450; 900; -4499; 450; -4499; -4949
vtrace1; -1; 2090; 2090; 2091; -2; -1
vtrace1; 0; 2023; 2023; 2023; 0; 0
vtrace1; 11; 11; -2097; 0; -2086; -2097
vtrace1; -26; 41; 67; 67; -26; 0
vtrace1; 2806; 2899; -3381; 93; -668; -3474
vtrace1; 0; 2023; 705; 2023; -1318; -1318
vtrace1; 1; 2335; 1984; 2334; -349; -350
vtrace1; 0; 0; -2051; 0; -2051; -2051
vtrace1; 1698; 1698; -2361; 0; -663; -2361
vtrace1; 0; 3138; 2027; 3138; -1111; -1111
vtrace1; 1; 2; -2095; 1; -2095; -2096
vtrace1; 0; 0; -1; 0; -1; -1
vtrace1; -1; 2138; 2138; 2139; -2; -1
vtrace1; 1367; 2734; 1367; 1367; 1367; 0
vtrace1; 7; 7; -11; 0; -4; -11
vtrace1; -500; 537; 1060; 1037; -477; 23
vtrace1; 112; 2182; 1920; 2070; -38; -150
vtrace1; -581; -1162; -2133; -581; -2133; -1552
vtrace1; -583; -243; -105; 340; -1028; -445
vtrace1; 1293; 2586; 1293; 1293; 1293; 0
vtrace1; -1110; -982; -903; 128; -2141; -1031
vtrace1; 1; 2131; 2760; 2130; 631; 630
vtrace1; -1; 10; 10; 11; -2; -1
vtrace1; 2632; 8817; 6185; 6185; 2632; 0
vtrace1; 485; 2034; 1615; 1549; 551; 66
vtrace1; 191; 347; -5086; 156; -5051; -5242
vtrace1; 0; -2120; -6200; -2120; -4080; -4080
vtrace1; 202; 628; 426; 426; 202; 0
vtrace1; 602; 4840; 4122; 4238; 486; -116
vtrace1; -639; 445; -1424; 1084; -3147; -2508
vtrace1; 445; 3071; 954; 2626; -1227; -1672
vtrace1; 121; 2767; 2647; 2646; 122; 1
vtrace1; -1; 16; 16; 17; -2; -1
vtrace1; 7171; 14342; 7159; 7171; 7159; -12
vtrace1; 884; 4800; 582; 3916; -2450; -3334
vtrace1; 2356; 3518; -311; 1162; 883; -1473
vtrace1; -134; -300; -3275; -166; -3243; -3109
vtrace1; -1; -1093; -4775; -1092; -3684; -3683
vtrace1; -86; -172; -1362; -86; -1362; -1276
vtrace1; -298; -266; -1065; 32; -1395; -1097
vtrace1; -1; 1637; -550; 1638; -2189; -2188
vtrace1; -2375; -352; -352; 2023; -4750; -2375
vtrace1; -1; 0; -765; 1; -767; -766
vtrace1; 1213; 2426; -1255; 1213; -1255; -2468
vtrace1; 219; 1613; 1230; 1394; 55; -164
vtrace1; 2218; 4436; 447; 2218; 447; -1771
vtrace1; 209; 418; -828; 209; -828; -1037
vtrace1; -48; 637; 686; 685; -47; 1
vtrace1; 1; -2251; -5569; -2252; -3316; -3317
vtrace1; 0; 0; -1475; 0; -1475; -1475
vtrace1; -606; 2598; 2591; 3204; -1219; -613
vtrace1; -2185; -626; -611; 1559; -4355; -2170
vtrace1; 1189; 1189; -2642; 0; -1453; -2642
vtrace1; 0; 5191; 4786; 5191; -405; -405
vtrace1; 2124; 3145; -691; 1021; 412; -1712
vtrace1; -1075; 2166; 3855; 3241; -461; 614
vtrace1; 593; 6746; 6153; 6153; 593; 0
vtrace1; 281; 2304; -352; 2023; -2094; -2375
vtrace1; 0; 3627; 3420; 3627; -207; -207
vtrace1; 6153; 12306; 6141; 6153; 6141; -12
vtrace1; -3109; -3042; -3042; 67; -6218; -3109
vtrace1; 69; 74; -3472; 5; -3408; -3477
vtrace1; -2780; -2779; -2779; 1; -5560; -2780
vtrace1; -726; 3444; 4170; 4170; -726; 0
vtrace1; 548; 2142; 1530; 1594; 484; -64
vtrace1; -1654; 649; 2412; 2303; -1545; 109
vtrace1; -365; 1868; 1015; 2233; -1583; -1218
vtrace1; -1; 3927; 4129; 3928; 200; 201
vtrace1; -1552; -938; -6588; 614; -8754; -7202
vtrace1; -1571; -511; -511; 1060; -3142; -1571
vtrace1; 33; 2121; 1965; 2088; -90; -123
vtrace1; 1; 667; 656; 666; -9; -10
vtrace1; 1; 636; 657; 635; 23; 22
vtrace1; 1549; 3703; 603; 2154; -2; -1551
vtrace1; 249; 5295; 5295; 5046; 498; 249
vtrace1; 35; 35; -54; 0; -19; -54
vtrace1; 1408; 1372; -4140; -36; -2696; -4104
vtrace1; 0; 66; 65; 66; -1; -1
vtrace1; 792; 937; -2202; 145; -1555; -2347
vtrace1; 340; 3022; -2350; 2682; -4692; -5032
vtrace1; -12; 2671; 1446; 2683; -1249; -1237
vtrace1; 70; 140; -74; 70; -74; -144
vtrace1; -1771; -1151; -942; 620; -3333; -1562
vtrace1; 0; 113; 112; 113; -1; -1
vtrace1; 1; -476; -2095; -477; -1617; -1618
vtrace1; 1238; 5423; 1604; 4185; -1343; -2581
vtrace1; 2354; 2362; -3171; 8; -825; -3179
vtrace1; 0; 1021; -691; 1021; -1712; -1712
vtrace1; -4; 4271; 2146; 4275; -2133; -2129
vtrace1; 1293; 4697; 3512; 3404; 1401; 108
vtrace1; 0; 2589; 1352; 2589; -1237; -1237
vtrace1; 33; 66; -2155; 33; -2155; -2188
vtrace1; 216; 432; -4278; 216; -4278; -4494
vtrace1; -87; 671; 780; 758; -65; 22
vtrace1; 1210; 2804; 827; 1594; 443; -767
vtrace1; -1363; 2015; 3378; 3378; -1363; 0
vtrace1; 660; 1031; -2805; 371; -2516; -3176
vtrace1; 151; 302; -248; 151; -248; -399
vtrace1; 0; 1353; 1354; 1353; 1; 1
vtrace1; 1034; 792; -1857; -242; -581; -1615
vtrace1; 232; 2810; 527; 2578; -1819; -2051
vtrace1; -1024; 2337; 2337; 3361; -2048; -1024
vtrace1; 0; 3525; 5455; 3525; 1930; 1930
vtrace1; 657; 2727; 2069; 2070; 656; -1
vtrace1; -2178; -4356; -9380; -2178; -9380; -7202
vtrace1; 2192; 6919; 4717; 4727; 2182; -10
vtrace1; 1293; 3432; 2161; 2139; 1315; 22
vtrace1; 105; 2332; 2026; 2227; -96; -201
vtrace1; -764; 2830; 2722; 3594; -1636; -872
vtrace1; 209; -430; -3004; -639; -2156; -2365
vtrace1; 0; 1; 0; 1; -1; -1
vtrace1; 1; 3643; 5463; 3642; 1822; 1821
vtrace1; -86; -579; -4096; -493; -3689; -3603
vtrace1; -365; -730; -2537; -365; -2537; -2172
vtrace1; -1097; -2906; -5092; -1809; -4380; -3283
vtrace1; 820; 6464; 5346; 5644; 522; -298
vtrace1; -606; 3407; 4085; 4013; -534; 72
vtrace1; -2103; -2099; -2699; 4; -4806; -2703
vtrace1; 2; 1369; 1367; 1367; 2; 0
vtrace1; 395; -63; -1870; -458; -1017; -1412
vtrace1; 1; 0; -3; -1; -1; -2
vtrace1; 723; 90; -2817; -633; -1461; -2184
vtrace1; 660; 659; -665; -1; -4; -664
vtrace1; 340; 389; -1069; 49; -778; -1118
vtrace1; -1; 0; -2095; 1; -2097; -2096
vtrace1; 1; 88; -113; 87; -199; -200
vtrace1; 3; 2; -6; -1; -2; -5
vtrace1; -10; 2119; 1465; 2129; -674; -664
vtrace1; -1; -1; -2715; 0; -2716; -2715
vtrace1; 1; -558; -2161; -559; -1601; -1602
vtrace1; 0; -3; -2122; -3; -2119; -2119
vtrace1; 1; 4171; 4169; 4170; 0; -1
vtrace1; -1173; -701; -1610; 472; -3255; -2082
vtrace1; -132; 928; 928; 1060; -264; -132
vtrace1; -271; 1579; -1103; 1850; -3224; -2953
vtrace1; 0; -534; -2722; -534; -2188; -2188
vtrace1; -717; 4010; 7020; 4727; 1576; 2293
vtrace1; 2192; 3528; -793; 1336; 63; -2129
vtrace1; -2179; -4358; -9354; -2179; -9354; -7175
vtrace1; 471; 106; -4709; -365; -3873; -4344
vtrace1; 0; -1; -37; -1; -36; -36
vtrace1; 1; 1585; 1337; 1584; -246; -247
vtrace1; 0; 67; 17; 67; -50; -50
vtrace1; -1615; 2570; 5748; 4185; -52; 1563
vtrace1; -1094; 493; 493; 1587; -2188; -1094
vtrace1; 72; 144; -1480; 72; -1480; -1552
vtrace1; 0; 177; -124; 177; -301; -301
vtrace1; 758; 1996; 28; 1238; -452; -1210
vtrace1; 0; 3168; 5522; 3168; 2354; 2354
vtrace1; -1; -2130; -7526; -2129; -5398; -5397
vtrace1; -50; 507; -4173; 557; -4780; -4730
vtrace1; -1; -1; -2129; 0; -2130; -2129
vtrace1; 520; 316; -2673; -204; -1949; -2469
vtrace1; -801; 226; 226; 1027; -1602; -801
vtrace1; 3802; 10076; 6523; 6274; 4051; 249
vtrace1; 0; 5438; 5438; 5438; 0; 0
vtrace1; 1; 2; 0; 1; 0; -1
vtrace1; 0; 0; -2863; 0; -2863; -2863
vtrace1; -6; 820; 820; 826; -12; -6
vtrace1; -559; -457; -4930; 102; -5591; -5032
vtrace1; 0; 316; 24; 316; -292; -292
vtrace1; 12; 24; -1534; 12; -1534; -1546
vtrace1; 2032; 5182; 811; 3150; -307; -2339
vtrace1; -1; 5643; 8285; 5644; 2640; 2641
vtrace1; 0; -10; -2139; -10; -2129; -2129
vtrace1; -1254; 340; 601; 1594; -2247; -993
vtrace1; 0; 25; -139; 25; -164; -164
vtrace1; 1402; 2804; -1411; 1402; -1411; -2813
vtrace1; 1; 2691; 4853; 2690; 2164; 2163
vtrace1; 426; 658; -1909; 232; -1715; -2141
vtrace1; 5192; 10384; 5187; 5192; 5187; -5
vtrace1; 103; 206; 102; 103; 102; -1
vtrace1; -4920; -3371; -3371; 1549; -9840; -4920
vtrace1; -8; 180; -2075; 188; -2271; -2263
vtrace1; -448; -2204; -4387; -1756; -3079; -2631
vtrace1; -2630; -1312; -859; 1318; -4807; -2177
vtrace1; -5; 4879; 4883; 4884; -6; -1
vtrace1; -2645; -2645; -3683; 0; -6328; -3683
vtrace1; 69; 778; -4264; 709; -4904; -4973
vtrace1; 0; -294; -2187; -294; -1893; -1893
vtrace1; 426; 2134; 1677; 1708; 395; -31
vtrace1; 1109; 479; -2635; -630; -896; -2005
vtrace1; -96; 471; 154; 567; -509; -413
vtrace1; 72; 144; 71; 72; 71; -1
vtrace1; 0; 2683; 1446; 2683; -1237; -1237
vtrace1; -116; -115; -115; 1; -232; -116
vtrace1; 1306; 2612; -1449; 1306; -1449; -2755
vtrace1; -305; -692; -2549; -387; -2467; -2162
vtrace1; -365; -120; -1145; 245; -1755; -1390
vtrace1; 0; 738; 764; 738; 26; 26
vtrace1; -243; 386; 366; 629; -506; -263
vtrace1; 138; 6339; 8796; 6201; 2733; 2595
vtrace1; 194; 1260; 1211; 1066; 339; 145
vtrace1; -97; 2194; 2271; 2291; -117; -20
vtrace1; 34; 68; 28; 34; 28; -6
vtrace1; -31; 160; 160; 191; -62; -31
vtrace1; 0; 333; 41; 333; -292; -292
vtrace1; 0; 0; -2244; 0; -2244; -2244
vtrace1; 103; 294; -2918; 191; -3006; -3109
vtrace1; 12; 24; 11; 12; 11; -1
vtrace1; 5135; 10270; 5129; 5135; 5129; -6
vtrace1; 0; 724; 724; 724; 0; 0
vtrace1; 3261; 3108; -5395; -153; -1981; -5242
vtrace1; 685; 3041; 2134; 2356; 463; -222
vtrace1; 628; 3619; 3619; 2991; 1256; 628
vtrace1; 191; 257; -81; 66; 44; -147
vtrace1; -1810; -3983; -8475; -2173; -8112; -6302
vtrace1; -292; 4899; 5225; 5191; -258; 34
vtrace1; 2343; 1631; -5206; -712; -2151; -4494
vtrace1; -2004; 719; 2757; 2723; -1970; 34
vtrace1; -90; 2158; 2248; 2248; -90; 0
vtrace1; -92; -88; -88; 4; -184; -92
vtrace1; 2061; 4122; -3336; 2061; -3336; -5397
vtrace1; -3474; -3381; -3381; 93; -6948; -3474
vtrace1; 2137; 4274; 2136; 2137; 2136; -1
vtrace1; -401; -331; -331; 70; -802; -401
vtrace1; -1; 249; 249; 250; -2; -1
vtrace1; -2174; -35; -35; 2139; -4348; -2174
vtrace1; 8; 9; -4265; 1; -4258; -4266
vtrace1; -21; 2213; 2213; 2234; -42; -21
vtrace1; -10; 780; 45; 790; -755; -745
vtrace1; -6; -12; -692; -6; -692; -686
vtrace1; 1261; 6145; 5005; 4884; 1382; 121
vtrace1; -2172; -1928; -1962; 244; -4378; -2206
vtrace1; 0; 2273; 103; 2273; -2170; -2170
vtrace1; 152; 5036; 6733; 4884; 2001; 1849
vtrace1; -1; 580; -702; 581; -1284; -1283
vtrace1; -1965; 515; 1386; 2480; -3059; -1094
vtrace1; 250; -727; -3043; -977; -1816; -2066
vtrace1; -1681; -344; -1839; 1337; -4857; -3176
vtrace1; -623; -1246; -5650; -623; -5650; -5027
vtrace1; 0; 105; 105; 105; 0; 0
vtrace1; 743; 2543; -830; 1800; -1887; -2630
vtrace1; -1; -2; -6252; -1; -6252; -6251
vtrace1; -1; 2266; 2266; 2267; -2; -1
vtrace1; 6; -299; -882; -305; -571; -577
vtrace1; -134; 1971; 2333; 2105; 94; 228
vtrace1; 1; 6202; 9621; 6201; 3421; 3420
vtrace1; 191; 382; -3032; 191; -3032; -3223
vtrace1; 7; 109; 103; 102; 8; 1
vtrace1; 1609; 3632; 2022; 2023; 1608; -1
vtrace1; 300; 299; -1713; -1; -1412; -1712
vtrace1; 2154; 5130; 2799; 2976; 1977; -177
vtrace1; 494; 2202; 1707; 1708; 493; -1
vtrace1; 325; -19; -1865; -344; -1196; -1521
vtrace1; -795; 1472; 2956; 2267; -106; 689
vtrace1; 657; 6810; 6153; 6153; 657; 0
vtrace1; 417; 2239; 3091; 1822; 1686; 1269
vtrace1; -706; -2188; -4187; -1482; -3411; -2705
vtrace1; -33; 3077; 2925; 3110; -218; -185
vtrace1; -235; 6936; 9203; 7171; 1797; 2032
vtrace1; 0; 164; -137; 164; -301; -301
vtrace1; 1269; 6236; 4992; 4967; 1294; 25
vtrace1; 66; 52; -846; -14; -766; -832
vtrace1; -1321; 800; 800; 2121; -2642; -1321
vtrace1; -1; 86; -3532; 87; -3620; -3619
vtrace1; -228; -2384; -5481; -2156; -3553; -3325
vtrace1; 1; 79; 78; 78; 1; 0
vtrace1; 358; 157; -2528; -201; -1969; -2327
vtrace1; 0; 78; 78; 78; 0; 0
vtrace1; 0; -511; -2192; -511; -1681; -1681
vtrace1; -90; 484; -56; 574; -720; -630
vtrace1; 0; 0; -191; 0; -191; -191
vtrace1; 372; 3992; 2526; 3620; -722; -1094
vtrace1; -1; 187; -808; 188; -997; -996
vtrace1; -3678; 1513; 5191; 5191; -3678; 0
vtrace1; 0; -359; -872; -359; -513; -513
vtrace1; 0; 2130; 2133; 2130; 3; 3
vtrace1; 1034; 6226; 5192; 5192; 1034; 0
vtrace1; 49; 49; -1608; 0; -1559; -1608
vtrace1; 2233; 4606; -1401; 2373; -1541; -3774
vtrace1; 0; 124; 124; 124; 0; 0
vtrace1; 0; 6185; 6187; 6185; 2; 2
vtrace1; -4266; -4075; -4075; 191; -8532; -4266
vtrace1; 520; 1040; -93; 520; -93; -613
vtrace1; 0; 33; -1603; 33; -1636; -1636
vtrace1; 1; 773; 769; 772; -2; -3
vtrace1; 2565; 4712; -2347; 2147; -1929; -4494
vtrace1; 0; 1; 1; 1; 0; 0
vtrace1; 1425; 1398; -2263; -27; -811; -2236
vtrace1; -31; -62; -2150; -31; -2150; -2119
vtrace1; 1; 2; 1; 1; 1; 0
vtrace1; 24; 181; -3612; 157; -3745; -3769
vtrace1; -78; -114; -781; -36; -823; -745
vtrace1; 3106; 6212; 3106; 3106; 3106; 0
vtrace1; 1; 2139; 2139; 2138; 2; 1
vtrace1; 10; 35; -1616; 25; -1631; -1641
vtrace1; 1626; 8797; 7361; 7171; 1816; 190
vtrace1; 77; 2718; 4834; 2641; 2270; 2193
vtrace1; 109; 109; -3591; 0; -3482; -3591
vtrace1; 1505; 1452; -2237; -53; -679; -2184
vtrace1; 1; 2138; 2137; 2137; 1; 0
vtrace1; 0; 5; 5; 5; 0; 0
vtrace1; -12; -24; -2131; -12; -2131; -2119
vtrace1; 557; 3480; 2972; 2923; 606; 49
vtrace1; -1; -2; -6; -1; -6; -5
vtrace1; 2; 2140; 2140; 2138; 4; 2
vtrace1; 0; 732; 93; 732; -639; -639
vtrace1; 0; 93; 93; 93; 0; 0
vtrace1; 244; 488; -362; 244; -362; -606
vtrace1; 488; 335; -2633; -153; -1992; -2480
vtrace1; -2282; -1336; -1336; 946; -4564; -2282
vtrace1; 3; 11; 11; 8; 6; 3
vtrace1; -263; 821; 1084; 1084; -263; 0
vtrace1; 12; 6197; 6185; 6185; 12; 0
vtrace1; 0; 0; -1615; 0; -1615; -1615
vtrace1; 1; 1; -3619; 0; -3618; -3619
vtrace1; -276; -274; -611; 2; -889; -613
vtrace1; -346; 911; 1256; 1257; -347; -1
vtrace1; 557; 5749; 5731; 5192; 1096; 539
vtrace1; -709; 1539; 2217; 2248; -740; -31
vtrace1; -2870; -1552; -4079; 1318; -8267; -5397
vtrace1; 70; 1438; 1438; 1368; 140; 70
vtrace1; 0; 1820; -979; 1820; -2799; -2799
vtrace1; -247; 2363; 4402; 2610; 1545; 1792
vtrace1; -430; 481; 619; 911; -722; -292
vtrace1; -201; -4; -629; 197; -1027; -826
vtrace1; -2036; 4165; 4165; 6201; -4072; -2036
vtrace1; 103; 919; 1430; 816; 717; 614
vtrace1; 615; 615; -2172; 0; -1557; -2172
vtrace1; 2328; 4656; 1828; 2328; 1828; -500
vtrace1; -21; 169; -810; 190; -1021; -1000
vtrace1; 113; 1724; -198; 1611; -1696; -1809
vtrace1; 912; 467; -2449; -445; -1092; -2004
vtrace1; -1; 3391; -2859; 3392; -6252; -6251
vtrace1; 124; -1050; -4330; -1174; -3032; -3156
vtrace1; -2603; 2588; 4825; 5191; -2969; -366
vtrace1; -1; 105; -64; 106; -171; -170
vtrace1; 6; 12; -3613; 6; -3613; -3619
vtrace1; 1; -206; -2907; -207; -2699; -2700
vtrace1; -1; 1935; -2197; 1936; -4134; -4133
vtrace1; -453; 4682; 4682; 5135; -906; -453
vtrace1; 2238; 2347; -2065; 109; 64; -2174
vtrace1; -1; 319; -769; 320; -1090; -1089
vtrace1; -1110; -1380; -5187; -270; -6027; -4917
vtrace1; -27; -1371; -3497; -1344; -2180; -2153
vtrace1; 28; 1379; -2252; 1351; -3575; -3603
vtrace1; 2657; 5807; 974; 3150; 481; -2176
vtrace1; 533; 232; -2801; -301; -1967; -2500
vtrace1; 2343; 4686; -2251; 2343; -2251; -4594
vtrace1; -1; 795; 796; 796; -1; 0
vtrace1; -409; 1995; 631; 2404; -2182; -1773
vtrace1; 0; 229; -1457; 229; -1686; -1686
vtrace1; 484; 968; 481; 484; 481; -3
vtrace1; -639; -145; -2268; 494; -3401; -2762
vtrace1; -793; 3886; 3041; 4679; -2431; -1638
vtrace1; 28; 133; 106; 105; 29; 1
vtrace1; -1689; 1157; 1890; 2846; -2645; -956
vtrace1; -204; 317; 317; 521; -408; -204
vtrace1; 2334; 4668; 1834; 2334; 1834; -500
vtrace1; -204; 316; 316; 520; -408; -204
vtrace1; -1932; 222; -2216; 2154; -6302; -4370
vtrace1; 2092; 2114; -3040; 22; -970; -3062
vtrace1; 1; 2; -1592; 1; -1592; -1593
vtrace1; 578; -1764; -7588; -2342; -4668; -5246
vtrace1; 765; 48; -3015; -717; -1533; -2298
vtrace1; 802; 3491; 2794; 2689; 907; 105
vtrace1; 1490; 2980; 1489; 1490; 1489; -1
vtrace1; -401; -334; -401; 67; -869; -468
vtrace1; -1037; 122; 1264; 1159; -932; 105
vtrace1; 371; 742; -407; 371; -407; -778
vtrace1; -1; 4303; 4304; 4304; -1; 0
vtrace1; 0; 253; 252; 253; -1; -1
vtrace1; 4125; 8250; 4125; 4125; 4125; 0
vtrace1; 471; 1625; 1702; 1154; 1019; 548
vtrace1; -34; 4757; 4981; 4791; 156; 190
vtrace1; 316; 2824; 1878; 2508; -314; -630
vtrace1; 197; -1923; -5168; -2120; -2851; -3048
vtrace1; -1; 4266; 4267; 4267; -1; 0
vtrace1; 0; 629; -2839; 629; -3468; -3468
vtrace1; -2180; 895; -104; 3075; -5359; -3179
vtrace1; 1524; 3048; -1016; 1524; -1016; -2540
vtrace1; 55; -528; -5048; -583; -4410; -4465
vtrace1; -53; 1540; 1592; 1593; -54; -1
vtrace1; 145; 3817; 3443; 3672; -84; -229
vtrace1; 488; 976; 455; 488; 455; -33
vtrace1; 1; 118; 129; 117; 13; 12
vtrace1; -2027; -1278; -1626; 749; -4402; -2375
vtrace1; 2343; 5287; 1266; 2944; 665; -1678
vtrace1; 75; -530; -1596; -605; -916; -991
vtrace1; 0; -793; -2929; -793; -2136; -2136
vtrace1; 28; 152; 125; 124; 29; 1
vtrace1; 1074; 2148; 468; 1074; 468; -606
vtrace1; -1; 3109; 5022; 3110; 1911; 1912
vtrace1; -1635; 620; 1856; 2255; -2034; -399
vtrace1; 0; 2361; 136; 2361; -2225; -2225
vtrace1; 0; 2983; 5558; 2983; 2575; 2575
vtrace1; 36; 828; -986; 792; -1742; -1778
vtrace1; -1; 2191; 2849; 2192; 656; 657
vtrace1; -309; 2797; -513; 3106; -3928; -3619
vtrace1; -628; 4507; 4205; 5135; -1558; -930
vtrace1; -70; 1638; 1638; 1708; -140; -70
vtrace1; 191; -122; -2465; -313; -1961; -2152
vtrace1; 2356; 1004; -6000; -1352; -2292; -4648
vtrace1; 0; 1820; -935; 1820; -2755; -2755
vtrace1; -201; 2936; 3138; 3137; -200; 1
vtrace1; 187; 188; -1038; 1; -852; -1039
vtrace1; -483; 915; -1133; 1398; -3014; -2531
vtrace1; -453; -453; -4494; 0; -4947; -4494
vtrace1; 1; 3733; 6290; 3732; 2559; 2558
vtrace1; 316; 892; 576; 576; 316; 0
vtrace1; -976; -871; -1285; 105; -2366; -1390
vtrace1; -834; 1159; 365; 1993; -2462; -1628
vtrace1; -2172; -2173; -3526; -1; -5697; -3525
vtrace1; 500; 3675; 3175; 3175; 500; 0
vtrace1; 112; 2241; 2154; 2129; 137; 25
vtrace1; -2341; -564; -588; 1777; -4706; -2365
vtrace1; -1127; -2795; -4600; -1668; -4059; -2932
vtrace1; -1750; -1751; -2481; -1; -4230; -2480
vtrace1; -302; 1406; 1909; 1708; -101; 201
vtrace1; -75; 530; 338; 605; -342; -267
vtrace1; 850; 1700; -2373; 850; -2373; -3223
vtrace1; -2711; -611; -242; 2100; -5053; -2342
vtrace1; 11; 1783; 2217; 1772; 456; 445
vtrace1; 1; 3616; 1459; 3615; -2155; -2156
vtrace1; 0; 1436; 1436; 1436; 0; 0
vtrace1; 0; -150; -4322; -150; -4172; -4172
vtrace1; 828; 6412; 5583; 5584; 827; -1
vtrace1; 0; 1625; 2206; 1625; 581; 581
vtrace1; 501; 520; -685; 19; -203; -704
vtrace1; -398; 970; 1285; 1368; -481; -83
vtrace1; 0; -1; -185; -1; -184; -184
vtrace1; -1363; 865; 247; 2228; -3344; -1981
vtrace1; 842; 1443; -324; 601; -83; -925
vtrace1; 805; 805; -1098; 0; -293; -1098
vtrace1; -142; 434; 434; 576; -284; -142
vtrace1; 2355; 2356; -2628; 1; -274; -2629
vtrace1; -78; 3060; 3060; 3138; -156; -78
vtrace1; 614; 1703; 1088; 1089; 613; -1
vtrace1; -2182; -91; -2081; 2091; -6354; -4172
vtrace1; 249; 2311; 1966; 2062; 153; -96
vtrace1; -446; 1787; 2704; 2233; 25; 471
vtrace1; 0; 734; -1641; 734; -2375; -2375
vtrace1; -164; 417; 417; 581; -328; -164
vtrace1; 4673; 6976; -300; 2303; 2070; -2603
vtrace1; 15; 141; 137; 126; 26; 11
vtrace1; 322; 644; -1879; 322; -1879; -2201
vtrace1; -144; 3060; 5817; 3204; 2469; 2613
vtrace1; 25; 2376; 1511; 2351; -815; -840
vtrace1; 340; 341; -558; 1; -219; -559
vtrace1; -365; 1264; 1264; 1629; -730; -365
vtrace1; -1; 3550; 2968; 3551; -584; -583
vtrace1; -1160; 3839; 6882; 4999; 723; 1883
vtrace1; -924; 2186; -4092; 3110; -8126; -7202
vtrace1; 0; 1428; 1537; 1428; 109; 109
vtrace1; 1504; 3008; 1504; 1504; 1504; 0
vtrace1; -1; 1624; 1625; 1625; -1; 0
vtrace1; 132; 2289; 2814; 2157; 789; 657
vtrace1; -213; 900; 1113; 1113; -213; 0
vtrace1; -1154; -2308; -3757; -1154; -3757; -2603
vtrace1; 2306; 4932; 2648; 2626; 2328; 22
vtrace1; -142; 2265; 4564; 2407; 2015; 2157
vtrace1; 0; 1544; 1543; 1544; -1; -1
vtrace1; -2236; -3797; -5473; -1561; -6148; -3912
vtrace1; 1; -10; -1652; -11; -1640; -1641
vtrace1; 0; -1; -1609; -1; -1608; -1608
vtrace1; -3474; -1486; -1486; 1988; -6948; -3474
vtrace1; -1; 2093; 1613; 2094; -482; -481
vtrace1; 1777; 3554; -613; 1777; -613; -2390
vtrace1; 34; 610; 892; 576; 350; 316
vtrace1; 2105; 6226; 3557; 4121; 1541; -564
vtrace1; -1; -1260; -5067; -1259; -3809; -3808
vtrace1; -386; 873; -478; 1259; -2123; -1737
vtrace1; -1247; 943; 2819; 2190; -618; 629
vtrace1; 77; -1195; -3804; -1272; -2455; -2532
vtrace1; 209; 1698; 2769; 1489; 1489; 1280
vtrace1; 1699; 3644; 1944; 1945; 1698; -1
vtrace1; 191; 382; 61; 191; 61; -130
vtrace1; -3321; -3158; -3158; 163; -6642; -3321
vtrace1; 244; 4482; 2056; 4238; -1938; -2182
vtrace1; 192; -640; -2450; -832; -1426; -1618
vtrace1; 387; 2461; 484; 2074; -1203; -1590
vtrace1; 46; -399; -1663; -445; -1172; -1218
vtrace1; -1094; 654; 2007; 1748; -835; 259
vtrace1; -1277; -1086; -1086; 191; -2554; -1277
vtrace1; -2531; -195; 164; 2336; -4703; -2172
vtrace1; -124; 909; 909; 1033; -248; -124
vtrace1; -3015; -6030; -10190; -3015; -10190; -7175
vtrace1; -686; 222; 896; 908; -698; -12
vtrace1; 0; 0; -344; 0; -344; -344
vtrace1; 1; 2239; 2284; 2238; 47; 46
vtrace1; 1908; 3816; -695; 1908; -695; -2603
vtrace1; 0; 4884; 4884; 4884; 0; 0
vtrace1; 159; 5061; 721; 4902; -4022; -4181
vtrace1; 2613; 2679; -3553; 66; -1006; -3619
vtrace1; -1809; -706; 227; 1103; -2685; -876
vtrace1; 0; 0; -346; 0; -346; -346
vtrace1; -1; 2148; 2352; 2149; 202; 203
vtrace1; 1777; 3554; -588; 1777; -588; -2365
vtrace1; 582; 1671; 1088; 1089; 581; -1
vtrace1; 16; -278; -1005; -294; -695; -711
vtrace1; -1; -2; -795; -1; -795; -794
vtrace1; 220; 1352; 22; 1132; -890; -1110
vtrace1; 0; 1368; 1565; 1368; 197; 197
vtrace1; 10; 830; 830; 820; 20; 10
vtrace1; -2277; 4894; 7172; 7171; -2276; 1
vtrace1; 608; -1094; -6273; -1702; -3963; -4571
vtrace1; 1; 977; 968; 976; -7; -8
vtrace1; -226; 4453; 3886; 4679; -1019; -793
vtrace1; 0; 2613; 202; 2613; -2411; -2411
vtrace1; 3; 3; -313; 0; -310; -313
vtrace1; -43; -86; -1551; -43; -1551; -1508
vtrace1; 159; 5061; 730; 4902; -4013; -4172
vtrace1; 128; 256; 32; 128; 32; -96
vtrace1; 484; 1113; -10; 629; -155; -639
vtrace1; -1; 3641; 3643; 3642; 0; 1
vtrace1; -5; -2166; -5024; -2161; -2868; -2863
vtrace1; 2100; 3000; -1736; 900; -536; -2636
vtrace1; 629; 2855; 2355; 2226; 758; 129
vtrace1; -2347; -54; 109; 2293; -4531; -2184
vtrace1; -1; 151; -249; 152; -402; -401
vtrace1; -397; 1896; 115; 2293; -2575; -2178
vtrace1; 168; 413; -1145; 245; -1222; -1390
vtrace1; -1106; 1097; 1956; 2203; -1353; -247
vtrace1; -2635; -535; -1095; 2100; -5830; -3195
vtrace1; -557; 764; -1041; 1321; -2919; -2362
vtrace1; 1588; 2290; -1180; 702; -294; -1882
vtrace1; 860; 3580; 2081; 2720; 221; -639
vtrace1; -937; 2429; 4628; 3366; 325; 1262
vtrace1; 316; 319; -573; 3; -260; -576
vtrace1; -633; 2024; 977; 2657; -2313; -1680
vtrace1; 590; 1278; -852; 688; -950; -1540
vtrace1; 0; 3178; 2993; 3178; -185; -185
vtrace1; -1641; -92; -92; 1549; -3282; -1641
vtrace1; -794; -1588; -3522; -794; -3522; -2728
vtrace1; -204; -2546; -7588; -2342; -5450; -5246
vtrace1; -1; -2096; -4274; -2095; -2180; -2179
vtrace1; -453; -453; -1237; 0; -1690; -1237
vtrace1; 378; 377; -2604; -1; -2225; -2603
vtrace1; 6; 2234; 1622; 2228; -600; -606
vtrace1; 1; 223; 223; 222; 2; 1
vtrace1; 1; 1075; -3059; 1074; -4132; -4133
vtrace1; -863; 490; 465; 1353; -1751; -888
vtrace1; -1; 1723; -906; 1724; -2631; -2630
vtrace1; 0; 4275; 4276; 4275; 1; 1
vtrace1; -612; 1681; 1607; 2293; -1298; -686
vtrace1; -2934; 3219; 7256; 6153; -1831; 1103
vtrace1; 1; -1003; -3068; -1004; -2063; -2064
vtrace1; 0; 614; -1574; 614; -2188; -2188
vtrace1; -413; -557; -3891; -144; -4160; -3747
vtrace1; 1; -694; -3027; -695; -2331; -2332
vtrace1; -3701; -2076; -2076; 1625; -7402; -3701
vtrace1; 986; 6424; 2723; 5438; -1729; -2715
vtrace1; -116; 2212; 2328; 2328; -116; 0
vtrace1; 70; 2425; 2296; 2355; 11; -59
vtrace1; -59; -118; -2244; -59; -2244; -2185
vtrace1; 0; 2192; 2192; 2192; 0; 0
vtrace1; 340; 680; -637; 340; -637; -977
vtrace1; -78; 579; 332; 657; -403; -325
vtrace1; 32; 1026; 993; 994; 31; -1
vtrace1; 1; 873; 1640; 872; 769; 768
vtrace1; 1127; 2154; -2131; 1027; -2031; -3158
vtrace1; 2094; 4271; 2217; 2177; 2134; 40
vtrace1; -418; 50; -1850; 468; -2736; -2318
vtrace1; 320; 1558; 1328; 1238; 410; 90
vtrace1; 1; 1793; 155; 1792; -1636; -1637
vtrace1; -177; -62; -62; 115; -354; -177
vtrace1; -344; 2392; 607; 2736; -2473; -2129
vtrace1; 191; 382; 115; 191; 115; -76
vtrace1; -4937; -1533; -1533; 3404; -9874; -4937
vtrace1; 1310; 2620; 980; 1310; 980; -330
vtrace1; -1583; 568; 568; 2151; -3166; -1583
vtrace1; -2321; -1398; -1398; 923; -4642; -2321
vtrace1; 2356; 2428; -3262; 72; -978; -3334
vtrace1; -329; 1810; 1962; 2139; -506; -177
vtrace1; 1280; 6472; 6472; 5192; 2560; 1280
vtrace1; -78; -23; -232; 55; -365; -287
vtrace1; 2238; 8512; 6264; 6274; 2228; -10
vtrace1; 126; 1710; 1548; 1584; 90; -36
vtrace1; -1; -1391; -3699; -1390; -2310; -2309
vtrace1; 66; 1264; 906; 1198; -226; -292
vtrace1; -1; -148; -2211; -147; -2065; -2064
vtrace1; 281; 5473; 5473; 5192; 562; 281
vtrace1; 40; -1405; -3787; -1445; -2302; -2342
vtrace1; -2468; 910; 3378; 3378; -2468; 0
vtrace1; -1060; -1646; -2668; -586; -3142; -2082
vtrace1; -305; 11; -2059; 316; -2680; -2375
vtrace1; 781; 3899; 2929; 3118; 592; -189
vtrace1; 1351; 2702; -259; 1351; -259; -1610
vtrace1; 34; 68; -352; 34; -352; -386
vtrace1; -458; 5186; 8924; 5644; 2822; 3280
vtrace1; 209; 2303; 2094; 2094; 209; 0
vtrace1; 1; 341; -363; 340; -702; -703
vtrace1; 3163; 6326; 1979; 3163; 1979; -1184
vtrace1; -1557; 1387; 3863; 2944; -638; 919
vtrace1; -1340; 1033; 2362; 2373; -1351; -11
vtrace1; 8; 1557; -1096; 1549; -2637; -2645
vtrace1; -1; 2304; 2305; 2305; -1; 0
vtrace1; -291; 3879; 6780; 4170; 2319; 2610
vtrace1; 191; 382; -1898; 191; -1898; -2089
vtrace1; -1180; -1234; -7229; -54; -8355; -7175
vtrace1; 1; 250; 259; 249; 11; 10
vtrace1; 578; 577; -2245; -1; -1666; -2244
vtrace1; 0; 138; 259; 138; 121; 121
vtrace1; 0; 885; 303; 885; -582; -582
vtrace1; 1; 1703; 3035; 1702; 1334; 1333
vtrace1; -194; -888; -2202; -694; -1702; -1508
vtrace1; -1; -2604; -9778; -2603; -7176; -7175
vtrace1; -12; 1062; 1062; 1074; -24; -12
vtrace1; 1584; 3168; -545; 1584; -545; -2129
vtrace1; 0; 267; 266; 267; -1; -1
vtrace1; 909; 745; -7339; -164; -6266; -7175
vtrace1; 0; 1544; 1547; 1544; 3; 3
vtrace1; 1293; 2119; -2350; 826; -1883; -3176
vtrace1; -1; -753; -2313; -752; -1562; -1561
vtrace1; 1543; 2800; -424; 1257; -138; -1681
vtrace1; -196; 5989; 5989; 6185; -392; -196
vtrace1; 4; 3676; 3676; 3672; 8; 4
vtrace1; -1; 2360; 2361; 2361; -1; 0
vtrace1; 0; 1587; 996; 1587; -591; -591
vtrace1; -4; 2653; 1042; 2657; -1619; -1615
vtrace1; 1197; 4601; 4601; 3404; 2394; 1197
vtrace1; 0; 2094; 3643; 2094; 1549; 1549
vtrace1; 0; 0; -1106; 0; -1106; -1106
vtrace1; 191; 805; 830; 614; 407; 216
vtrace1; 0; 0; -7212; 0; -7212; -7212
vtrace1; 3334; 6073; 1763; 2739; 2358; -976
vtrace1; 66; 406; 337; 340; 63; -3
vtrace1; 1542; 3603; 2061; 2061; 1542; 0
vtrace1; -515; -89; 241; 426; -700; -185
vtrace1; 520; 2391; 1870; 1871; 519; -1
vtrace1; 1; 7403; 6462; 7402; -939; -940
vtrace1; 338; 188; -2602; -150; -2114; -2452
vtrace1; -3; 1731; 1735; 1734; -2; 1
vtrace1; 568; 569; -1552; 1; -985; -1553
vtrace1; -2836; -2824; -3591; 12; -6439; -3603
vtrace1; 2908; 5184; 147; 2276; 779; -2129
vtrace1; 425; -801; -4929; -1226; -3278; -3703
vtrace1; 0; 0; -7175; 0; -7175; -7175
vtrace1; -194; 1625; 2546; 1819; 533; 727
vtrace1; 105; 2812; 1609; 2707; -993; -1098
vtrace1; 244; 244; -1209; 0; -965; -1209
vtrace1; 258; 2346; 748; 2088; -1082; -1340
vtrace1; 0; 418; -1711; 418; -2129; -2129
vtrace1; 1; 1; -7175; 0; -7174; -7175
vtrace1; 417; 738; -4158; 321; -4062; -4479
vtrace1; -1108; 1021; 2137; 2129; -1100; 8
vtrace1; -173; -867; -2202; -694; -1681; -1508
vtrace1; -2122; -1782; -3712; 340; -6174; -4052
vtrace1; -142; -1525; -5649; -1383; -4408; -4266
