vtrace1; I a; I ab; I bc; I b; I ac; I c
vtrace1; 0; 0; 5111; 0; 5111; 5111
vtrace1; -559; -1118; -1118; -559; -1118; -559
vtrace1; 0; -3083; -3083; -3083; 0; 0
vtrace1; 629; 133; 1091; -496; 2216; 1587
vtrace1; -548; -285; 4336; 263; 3525; 4073
vtrace1; -573; -1146; -1146; -573; -1146; -573
vtrace1; -350; 5144; 10988; 5494; 5144; 5494
vtrace1; -1352; -2449; -1096; -1097; -1351; 1
vtrace1; 0; -3089; -3088; -3089; 1; 1
vtrace1; -576; -1152; -1152; -576; -1152; -576
vtrace1; 2354; 91; 33; -2263; 4650; 2296
vtrace1; -711; -1136; -1035; -425; -1321; -610
vtrace1; -16; -2314; -2314; -2298; -32; -16
vtrace1; -2089; 173; 4524; 2262; 173; 2262
vtrace1; -1121; -2298; -1293; -1177; -1237; -116
vtrace1; -3829; -3172; 1314; 657; -3172; 657
vtrace1; -4594; -4594; 0; 0; -4594; 0
vtrace1; 2726; -606; -929; -3332; 5129; 2403
vtrace1; -2178; -4356; -2864; -2178; -2864; -686
vtrace1; -2176; 493; 5338; 2669; 493; 2669
vtrace1; -993; -2147; -2147; -1154; -1986; -993
vtrace1; -1231; -1231; -1231; 0; -2462; -1231
vtrace1; 0; -1276; -2552; -1276; -1276; -1276
vtrace1; -2172; 497; 5338; 2669; 497; 2669
vtrace1; -686; -686; 3811; 0; 3125; 3811
vtrace1; -7212; -14424; -6116; -7212; -6116; 1096
vtrace1; 2192; 15; 1639; -2177; 6008; 3816
vtrace1; -2271; -2271; -220; 0; -2491; -220
vtrace1; 1279; 1193; 1193; -86; 2558; 1279
vtrace1; -4172; -3746; -983; 426; -5581; -1409
vtrace1; -3098; -3088; 20; 10; -3088; 10
vtrace1; -309; 1895; 4762; 2204; 2249; 2558
vtrace1; -2125; -1293; -262; 832; -3219; -1094
vtrace1; -1184; -2368; -1183; -1184; -1183; 1
vtrace1; -247; -2474; -2227; -2227; -247; 0
vtrace1; 377; 754; 2075; 377; 2075; 1698
vtrace1; 2336; 2336; 2736; 0; 5072; 2736
vtrace1; 160; 159; 2227; -1; 2388; 2228
vtrace1; -4266; -4266; 405; 0; -3861; 405
vtrace1; 0; -1546; 3181; -1546; 4727; 4727
vtrace1; 1594; -1036; 3571; -2630; 7795; 6201
vtrace1; -671; 1148; 3787; 1819; 1297; 1968
vtrace1; -613; -1226; -1226; -613; -1226; -613
vtrace1; 77; -2175; -2515; -2252; -186; -263
vtrace1; -367; -2071; -2071; -1704; -734; -367
vtrace1; 0; -445; 3740; -445; 4185; 4185
vtrace1; 26; -3153; -3176; -3179; 29; 3
vtrace1; -1371; -2422; -1051; -1051; -1371; 0
vtrace1; 1; 1104; 2421; 1103; 1319; 1318
vtrace1; 0; 0; 2378; 0; 2378; 2378
vtrace1; 0; -4194; -3851; -4194; 343; 343
vtrace1; -4649; -4600; 155; 49; -4543; 106
vtrace1; 0; -2135; -2445; -2135; -310; -310
vtrace1; -2896; -5792; -235; -2896; -235; 2661
vtrace1; -359; -488; 4109; -129; 3879; 4238
vtrace1; -1750; -3885; -2086; -2135; -1701; 49
vtrace1; -581; -1162; -1162; -581; -1162; -581
vtrace1; 632; 1629; 3844; 997; 3479; 2847
vtrace1; -22; -22; 3110; 0; 3088; 3110
vtrace1; 0; -350; 3796; -350; 4146; 4146
vtrace1; 0; -1226; -2452; -1226; -1226; -1226
vtrace1; -4817; -3838; 317; 979; -5479; -662
vtrace1; -2184; -4684; -2298; -2500; -1982; 202
vtrace1; -1712; -2062; -700; -350; -2062; -350
vtrace1; -633; -1266; -1266; -633; -1266; -633
vtrace1; -242; -1350; -2216; -1108; -1350; -1108
vtrace1; 0; 164; 2349; 164; 2185; 2185
vtrace1; -2204; -2204; -1557; 0; -3761; -1557
vtrace1; 0; 0; 2309; 0; 2309; 2309
vtrace1; 2324; 2324; 2736; 0; 5060; 2736
vtrace1; -586; -1172; -1172; -586; -1172; -586
vtrace1; -581; -1162; -1154; -581; -1154; -573
vtrace1; 0; -1094; -1095; -1094; -1; -1
vtrace1; -3236; -3236; 0; 0; -3236; 0
vtrace1; -170; 247; 2635; 417; 2048; 2218
vtrace1; -2174; -3876; -1701; -1702; -2173; 1
vtrace1; -3179; 63; 5565; 3242; -856; 2323
vtrace1; 0; 0; 2322; 0; 2322; 2322
vtrace1; -3568; -2976; -1595; 592; -5755; -2187
vtrace1; 749; 750; 3731; 1; 4479; 3730
vtrace1; 749; 750; 3729; 1; 4477; 3728
vtrace1; -1184; -2368; -1188; -1184; -1188; -4
vtrace1; 2325; 2391; 2840; 66; 5099; 2774
vtrace1; -1222; -1276; -1276; -54; -2444; -1222
vtrace1; -591; -1182; -1182; -591; -1182; -591
vtrace1; 1; 1104; 2413; 1103; 1311; 1310
vtrace1; 115; 230; 1124; 115; 1124; 1009
vtrace1; 17; 16; 1097; -1; 1115; 1098
vtrace1; 1; 2; 2325; 1; 2325; 2324
vtrace1; -2242; -3205; -962; -963; -2241; 1
vtrace1; -606; -1212; -1212; -606; -1212; -606
vtrace1; -1; -1070; -1069; -1069; -1; 0
vtrace1; 0; 0; 2330; 0; 2330; 2330
vtrace1; 0; 0; 3783; 0; 3783; 3783
vtrace1; -257; -514; 2099; -257; 2099; 2356
vtrace1; 660; -2516; -3188; -3176; 648; -12
vtrace1; 3539; 758; 949; -2781; 7269; 3730
vtrace1; -3202; -3156; 78; 46; -3170; 32
vtrace1; -1873; -2106; -630; -233; -2270; -397
vtrace1; 0; -1032; -1033; -1032; -1; -1
vtrace1; 991; 991; 2090; 0; 3081; 2090
vtrace1; 2154; 1203; 1739; -951; 4844; 2690
vtrace1; 23; 46; 2357; 23; 2357; 2334
vtrace1; -1033; -1033; -1; 0; -1034; -1
vtrace1; 0; 581; 3832; 581; 3251; 3251
vtrace1; 316; 11; 2832; -305; 3453; 3137
vtrace1; -2120; -2485; -476; -365; -2231; -111
vtrace1; -1883; -3766; -2676; -1883; -2676; -793
vtrace1; -2176; -2353; -354; -177; -2353; -177
vtrace1; -2774; -5548; -420; -2774; -420; 2354
vtrace1; -3067; -3303; -236; -236; -3067; 0
vtrace1; -2866; -4604; -1738; -1738; -2866; 0
vtrace1; 747; 1494; 2512; 747; 2512; 1765
vtrace1; 0; 1279; 2558; 1279; 1279; 1279
vtrace1; -4659; -4128; 1506; 531; -3684; 975
vtrace1; -3126; -3333; 839; -207; -2080; 1046
vtrace1; 0; -1314; -2536; -1314; -1222; -1222
vtrace1; -1023; -938; 3537; 85; 2429; 3452
vtrace1; -12; 1626; 3276; 1638; 1626; 1638
vtrace1; -3223; -3191; 64; 32; -3191; 32
vtrace1; -2330; -3455; -2853; -1125; -4058; -1728
vtrace1; 450; -1173; -2221; -1623; -148; -598
vtrace1; -452; -4436; -3985; -3984; -453; -1
vtrace1; 192; 384; 3689; 192; 3689; 3497
vtrace1; -2872; -6086; -2312; -3214; -1970; 902
vtrace1; -2179; -4358; -1578; -2179; -1578; 601
vtrace1; -82; -1343; -2522; -1261; -1343; -1261
vtrace1; -1029; -918; 2205; 111; 1065; 2094
vtrace1; 346; 329; 2175; -17; 2538; 2192
vtrace1; -1047; -3190; -2072; -2143; -976; 71
vtrace1; 909; -1220; -2127; -2129; 911; 2
vtrace1; 1; -3312; -3313; -3313; 1; 0
vtrace1; -1018; -2744; -3531; -1726; -2823; -1805
vtrace1; 1627; 1626; 1626; -1; 3254; 1627
vtrace1; -477; -588; 4261; -111; 3895; 4372
vtrace1; 63; -785; 2359; -848; 3270; 3207
vtrace1; 2285; 111; 180; -2174; 4639; 2354
vtrace1; -686; -2366; -1141; -1680; -147; 539
vtrace1; -3083; -3659; -706; -576; -3213; -130
vtrace1; -539; -1057; -1182; -518; -1203; -664
vtrace1; -2269; -2190; -219; 79; -2567; -298
vtrace1; -147; -294; 3404; -147; 3404; 3551
vtrace1; -310; -243; 4188; 67; 3811; 4121
vtrace1; -1925; -3850; -3850; -1925; -3850; -1925
vtrace1; -1158; -941; 4353; 217; 2978; 4136
vtrace1; -2747; -2748; -450; -1; -3196; -449
vtrace1; -399; -2668; -2096; -2269; -226; 173
vtrace1; 377; 1491; 2822; 1114; 2085; 1708
vtrace1; 0; -3202; -3201; -3202; 1; 1
vtrace1; -2055; -1091; 964; 964; -2055; 0
vtrace1; -1681; -2377; -69; -696; -1054; 627
vtrace1; 202; -3464; -3364; -3666; 504; 302
vtrace1; -3454; -3205; 249; 249; -3454; 0
vtrace1; -2176; -2306; -260; -130; -2306; -130
vtrace1; -164; -1374; -2318; -1210; -1272; -1108
vtrace1; -451; -2843; -4784; -2392; -2843; -2392
vtrace1; -1151; -2926; -3550; -1775; -2926; -1775
vtrace1; -2178; -4356; -1564; -2178; -1564; 614
vtrace1; -4705; -4705; 0; 0; -4705; 0
vtrace1; -2540; -2554; -14; -14; -2540; 0
vtrace1; -1; 5659; 11320; 5660; 5659; 5660
vtrace1; 0; -3677; -4580; -3677; -903; -903
vtrace1; 1; -2477; -2488; -2478; -9; -10
vtrace1; -1742; -3922; -2072; -2180; -1634; 108
vtrace1; -141; -2469; -2328; -2328; -141; 0
vtrace1; -1570; -1212; 4103; 358; 2175; 3745
vtrace1; -618; 1141; 3089; 1759; 712; 1330
vtrace1; -1058; -3966; -2908; -2908; -1058; 0
vtrace1; 110; 220; 3832; 110; 3832; 3722
vtrace1; 1; 1; 1060; 0; 1061; 1060
vtrace1; 191; 382; 2345; 191; 2345; 2154
vtrace1; -2176; -4352; 962; -2176; 962; 3138
vtrace1; 1; 3; 1062; 2; 1061; 1060
vtrace1; -2428; -2667; -239; -239; -2428; 0
vtrace1; -2699; -5108; -2549; -2409; -2839; -140
vtrace1; -314; 956; 4325; 1270; 2741; 3055
vtrace1; 1011; 2022; 3621; 1011; 3621; 2610
vtrace1; -3131; -3131; 590; 0; -2541; 590
vtrace1; 3150; 1960; 842; -1190; 5182; 2032
vtrace1; -1; 376; 2670; 377; 2292; 2293
vtrace1; 2494; 1605; 2759; -889; 6142; 3648
vtrace1; -343; -1453; -2220; -1110; -1453; -1110
vtrace1; -3468; -4199; 282; -731; -2455; 1013
vtrace1; -3109; -6218; -6218; -3109; -6218; -3109
vtrace1; -345; -933; 3572; -588; 3815; 4160
vtrace1; 1; 1; 1073; 0; 1074; 1073
vtrace1; 0; 0; 1073; 0; 1073; 1073
vtrace1; 87; 174; 2443; 87; 2443; 2356
vtrace1; -4730; -4729; 2; 1; -4729; 1
vtrace1; -2171; -3359; -401; -1188; -1384; 787
vtrace1; -2263; -3299; -996; -1036; -2223; 40
vtrace1; -1449; -612; 3320; 837; 1034; 2483
vtrace1; 2293; 87; 282; -2206; 4781; 2488
vtrace1; -3512; -1874; 6773; 1638; 1623; 5135
vtrace1; -1; -1038; -1038; -1037; -2; -1
vtrace1; -2392; -2918; -2918; -526; -4784; -2392
vtrace1; 72; 198; 2482; 126; 2428; 2356
vtrace1; 0; 0; 1043; 0; 1043; 1043
vtrace1; 0; 1546; 3092; 1546; 1546; 1546
vtrace1; 1380; 1380; 1819; 0; 3199; 1819
vtrace1; 1681; 1638; 1601; -43; 3325; 1644
vtrace1; 1147; 1213; 1434; 66; 2515; 1368
vtrace1; -1041; -1042; -2; -1; -1042; -1
vtrace1; -2242; -2626; -384; -384; -2242; 0
vtrace1; -2171; -3347; -389; -1176; -1384; 787
vtrace1; 6; 12; 1040; 6; 1040; 1034
vtrace1; -409; 1396; 3610; 1805; 1396; 1805
vtrace1; -3042; -6084; -3042; -3042; -3042; 0
vtrace1; 0; -996; 1133; -996; 2129; 2129
vtrace1; -1390; -2608; -1219; -1218; -1391; -1
vtrace1; -1; -1722; -3227; -1721; -1507; -1506
vtrace1; -356; -1224; -1573; -868; -1061; -705
vtrace1; -1725; -4807; -2083; -3082; -726; 999
vtrace1; 282; -168; 4277; -450; 5009; 4727
vtrace1; -2230; 460; 5380; 2690; 460; 2690
vtrace1; -194; -1831; 4007; -1637; 5450; 5644
vtrace1; 2121; 933; 1138; -1188; 4447; 2326
vtrace1; -2178; -2310; -379; -132; -2425; -247
vtrace1; -2480; -2488; -16; -8; -2488; -8
vtrace1; 1; 2; 2512; 1; 2512; 2511
vtrace1; 0; -1632; -3264; -1632; -1632; -1632
vtrace1; -1074; -1506; -1506; -432; -2148; -1074
vtrace1; -2082; -1875; 3317; 207; 1028; 3110
vtrace1; -2894; -4010; -1116; -1116; -2894; 0
vtrace1; -848; -1094; -1094; -246; -1696; -848
vtrace1; -2968; -5936; -2967; -2968; -2967; 1
vtrace1; -2989; -5978; -2988; -2989; -2988; 1
vtrace1; -2089; -4178; -495; -2089; -495; 1594
vtrace1; 0; -4668; -4636; -4668; 32; 32
vtrace1; 0; -958; 1157; -958; 2115; 2115
vtrace1; -130; -2492; -3073; -2362; -841; -711
vtrace1; -3189; -6378; -846; -3189; -846; 2343
vtrace1; -2342; -3252; -910; -910; -2342; 0
vtrace1; -1458; -937; 4623; 521; 2644; 4102
vtrace1; -279; -3894; -3615; -3615; -279; 0
vtrace1; -1; -1562; -3122; -1561; -1562; -1561
vtrace1; -1897; -3207; -1311; -1310; -1898; -1
vtrace1; -54; -6244; -10710; -6190; -4574; -4520
vtrace1; 1198; 1051; 1394; -147; 2739; 1541
vtrace1; -2176; -2789; -1226; -613; -2789; -613
vtrace1; 0; 0; 2486; 0; 2486; 2486
vtrace1; -735; -2106; -1197; -1371; -561; 174
vtrace1; -4172; -8344; -6638; -4172; -6638; -2466
vtrace1; -1925; -3850; -2569; -1925; -2569; -644
vtrace1; -996; -926; 2183; 70; 1117; 2113
vtrace1; -59; -2380; -2517; -2321; -255; -196
vtrace1; -4494; -5205; 1960; -711; -1823; 2671
vtrace1; -365; -4405; -3620; -4040; 55; 420
vtrace1; -2176; -2749; -1146; -573; -2749; -573
vtrace1; 0; 963; 3259; 963; 2296; 2296
vtrace1; -1154; -1298; -1298; -144; -2308; -1154
vtrace1; -389; -1837; -2190; -1448; -1131; -742
vtrace1; -2051; -3315; -1210; -1264; -1997; 54
vtrace1; -1473; -1028; 6719; 445; 4801; 6274
vtrace1; 0; -1173; -1237; -1173; -64; -64
vtrace1; -3329; -3329; 1; 0; -3328; 1
vtrace1; -170; -2669; -2498; -2499; -169; 1
vtrace1; 57; -1486; -2641; -1543; -1041; -1098
vtrace1; 827; -1327; -2153; -2154; 828; 1
vtrace1; -4643; -3270; 1373; 1373; -4643; 0
vtrace1; -2500; -3485; -769; -985; -2284; 216
vtrace1; 2356; 184; 184; -2172; 4712; 2356
vtrace1; 959; -1383; -3502; -2342; -201; -1160
vtrace1; -2489; -3480; -846; -991; -2344; 145
vtrace1; -150; -138; 3461; 12; 3299; 3449
vtrace1; -667; 1077; 3318; 1744; 907; 1574
vtrace1; -2245; -4973; -2348; -2728; -1865; 380
vtrace1; 35; 35; 2488; 0; 2523; 2488
vtrace1; -1173; -1169; -8; 4; -1185; -12
vtrace1; -3563; -3976; -413; -413; -3563; 0
vtrace1; 799; 1598; 3775; 799; 3775; 2976
vtrace1; -3342; -3308; 68; 34; -3308; 34
vtrace1; -3176; -6352; -6352; -3176; -6352; -3176
vtrace1; -3675; -4793; -1005; -1118; -3562; 113
vtrace1; -17; -1247; -1230; -1230; -17; 0
vtrace1; 2565; 1019; 29; -1546; 4140; 1575
vtrace1; 264; 430; 2309; 166; 2407; 2143
vtrace1; -2321; -2680; -272; -359; -2234; 87
vtrace1; -2505; -2505; -836; 0; -3341; -836
vtrace1; -2657; -3319; -662; -662; -2657; 0
vtrace1; -4920; -5771; 1643; -851; -2426; 2494
vtrace1; -2422; -2423; -1603; -1; -4024; -1602
vtrace1; -257; -257; 4902; 0; 4645; 4902
vtrace1; -3850; -3763; -113; 87; -4050; -200
vtrace1; -631; -2192; -2671; -1561; -1741; -1110
vtrace1; 0; -1244; -1260; -1244; -16; -16
vtrace1; -2253; -2814; -369; -561; -2061; 192
vtrace1; 0; -2444; -3305; -2444; -861; -861
vtrace1; -4920; -6538; -6538; -1618; -9840; -4920
vtrace1; -1154; -2308; -2772; -1154; -2772; -1618
vtrace1; -1098; -2196; -141; -1098; -141; 957
vtrace1; -2282; -2282; -453; 0; -2735; -453
vtrace1; -1176; -1176; -1; 0; -1177; -1
vtrace1; -132; -2632; -2499; -2500; -131; 1
vtrace1; -831; -1025; -388; -194; -1025; -194
vtrace1; 0; 0; 3931; 0; 3931; 3931
vtrace1; -2674; -3401; -726; -727; -2673; 1
vtrace1; 516; -2187; -3744; -2703; -525; -1041
vtrace1; -387; -387; 5046; 0; 4659; 5046
vtrace1; -1283; -2566; -2566; -1283; -2566; -1283
vtrace1; 1491; 505; 1163; -986; 3640; 2149
vtrace1; 0; 106; 2611; 106; 2505; 2505
vtrace1; -287; 1106; 3647; 1393; 1967; 2254
vtrace1; -571; -2747; -2747; -2176; -1142; -571
vtrace1; -3692; -4540; 331; -848; -2513; 1179
vtrace1; 205; -1176; -2158; -1381; -572; -777
vtrace1; -4494; -4947; -830; -453; -4871; -377
vtrace1; 1330; 1330; 2607; 0; 3937; 2607
vtrace1; -2603; -5206; 648; -2603; 648; 3251
vtrace1; 2070; 1846; 1846; -224; 4140; 2070
vtrace1; 228; 285; 2412; 57; 2583; 2355
vtrace1; -2202; -4475; -480; -2273; -409; 1793
vtrace1; 1; 1545; 3899; 1544; 2356; 2355
vtrace1; -1739; -3983; -2290; -2244; -1785; -46
vtrace1; -2797; -3036; -528; -239; -3086; -289
vtrace1; -2425; -3483; -901; -1058; -2268; 157
vtrace1; 1; 1; 1257; 0; 1258; 1257
vtrace1; -2179; -1459; 6873; 720; 3974; 6153
vtrace1; -1116; -1232; -232; -116; -1232; -116
vtrace1; -2631; -4886; -680; -2255; -1056; 1575
vtrace1; -3937; -4001; -100; -64; -3973; -36
vtrace1; 0; -5397; -3246; -5397; 2151; 2151
vtrace1; 2356; 292; 292; -2064; 4712; 2356
vtrace1; 63; 55; 2674; -8; 2745; 2682
vtrace1; -3774; -4204; 1803; -430; -1541; 2233
vtrace1; 40; -2278; -3998; -2318; -1640; -1680
vtrace1; -1318; -1318; -1318; 0; -2636; -1318
vtrace1; -2234; -2235; -1703; -1; -3936; -1702
vtrace1; -2711; -2714; -1269; -3; -3977; -1266
vtrace1; -1; -2615; -2614; -2614; -1; 0
vtrace1; -1300; 1134; 4683; 2434; 949; 2249
vtrace1; -630; -1316; -1389; -686; -1333; -703
vtrace1; -894; -2787; -3941; -1893; -2942; -2048
vtrace1; -1125; -1494; -1618; -369; -2374; -1249
vtrace1; 0; -248; 3278; -248; 3526; 3526
vtrace1; 67; 62; 2573; -5; 2645; 2578
vtrace1; -1151; -1342; -191; -191; -1151; 0
vtrace1; 0; 0; 1234; 0; 1234; 1234
vtrace1; -2180; -2583; -1703; -403; -3480; -1300
vtrace1; 826; 1652; 3844; 826; 3844; 3018
vtrace1; 0; 1343; 3969; 1343; 2626; 2626
vtrace1; -1190; -1639; 4518; -449; 3777; 4967
vtrace1; -169; 6016; 12370; 6185; 6016; 6185
vtrace1; -2620; -2620; -50; 0; -2670; -50
vtrace1; -2158; -4316; -1920; -2158; -1920; 238
vtrace1; -226; -2692; -2465; -2466; -225; 1
vtrace1; -152; -1342; -1151; -1190; -113; 39
vtrace1; 377; 12; 1613; -365; 2355; 1978
vtrace1; -1390; -1390; -1390; 0; -2780; -1390
vtrace1; -1; 1292; 2586; 1293; 1292; 1293
vtrace1; -2176; -4352; -627; -2176; -627; 1549
vtrace1; -309; 1984; 5032; 2293; 2430; 2739
vtrace1; -1901; -2971; -2140; -1070; -2971; -1070
vtrace1; -2176; -4352; -632; -2176; -632; 1544
vtrace1; -224; -2392; -2518; -2168; -574; -350
vtrace1; 67; 212; 1223; 145; 1145; 1078
vtrace1; -452; -2207; -2207; -1755; -904; -452
vtrace1; -239; -399; 2235; -160; 2156; 2395
vtrace1; -531; 8; 1078; 539; 8; 539
vtrace1; 1; 2; 2658; 1; 2658; 2657
vtrace1; -3364; -3277; 86; 87; -3365; -1
vtrace1; -130; 45; 2816; 175; 2511; 2641
vtrace1; 0; 814; 3349; 814; 2535; 2535
vtrace1; 117; 202; 2591; 85; 2623; 2506
vtrace1; 321; 228; 2387; -93; 2801; 2480
vtrace1; -350; -350; 5084; 0; 4734; 5084
vtrace1; -2481; -2482; -208; -1; -2688; -207
vtrace1; -1801; -1618; -182; 183; -2166; -365
vtrace1; 145; 173; 1115; 28; 1232; 1087
vtrace1; -4296; -1953; 923; 2343; -5716; -1420
vtrace1; 1644; 420; 1066; -1224; 3934; 2290
vtrace1; 166; 194; 1115; 28; 1253; 1087
vtrace1; -2471; 34; 3133; 2505; -1843; 628
vtrace1; 166; 747; 3207; 581; 2792; 2626
vtrace1; 622; 63; 63; -559; 1244; 622
vtrace1; -1935; -2602; -1334; -667; -2602; -667
vtrace1; -1960; -1960; -113; 0; -2073; -113
vtrace1; -3457; -10859; -7403; -7402; -3458; -1
vtrace1; 0; -4744; -4744; -4744; 0; 0
vtrace1; 772; -1346; -2119; -2118; 771; -1
vtrace1; 805; 805; 2486; 0; 3291; 2486
vtrace1; 614; 1228; 10996; 614; 10996; 10382
vtrace1; 109; -2521; -2097; -2630; 642; 533
vtrace1; 1; -4743; -4743; -4744; 2; 1
vtrace1; -1801; -1604; -168; 197; -2166; -365
vtrace1; 0; -1712; -3424; -1712; -1712; -1712
vtrace1; -2177; -1064; 867; 1113; -2423; -246
vtrace1; 829; 1658; 2506; 829; 2506; 1677
vtrace1; 70; 1671; 3287; 1601; 1756; 1686
vtrace1; 55; -2101; -2155; -2156; 56; 1
vtrace1; -453; -3629; -3629; -3176; -906; -453
vtrace1; -1384; -2768; -2768; -1384; -2768; -1384
vtrace1; 1704; 1588; 1588; -116; 3408; 1704
vtrace1; -827; -1654; -1191; -827; -1191; -364
vtrace1; 46; -2130; -2130; -2176; 92; 46
vtrace1; -2174; -3424; -1914; -1250; -2838; -664
vtrace1; 909; 987; 3823; 78; 4654; 3745
vtrace1; 8; -2159; -2159; -2167; 16; 8
vtrace1; 1; -2313; -3983; -2314; -1668; -1669
vtrace1; 2361; 4712; 8536; 2351; 8546; 6185
vtrace1; -3511; -4172; 1532; -661; -1318; 2193
vtrace1; 1; -2597; -2065; -2598; 534; 533
vtrace1; -2171; -2219; 831; -48; -1292; 879
vtrace1; 316; 356; 2408; 40; 2684; 2368
vtrace1; -4493; -8986; -8986; -4493; -8986; -4493
vtrace1; 0; 157; 2687; 157; 2530; 2530
vtrace1; -3424; -3602; 11; -178; -3235; 189
vtrace1; -1352; -2704; -2704; -1352; -2704; -1352
vtrace1; -525; -526; 2638; -1; 2114; 2639
vtrace1; 516; 516; 2087; 0; 2603; 2087
vtrace1; -144; -288; 2212; -144; 2212; 2356
vtrace1; -2630; -3740; -744; -1110; -2264; 366
vtrace1; -2120; -7362; -2000; -5242; 1122; 3242
vtrace1; 2485; 1552; 1552; -933; 4970; 2485
vtrace1; -2180; -2310; 961; -130; -1089; 1091
vtrace1; -3044; -5825; 947; -2781; 684; 3728
vtrace1; -3004; -1766; -308; 1238; -4550; -1546
vtrace1; -2164; -2164; 0; 0; -2164; 0
vtrace1; -3044; -5825; 949; -2781; 686; 3730
vtrace1; -339; -2436; -3061; -2097; -1303; -964
vtrace1; 1; 2; 2566; 1; 2566; 2565
vtrace1; -1234; -1240; -12; -6; -1240; -6
vtrace1; 0; -2166; -2166; -2166; 0; 0
vtrace1; -2471; -4942; -251; -2471; -251; 2220
vtrace1; -2062; -2062; 0; 0; -2062; 0
vtrace1; -2170; -2170; 0; 0; -2170; 0
vtrace1; 1; 107; 1334; 106; 1229; 1228
vtrace1; -3746; -3745; 361; 1; -3386; 360
vtrace1; -2635; -5270; -6254; -2635; -6254; -3619
vtrace1; -8; -2611; -2611; -2603; -16; -8
vtrace1; -4296; -1494; 7788; 2802; 690; 4986
vtrace1; 1; 0; 1317; -1; 1319; 1318
vtrace1; -1366; -2732; -1402; -1366; -1402; -36
vtrace1; 1; 2; 2617; 1; 2617; 2616
vtrace1; -880; 229; 2218; 1109; 229; 1109
vtrace1; -2725; -2470; 765; 255; -2215; 510
vtrace1; -2135; -2080; 110; 55; -2080; 55
vtrace1; 0; 1422; 4032; 1422; 2610; 2610
vtrace1; 426; -1143; -1129; -1569; 866; 440
vtrace1; -1609; -2456; -397; -847; -1159; 450
vtrace1; 560; 560; 2087; 0; 2647; 2087
vtrace1; 574; -2217; -1366; -2791; 1999; 1425
vtrace1; 0; 191; 4076; 191; 3885; 3885
vtrace1; -2480; -3838; -233; -1358; -1355; 1125
vtrace1; -5452; -5453; -5453; -1; -10904; -5452
vtrace1; -152; -1096; -1156; -944; -364; -212
vtrace1; -350; -350; 5046; 0; 4696; 5046
vtrace1; 0; -1284; -1285; -1284; -1; -1
vtrace1; -1032; -2205; -1618; -1173; -1477; -445
vtrace1; 727; 1150; 1969; 423; 2273; 1546
vtrace1; 7; 4725; 10903; 4718; 6192; 6185
vtrace1; -2121; -2121; 0; 0; -2121; 0
vtrace1; 685; -1483; 4017; -2168; 6870; 6185
vtrace1; -2176; -2073; 206; 103; -2073; 103
vtrace1; -1164; -1341; -166; -177; -1153; 11
vtrace1; -1250; -1397; -147; -147; -1250; 0
vtrace1; 1749; 1679; 3020; -70; 4839; 3090
vtrace1; -1691; -4818; -1689; -3127; -253; 1438
vtrace1; -709; 1761; 4818; 2470; 1639; 2348
vtrace1; 2354; -997; -997; -3351; 4708; 2354
vtrace1; 602; 602; 2739; 0; 3341; 2739
vtrace1; -2178; -1295; 884; 883; -2177; 1
vtrace1; -2060; -1297; 764; 763; -2059; 1
vtrace1; -2129; -2129; 0; 0; -2129; 0
vtrace1; -2180; -2156; 48; 24; -2156; 24
vtrace1; 11; 8; 1285; -3; 1299; 1288
vtrace1; -177; -1403; -1203; -1226; -154; 23
vtrace1; 156; 724; 3209; 568; 2797; 2641
vtrace1; -5137; -4935; 404; 202; -4935; 202
vtrace1; 1685; 1684; 1684; -1; 3370; 1685
vtrace1; -653; -3347; -2694; -2694; -653; 0
vtrace1; 2356; -865; -993; -3221; 4584; 2228
vtrace1; -2119; -3213; 756; -1094; -269; 1850
vtrace1; -2178; -2156; 44; 22; -2156; 22
vtrace1; -1972; -4054; -1422; -2082; -1312; 660
vtrace1; -1605; 233; 3676; 1838; 233; 1838
vtrace1; 1772; 1771; 1771; -1; 3544; 1772
vtrace1; 250; -2092; -2302; -2342; 290; 40
vtrace1; 1; -3524; -3524; -3525; 2; 1
vtrace1; 0; -33; -66; -33; -33; -33
vtrace1; 0; -3525; -3525; -3525; 0; 0
vtrace1; -2104; -2804; -1293; -700; -2697; -593
vtrace1; 209; 1527; 3959; 1318; 2850; 2641
vtrace1; -1546; -3092; -465; -1546; -465; 1081
vtrace1; 2192; 1866; 1866; -326; 4384; 2192
vtrace1; -2162; 144; 4174; 2306; -294; 1868
vtrace1; -2179; -2053; 252; 126; -2053; 126
vtrace1; -2041; -2041; -1532; 0; -3573; -1532
vtrace1; 2354; 272; 8559; -2082; 12995; 10641
vtrace1; 49; 951; 3400; 902; 2547; 2498
vtrace1; -785; -1210; -1210; -425; -1570; -785
vtrace1; 1989; 116; 116; -1873; 3978; 1989
vtrace1; -3580; -3580; 1; 0; -3579; 1
vtrace1; -633; -2274; -1515; -1641; -507; 126
vtrace1; -2178; -2057; 242; 121; -2057; 121
vtrace1; -653; 96; 1498; 749; 96; 749
vtrace1; -991; -1400; -1713; -409; -2295; -1304
vtrace1; 46; -2133; -2133; -2179; 92; 46
vtrace1; -2145; -2144; -711; 1; -2857; -712
vtrace1; 630; 862; 2842; 232; 3240; 2610
vtrace1; -1788; -1788; 3168; 0; 1380; 3168
vtrace1; 0; -4194; -1450; -4194; 2744; 2744
vtrace1; 749; -2813; -3561; -3562; 750; 1
vtrace1; 0; 195; 2709; 195; 2514; 2514
vtrace1; -1; -1; 2154; 0; 2153; 2154
vtrace1; -2262; -2447; -510; -185; -2587; -325
vtrace1; -3591; -6221; -5260; -2630; -6221; -2630
vtrace1; -3188; -3101; 392; 87; -2883; 305
vtrace1; -2178; -2167; 22; 11; -2167; 11
vtrace1; 557; 1767; 3564; 1210; 2911; 2354
vtrace1; 0; 0; 1347; 0; 1347; 1347
vtrace1; -2956; -2254; 242; 702; -3416; -460
vtrace1; -664; -1328; -1328; -664; -1328; -664
vtrace1; 0; -1099; -1458; -1099; -359; -359
vtrace1; -2179; -2171; 16; 8; -2171; 8
vtrace1; -649; -1298; -1298; -649; -1298; -649
vtrace1; 1489; 1359; 1359; -130; 2978; 1489
vtrace1; -686; -1372; -1372; -686; -1372; -686
vtrace1; -2500; -2422; 400; 78; -2178; 322
vtrace1; -4917; -4917; 23; 0; -4894; 23
vtrace1; -2425; -2834; -360; -409; -2376; 49
vtrace1; -1154; -2147; -992; -993; -1153; 1
vtrace1; -699; -2036; 1461; -1337; 2099; 2798
vtrace1; -2734; -2788; -54; -54; -2734; 0
vtrace1; 817; 817; 2672; 0; 3489; 2672
vtrace1; 0; 1362; 2724; 1362; 1362; 1362
vtrace1; -1482; -3666; -2629; -2184; -1927; -445
vtrace1; -4155; -2832; 1323; 1323; -4155; 0
vtrace1; 367; 367; 1098; 0; 1465; 1098
vtrace1; -3538; -3538; 0; 0; -3538; 0
vtrace1; -2704; -2705; -1; -1; -2704; 0
vtrace1; -2214; -2088; 126; 126; -2214; 0
vtrace1; 26; -1710; -2243; -1736; -481; -507
vtrace1; -2773; 3380; 12306; 6153; 3380; 6153
vtrace1; -3567; -3521; 92; 46; -3521; 46
vtrace1; -631; -630; 4086; 1; 3454; 4085
vtrace1; 0; 0; 1323; 0; 1323; 1323
vtrace1; -1; 54; 110; 55; 54; 55
vtrace1; 197; 394; 1254; 197; 1254; 1057
vtrace1; 70; 570; 2149; 500; 1719; 1649
vtrace1; -2956; -2864; -484; 92; -3532; -576
vtrace1; -1250; -3870; -2232; -2620; -862; 388
vtrace1; 519; -2884; -3403; -3403; 519; 0
vtrace1; -2129; 214; 4885; 2343; 413; 2542
vtrace1; -2392; -2392; -451; 0; -2843; -451
vtrace1; -670; -5458; -9576; -4788; -5458; -4788
vtrace1; -92; -184; 3528; -92; 3528; 3620
vtrace1; -36; 69; 2175; 105; 2034; 2070
vtrace1; -1300; -2739; -1438; -1439; -1299; 1
vtrace1; -1098; -1725; -1725; -627; -2196; -1098
vtrace1; 1698; 1698; 1698; 0; 3396; 1698
vtrace1; 0; 0; 1368; 0; 1368; 1368
vtrace1; 0; -2781; -3485; -2781; -704; -704
vtrace1; 322; 644; 2459; 322; 2459; 2137
vtrace1; -150; -1268; -1265; -1118; -297; -147
vtrace1; -631; -1673; -2084; -1042; -1673; -1042
vtrace1; -1788; -1788; 3119; 0; 1331; 3119
vtrace1; 122; -1164; -1454; -1286; -46; -168
vtrace1; -466; -2681; -3725; -2215; -1976; -1510
vtrace1; -4; -117; -113; -113; -4; 0
vtrace1; -1395; -1396; -2; -1; -1396; -1
vtrace1; 327; -1039; -1039; -1366; 654; 327
vtrace1; -1; 0; 74; 1; 72; 73
vtrace1; -2035; -2040; -24; -5; -2054; -19
vtrace1; 93; -2189; -2282; -2282; 93; 0
vtrace1; -350; -700; 3796; -350; 3796; 4146
vtrace1; -2185; -2415; 4310; -230; 2355; 4540
vtrace1; -633; -2754; 4080; -2121; 5568; 6201
vtrace1; -883; -2235; -1352; -1352; -883; 0
vtrace1; 0; -64; -128; -64; -64; -64
vtrace1; -1; -2594; -3473; -2593; -881; -880
vtrace1; 0; 0; 1343; 0; 1343; 1343
vtrace1; -294; -2187; -1859; -1893; -260; 34
vtrace1; 405; -1213; -1213; -1618; 810; 405
vtrace1; -203; -1427; -1225; -1224; -204; -1
vtrace1; -2153; -2153; -664; 0; -2817; -664
vtrace1; 1; 0; 0; -1; 2; 1
vtrace1; -2666; -2156; 510; 510; -2666; 0
vtrace1; -2; -2; -2; 0; -4; -2
vtrace1; -91; 2045; 4272; 2136; 2045; 2136
vtrace1; -991; -3480; -2488; -2489; -990; 1
vtrace1; -1; -2; -1; -1; -1; 0
vtrace1; -33; -66; -33; -33; -33; 0
vtrace1; -2590; -2881; -891; -291; -3190; -600
vtrace1; -1; 0; 2; 1; 0; 1
vtrace1; 0; 32; 64; 32; 32; 32
vtrace1; -1; -1; -1; 0; -2; -1
vtrace1; 0; -1; -2; -1; -1; -1
vtrace1; -1; 6; 2820; 7; 2812; 2813
vtrace1; -1265; -1265; 4727; 0; 3462; 4727
vtrace1; 231; -2411; -2326; -2642; 547; 316
vtrace1; -2162; -2866; -704; -704; -2162; 0
vtrace1; -979; -1958; -2525; -979; -2525; -1546
vtrace1; 1708; 1708; 1708; 0; 3416; 1708
vtrace1; -1; -93; -92; -92; -1; 0
vtrace1; 105; -2181; -2265; -2286; 126; 21
vtrace1; -1603; -2400; -516; -797; -1322; 281
vtrace1; -28; 54; 164; 82; 54; 82
vtrace1; -683; -683; 2121; 0; 1438; 2121
vtrace1; 2356; -961; -961; -3317; 4712; 2356
vtrace1; -3648; -3278; 139; 370; -3879; -231
vtrace1; -603; -2807; -2204; -2204; -603; 0
vtrace1; -5; -10; -5; -5; -5; 0
vtrace1; -2636; -2637; -851; -1; -3486; -850
vtrace1; 0; -350; 2124; -350; 2474; 2474
vtrace1; 1; 1; 2806; 0; 2807; 2806
vtrace1; -43; -78; -35; -35; -43; 0
vtrace1; -37; -37; -37; 0; -74; -37
vtrace1; 0; -10; -11; -10; -1; -1
vtrace1; -2234; -2234; 0; 0; -2234; 0
vtrace1; -2172; -2876; -704; -704; -2172; 0
vtrace1; 1546; 517; 517; -1029; 3092; 1546
vtrace1; -147; -2767; -2619; -2620; -146; 1
vtrace1; 0; -113; -226; -113; -113; -113
vtrace1; -2623; -2359; 430; 264; -2457; 166
vtrace1; 434; 434; 2974; 0; 3408; 2974
vtrace1; -1; -624; 2067; -623; 2689; 2690
vtrace1; 0; 42; 84; 42; 42; 42
vtrace1; -92; -1248; -1295; -1156; -231; -139
vtrace1; -11; -22; -11; -11; -11; 0
vtrace1; -43; -86; -43; -43; -43; 0
vtrace1; -12; -12; -12; 0; -24; -12
vtrace1; 0; -19; -20; -19; -1; -1
vtrace1; 1259; -1745; -3350; -3004; 913; -346
vtrace1; -12; 91; 206; 103; 91; 103
vtrace1; -2245; -2212; 66; 33; -2212; 33
vtrace1; -21; -21; -21; 0; -42; -21
vtrace1; 1; 1; 2689; 0; 2690; 2689
vtrace1; -2648; -2491; 471; 157; -2334; 314
vtrace1; 578; 1612; 2839; 1034; 2383; 1805
vtrace1; 0; -14; -24; -14; -10; -10
vtrace1; -1; 0; 25; 1; 23; 24
vtrace1; 0; -3305; -2199; -3305; 1106; 1106
vtrace1; 1412; 1406; 1406; -6; 2824; 1412
vtrace1; -1712; -1212; 1000; 500; -1212; 500
vtrace1; -3653; -3739; 150; -86; -3417; 236
vtrace1; -1801; -2075; -273; -274; -1800; 1
vtrace1; 0; -2289; -2289; -2289; 0; 0
vtrace1; 5; 5; 2689; 0; 2694; 2689
vtrace1; -224; -2239; -2003; -2015; -212; 12
vtrace1; -1; -29; -28; -28; -1; 0
vtrace1; -1416; -1804; -1321; -388; -2349; -933
vtrace1; -2428; -4532; 221; -2104; -103; 2325
vtrace1; -1738; -1738; -425; 0; -2163; -425
vtrace1; -2372; -2366; 826; 6; -1552; 820
vtrace1; -72; -73; -1; -1; -72; 0
vtrace1; -1968; -4237; -153; -2269; 148; 2116
vtrace1; -2603; -2604; 439; -1; -2163; 440
vtrace1; 106; -2693; -2207; -2799; 698; 592
vtrace1; 0; -2296; -2296; -2296; 0; 0
vtrace1; -1913; -1914; -1553; -1; -3465; -1552
vtrace1; 0; -1781; -2206; -1781; -425; -425
vtrace1; -3618; -3617; 1; 1; -3618; 0
vtrace1; -72; -1374; -1303; -1302; -73; -1
vtrace1; 632; 632; 2877; 0; 3509; 2877
vtrace1; 121; 85; 85; -36; 242; 121
vtrace1; -765; -1530; -1530; -765; -1530; -765
vtrace1; 1; 1; 99; 0; 100; 99
vtrace1; 1; 2; 99; 1; 99; 98
vtrace1; 1; 0; 1488; -1; 1490; 1489
vtrace1; -2301; -2301; 0; 0; -2301; 0
vtrace1; -717; -1434; -1434; -717; -1434; -717
vtrace1; -82; -83; -1; -1; -82; 0
vtrace1; 0; -1449; -2898; -1449; -1449; -1449
vtrace1; 0; -1534; -2260; -1534; -726; -726
vtrace1; -75; -75; 2248; 0; 2173; 2248
vtrace1; -716; -2845; -2163; -2129; -750; -34
vtrace1; -5; -2650; -2792; -2645; -152; -147
vtrace1; -1076; 1029; 3934; 2105; 753; 1829
vtrace1; -1218; -2436; -1663; -1218; -1663; -445
vtrace1; -2362; -2995; -1266; -633; -2995; -633
vtrace1; -286; -2470; -2470; -2184; -572; -286
vtrace1; 1; -2177; -2177; -2178; 2; 1
vtrace1; -630; -3006; -2957; -2376; -1211; -581
vtrace1; -870; -1183; -626; -313; -1183; -313
vtrace1; -1602; -1224; 3163; 378; 1183; 2785
vtrace1; -350; -2159; -1808; -1809; -349; 1
vtrace1; 2363; -1148; -3861; -3511; 2013; -350
vtrace1; 281; -1897; -2503; -2178; -44; -325
vtrace1; -7212; -8752; -3080; -1540; -8752; -1540
vtrace1; -3619; -3614; 5; 5; -3619; 0
vtrace1; 1590; -1834; -859; -3424; 4155; 2565
vtrace1; 0; -1455; -2910; -1455; -1455; -1455
vtrace1; -7202; -4461; 4335; 2741; -5608; 1594
vtrace1; 0; 0; 115; 0; 115; 115
vtrace1; 0; 102; 204; 102; 102; 102
vtrace1; -6; 66; 144; 72; 66; 72
vtrace1; 0; -72; -144; -72; -72; -72
vtrace1; -2135; -2116; 2016; 19; -138; 1997
vtrace1; -3643; -3642; 1; 1; -3643; 0
vtrace1; -1045; -1466; -420; -421; -1044; 1
vtrace1; -4357; -5541; -5279; -1184; -8452; -4095
vtrace1; 0; 0; 33; 0; 33; 33
vtrace1; 0; 0; 79; 0; 79; 79
vtrace1; 191; -5206; -3043; -5397; 2545; 2354
vtrace1; -180; -3534; -1200; -3354; 1974; 2154
vtrace1; -1; -1112; -1446; -1111; -336; -335
vtrace1; -1; -557; 1509; -556; 2064; 2065
vtrace1; -1; 71; 144; 72; 71; 72
vtrace1; -1; -2; 2237; -1; 2237; 2238
vtrace1; -2206; -2104; 759; 102; -1549; 657
vtrace1; 0; -1287; -1471; -1287; -184; -184
vtrace1; -1510; -5561; -728; -4051; 1813; 3323
vtrace1; -1; -124; -124; -123; -2; -1
vtrace1; -36; -72; -72; -36; -72; -36
vtrace1; 190; 380; 1322; 190; 1322; 1132
vtrace1; -401; -1429; -1028; -1028; -401; 0
vtrace1; 0; -2598; -3604; -2598; -1006; -1006
vtrace1; 0; 0; 124; 0; 124; 124
vtrace1; -1; -82; -82; -81; -2; -1
vtrace1; -1158; -2258; -1020; -1100; -1078; 80
vtrace1; 0; 0; 42; 0; 42; 42
vtrace1; -1; -1594; -2174; -1593; -582; -581
vtrace1; 0; -2289; -1642; -2289; 647; 647
vtrace1; -1030; -1791; -1872; -761; -2141; -1111
vtrace1; -1340; 209; 2150; 1549; -739; 601
vtrace1; 1; 1; 1; 0; 2; 1
vtrace1; 3; 542; 2133; 539; 1597; 1594
vtrace1; 0; 0; 3; 0; 3; 3
vtrace1; -35; -1362; -2167; -1327; -875; -840
vtrace1; 0; 0; 1; 0; 1; 1
vtrace1; 0; 0; 0; 0; 0; 0
vtrace1; 0; -964; 2863; -964; 3827; 3827
vtrace1; 0; 1; 2; 1; 1; 1
vtrace1; -1; -2; -2; -1; -2; -1
vtrace1; -33; -66; -34; -33; -34; -1
vtrace1; -2; -4; -4; -2; -4; -2
vtrace1; -187; -1312; -1312; -1125; -374; -187
vtrace1; -37; -74; -74; -37; -74; -37
vtrace1; 34; 34; 34; 0; 68; 34
vtrace1; -2213; -2202; 10; 11; -2214; -1
vtrace1; 0; -1755; -2207; -1755; -452; -452
vtrace1; 2813; 887; 887; -1926; 5626; 2813
vtrace1; 0; 0; 4; 0; 4; 4
vtrace1; -2178; -2864; -1372; -686; -2864; -686
vtrace1; -1080; -1483; -402; -403; -1079; 1
vtrace1; -3; -6; -6; -3; -6; -3
vtrace1; -4; -8; -8; -4; -8; -4
vtrace1; -12; -128; -128; -116; -24; -12
vtrace1; -1453; -1055; -6; 398; -1857; -404
vtrace1; 1; 2; 50; 1; 50; 49
vtrace1; -498; -996; -1047; -498; -1047; -549
vtrace1; -3852; -3968; 917; -116; -2819; 1033
vtrace1; -389; -2100; -1712; -1711; -390; -1
vtrace1; 0; 1; 9; 1; 8; 8
vtrace1; 0; 0; 8; 0; 8; 8
vtrace1; -54; -108; -108; -54; -108; -54
vtrace1; 1; 2; 9; 1; 9; 8
vtrace1; 49; 49; 49; 0; 98; 49
vtrace1; -444; -888; -1044; -444; -1044; -600
vtrace1; -5; -10; -6; -5; -6; -1
vtrace1; -1340; -1344; -851; -4; -2187; -847
vtrace1; -1; -2222; -2104; -2221; 116; 117
vtrace1; -1237; 445; 3364; 1682; 445; 1682
vtrace1; -526; -2918; -2392; -2392; -526; 0
vtrace1; -86; -172; -122; -86; -122; -36
vtrace1; -2770; -2780; -20; -10; -2780; -10
vtrace1; -12; -13; -2; -1; -13; -1
vtrace1; 1; 2; 13; 1; 13; 12
vtrace1; -82; -83; -83; -1; -164; -82
vtrace1; -3176; -6352; -5228; -3176; -5228; -2052
vtrace1; -3604; -3604; 0; 0; -3604; 0
vtrace1; -5; -10; -10; -5; -10; -5
vtrace1; 2149; 899; 1411; -1250; 4810; 2661
vtrace1; -630; -567; 2802; 63; 2109; 2739
vtrace1; -6; -12; -12; -6; -12; -6
vtrace1; -2715; -2941; -226; -226; -2715; 0
vtrace1; -2703; -2897; -193; -194; -2702; 1
vtrace1; 0; -807; 2835; -807; 3642; 3642
vtrace1; -1188; -1317; -258; -129; -1317; -129
vtrace1; -2176; -4352; 599; -2176; 599; 2775
vtrace1; 0; 11; 22; 11; 11; 11
vtrace1; -8; -16; -16; -8; -16; -8
vtrace1; -3395; -3511; 1154; -116; -2125; 1270
vtrace1; -1232; -1517; -285; -285; -1232; 0
vtrace1; -1261; 406; 3334; 1667; 406; 1667
vtrace1; 124; -766; 73; -890; 1087; 963
vtrace1; -1818; -3636; -297; -1818; -297; 1521
vtrace1; 109; 109; 109; 0; 218; 109
vtrace1; 0; 0; 1518; 0; 1518; 1518
vtrace1; -54; -108; -58; -54; -58; -4
vtrace1; 0; -3007; -3588; -3007; -581; -581
vtrace1; -59; -118; -118; -59; -118; -59
vtrace1; -178; -2900; -2707; -2722; -163; 15
vtrace1; 1; 35; 156; 34; 123; 122
vtrace1; 0; 0; 24; 0; 24; 24
vtrace1; -1521; -2188; -1; -667; -855; 666
vtrace1; 25; 25; 25; 0; 50; 25
vtrace1; -1888; -1339; 324; 549; -2113; -225
vtrace1; 4; -3615; -3619; -3619; 4; 0
vtrace1; -10; -20; -20; -10; -20; -10
vtrace1; -2052; -1469; 528; 583; -2107; -55
vtrace1; 0; -2392; -1548; -2392; 844; 844
vtrace1; 0; 0; 29; 0; 29; 29
vtrace1; -1821; -2143; 958; -322; -541; 1280
vtrace1; -11; -22; -22; -11; -22; -11
vtrace1; -4172; -8344; -4184; -4172; -4184; -12
vtrace1; -12; -24; -24; -12; -24; -12
vtrace1; -1489; -2978; -1489; -1489; -1489; 0
vtrace1; 0; -1523; -3046; -1523; -1523; -1523
vtrace1; 1; -3600; -3601; -3601; 1; 0
vtrace1; -27; -54; -54; -27; -54; -27
vtrace1; -3857; -3973; 917; -116; -2824; 1033
vtrace1; -1; -1488; -1488; -1487; -2; -1
vtrace1; -1850; -2949; -1027; -1099; -1778; 72
vtrace1; -2174; -2173; 577; 1; -1598; 576
vtrace1; -64; -128; -128; -64; -128; -64
vtrace1; 581; -887; -2113; -1468; -64; -645
vtrace1; 0; 191; 2215; 191; 2024; 2024
vtrace1; 1; -130; -234; -131; -102; -103
vtrace1; -3387; -2964; 423; 423; -3387; 0
vtrace1; -1248; -1051; 394; 197; -1051; 197
vtrace1; -3325; -3137; 1771; 188; -1742; 1583
vtrace1; -82; -83; -2; -1; -83; -1
vtrace1; 202; -2058; -2421; -2260; 41; -161
vtrace1; 1511; -593; 88; -2104; 3703; 2192
vtrace1; 625; 613; 2341; -12; 2978; 2353
vtrace1; 2613; 107; -1779; -2506; 3340; 727
vtrace1; -170; -169; -3; 1; -174; -4
vtrace1; -2989; 1738; 6575; 4727; -1141; 1848
vtrace1; -16; -32; -32; -16; -32; -16
vtrace1; 0; -530; 1624; -530; 2154; 2154
vtrace1; -477; -1989; -1062; -1512; -27; 450
vtrace1; 73; -1100; 2193; -1173; 3439; 3366
vtrace1; -2074; -1384; 535; 690; -2229; -155
vtrace1; -2941; -2940; -115; 1; -3057; -116
vtrace1; 2228; -534; -3127; -2762; 1863; -365
vtrace1; -1053; -1404; 3256; -351; 2554; 3607
vtrace1; -1421; -2842; -1421; -1421; -1421; 0
vtrace1; -1054; -80; 921; 974; -1107; -53
vtrace1; -31; -62; -62; -31; -62; -31
vtrace1; 1081; 505; 505; -576; 2162; 1081
vtrace1; 0; -424; 2180; -424; 2604; 2604
vtrace1; -1390; -2608; -1583; -1218; -1755; -365
vtrace1; 1204; 761; 2429; -443; 4076; 2872
vtrace1; -178; -179; -1; -1; -178; 0
vtrace1; 0; 24; 48; 24; 24; 24
vtrace1; -135; -2963; -3373; -2828; -680; -545
vtrace1; -3564; -3564; 1207; 0; -2357; 1207
vtrace1; -1992; -1993; -153; -1; -2144; -152
vtrace1; -1418; -1419; -2; -1; -1419; -1
vtrace1; 959; -156; -1143; -1115; 931; -28
vtrace1; 0; 191; 2188; 191; 1997; 1997
vtrace1; -386; 81; 2683; 467; 1830; 2216
vtrace1; -1; -163; -162; -162; -1; 0
vtrace1; 2354; -825; -825; -3179; 4708; 2354
vtrace1; -431; -2181; -1122; -1750; 197; 628
vtrace1; 344; -3884; -3884; -4228; 688; 344
vtrace1; -702; -252; 2299; 450; 1147; 1849
vtrace1; -3751; -2280; 1472; 1471; -3750; 1
vtrace1; 408; 409; 1038; 1; 1445; 1037
vtrace1; 0; -2298; -2984; -2298; -686; -686
vtrace1; -836; -991; 1045; -155; 364; 1200
vtrace1; 591; -497; 3033; -1088; 4712; 4121
vtrace1; -1532; -5583; -728; -4051; 1791; 3323
vtrace1; -2094; -3135; -851; -1041; -1904; 190
vtrace1; 0; -2332; -2945; -2332; -613; -613
vtrace1; -116; -232; -232; -116; -232; -116
vtrace1; -3223; -6446; -6446; -3223; -6446; -3223
vtrace1; -664; -2842; -2842; -2178; -1328; -664
vtrace1; -606; 468; 2148; 1074; 468; 1074
vtrace1; 85; -1307; -2374; -1392; -897; -982
vtrace1; -1190; -286; 905; 904; -1189; 1
vtrace1; -1250; -1397; -294; -147; -1397; -147
vtrace1; -1384; -2768; 4890; -1384; 4890; 6274
vtrace1; -2179; -9381; -14404; -7202; -9381; -7202
vtrace1; -2500; -5000; -1843; -2500; -1843; 657
vtrace1; 1017; -167; -1180; -1184; 1021; 4
vtrace1; -140; -141; -1; -1; -140; 0
vtrace1; 909; -1263; -1263; -2172; 1818; 909
vtrace1; 1; 2; 2851; 1; 2851; 2850
vtrace1; -2; -2; 3620; 0; 3618; 3620
vtrace1; -2531; 767; 4169; 3298; -1660; 871
vtrace1; -4357; -2774; 98; 1583; -5842; -1485
vtrace1; 325; 155; 1930; -170; 2425; 2100
vtrace1; -1736; -1736; -587; 0; -2323; -587
vtrace1; 1028; -1273; -2686; -2301; 643; -385
vtrace1; 2043; -1638; -3681; -3681; 2043; 0
vtrace1; -2332; -2265; 95; 67; -2304; 28
vtrace1; 1; -140; -146; -141; -4; -5
vtrace1; 1923; -359; -2282; -2282; 1923; 0
vtrace1; -1; -765; 1640; -764; 2403; 2404
vtrace1; -2332; -2227; 113; 105; -2324; 8
vtrace1; 244; -315; 2123; -559; 2926; 2682
vtrace1; -633; -1152; -944; -519; -1058; -425
vtrace1; 1060; 463; 1906; -597; 3563; 2503
vtrace1; -963; -1926; -1342; -963; -1342; -379
vtrace1; 0; 0; 2856; 0; 2856; 2856
vtrace1; -86; -172; -172; -86; -172; -86
vtrace1; 666; 253; 253; -413; 1332; 666
vtrace1; -608; -3343; -3022; -2735; -895; -287
vtrace1; -453; 232; 1370; 685; 232; 685
vtrace1; -1635; -2443; -652; -808; -1479; 156
vtrace1; 191; 798; 2735; 607; 2319; 2128
vtrace1; -14; -28; 2342; -14; 2342; 2356
vtrace1; 394; -2371; -2765; -2765; 394; 0
vtrace1; -16; -4235; -8438; -4219; -4235; -4219
vtrace1; 719; -1667; -2280; -2386; 825; 106
vtrace1; -1226; -1496; -271; -270; -1227; -1
vtrace1; 1060; 468; 1911; -592; 3563; 2503
vtrace1; 202; 60; 1488; -142; 1832; 1630
vtrace1; -1455; -1455; -129; 0; -1584; -129
vtrace1; 287; 286; 2620; -1; 2908; 2621
vtrace1; 726; 789; 2908; 63; 3571; 2845
vtrace1; -686; -686; 2293; 0; 1607; 2293
vtrace1; 202; 41; 41; -161; 404; 202
vtrace1; 132; -787; 1453; -919; 2504; 2372
vtrace1; -1818; -1817; -410; 1; -2229; -411
vtrace1; -1836; -3672; -415; -1836; -415; 1421
vtrace1; -534; -1068; -371; -534; -371; 163
vtrace1; 1923; -359; -2189; -2282; 2016; 93
vtrace1; -365; -2485; -1952; -2120; -197; 168
vtrace1; -1352; -1161; 445; 191; -1098; 254
vtrace1; -3033; -2276; 757; 757; -3033; 0
vtrace1; -87; -2977; -2891; -2890; -88; -1
vtrace1; -185; -184; -23; 1; -209; -24
vtrace1; 1544; 474; 8; -1070; 2622; 1078
vtrace1; -741; -1186; -213; -445; -509; 232
vtrace1; -92; -184; -184; -92; -184; -92
vtrace1; 113; -2249; -2350; -2362; 125; 12
vtrace1; -3220; -3220; 1556; 0; -1664; 1556
vtrace1; 1; 1; 228; 0; 229; 228
vtrace1; -2052; -4278; -823; -2226; -649; 1403
vtrace1; -1; 812; 3027; 813; 2213; 2214
vtrace1; 593; 365; 365; -228; 1186; 593
vtrace1; -1363; -2726; 2279; -1363; 2279; 3642
vtrace1; -2398; -4186; 31; -1788; -579; 1819
vtrace1; -2328; -2328; 0; 0; -2328; 0
vtrace1; 517; 733; 2406; 216; 2707; 2190
vtrace1; 238; 60; 60; -178; 476; 238
vtrace1; 872; -1574; -3753; -2446; -435; -1307
vtrace1; 0; -2349; -2349; -2349; 0; 0
vtrace1; 191; -1927; -3155; -2118; -846; -1037
vtrace1; -1738; -1738; -633; 0; -2371; -633
vtrace1; 1968; -220; -2188; -2188; 1968; 0
vtrace1; 0; 1825; 3650; 1825; 1825; 1825
vtrace1; -1540; -1541; -1; -1; -1540; 0
vtrace1; -418; -3324; -1892; -2906; 596; 1014
vtrace1; -667; 379; 3658; 1046; 1945; 2612
vtrace1; -96; -192; -192; -96; -192; -96
vtrace1; -1608; -2271; -663; -663; -1608; 0
vtrace1; 1; 2; 198; 1; 198; 197
vtrace1; 377; 861; 2661; 484; 2554; 2177
vtrace1; 0; -1543; -1544; -1543; -1; -1
vtrace1; -2295; -2285; -763; 10; -3068; -773
vtrace1; -278; -2466; -2037; -2188; -127; 151
vtrace1; -2645; -2621; 5578; 24; 2909; 5554
vtrace1; -702; -2979; -2979; -2277; -1404; -702
vtrace1; -1800; -3600; -1800; -1800; -1800; 0
vtrace1; -1; -2329; 2361; -2328; 4688; 4689
vtrace1; -1809; -1809; -1809; 0; -3618; -1809
vtrace1; -1; 454; 2363; 455; 1907; 1908
vtrace1; -1546; 303; 2544; 1849; -851; 695
vtrace1; 0; -605; 2217; -605; 2822; 2822
vtrace1; -3039; -2351; 1376; 688; -2351; 688
vtrace1; -1; -165; -165; -164; -2; -1
vtrace1; 2306; 1048; -48; -1258; 3516; 1210
vtrace1; -1877; -3754; -1876; -1877; -1876; 1
vtrace1; -1443; -2886; -2886; -1443; -2886; -1443
vtrace1; -1121; -435; 4063; 686; 2256; 3377
vtrace1; -3378; -6756; -1015; -3378; -1015; 2363
vtrace1; -1804; -1804; -1804; 0; -3608; -1804
vtrace1; 1109; -3063; -4117; -4172; 1164; 55
vtrace1; 347; 347; 1210; 0; 1557; 1210
vtrace1; -212; -1137; -728; -925; -15; 197
vtrace1; -2985; -2985; -1; 0; -2986; -1
vtrace1; 1; 91; 1581; 90; 1492; 1491
vtrace1; -437; -1104; -1080; -667; -850; -413
vtrace1; 0; 878; 2949; 878; 2071; 2071
vtrace1; -1460; -1607; -146; -147; -1459; 1
vtrace1; 245; 494; 1485; 249; 1481; 1236
vtrace1; 0; 0; 173; 0; 173; 173
vtrace1; 1622; -1499; -3909; -3121; 834; -788
vtrace1; -97; -1126; -144; -1029; 788; 885
vtrace1; 128; -669; 221; -797; 1146; 1018
vtrace1; -239; -240; -2; -1; -240; -1
vtrace1; 2206; 721; 703; -1485; 4394; 2188
vtrace1; 0; 0; 133; 0; 133; 133
vtrace1; -1; -136; -136; -135; -2; -1
vtrace1; -1915; -3830; -1914; -1915; -1914; 1
vtrace1; -3829; -3829; 0; 0; -3829; 0
vtrace1; 628; -1507; -2920; -2135; -157; -785
vtrace1; -1629; -2573; -686; -944; -1371; 258
vtrace1; -16; -180; -165; -164; -17; -1
vtrace1; -1283; -1316; -946; -33; -2196; -913
vtrace1; 2248; -1057; -3305; -3305; 2248; 0
vtrace1; -31; -41; 3735; -10; 3714; 3745
vtrace1; -1184; 916; 4200; 2100; 916; 2100
vtrace1; -344; 350; 2685; 694; 1647; 1991
vtrace1; -413; -826; 1; -413; 1; 414
vtrace1; -4172; -6325; -4331; -2153; -6350; -2178
vtrace1; 0; -1920; -3835; -1920; -1915; -1915
vtrace1; 0; -3749; -3749; -3749; 0; 0
vtrace1; -5; -135; -135; -130; -10; -5
vtrace1; 1; -2580; 2321; -2581; 4903; 4902
vtrace1; 245; -1145; -1202; -1390; 433; 188
vtrace1; 269; -3856; -3893; -4125; 501; 232
vtrace1; -2365; -2364; 0; 1; -2366; -1
vtrace1; 0; -204; -300; -204; -96; -96
vtrace1; -1250; -1684; -434; -434; -1250; 0
vtrace1; 749; -2813; 168; -3562; 4479; 3730
vtrace1; -201; -1374; 1180; -1173; 2152; 2353
vtrace1; -92; 82; 348; 174; 82; 174
vtrace1; 340; 340; 1987; 0; 2327; 1987
vtrace1; 0; -3956; -3713; -3956; 243; 243
vtrace1; -3176; -3055; 121; 121; -3176; 0
vtrace1; -1184; 946; 4260; 2130; 946; 2130
vtrace1; -4532; -4942; 157; -410; -3965; 567
vtrace1; -1; 4269; 8540; 4270; 4269; 4270
vtrace1; 1; 1; 154; 0; 155; 154
vtrace1; -1775; -3550; -1966; -1775; -1966; -191
vtrace1; -3148; -2741; 5461; 407; 1906; 5054
vtrace1; 0; -364; 2206; -364; 2570; 2570
vtrace1; 1; 2; 158; 1; 158; 157
vtrace1; 1; -639; 1653; -640; 2294; 2293
vtrace1; 1; -2346; -3000; -2347; -652; -653
vtrace1; -1540; -950; -74; 590; -2204; -664
vtrace1; -164; -328; -61; -164; -61; 103
vtrace1; 78; 79; 170; 1; 247; 169
vtrace1; -1223; 427; 2218; 1650; -655; 568
vtrace1; -1126; -1104; 44; 22; -1104; 22
vtrace1; 0; 1489; 2978; 1489; 1489; 1489
vtrace1; -1125; -1125; 0; 0; -1125; 0
vtrace1; 340; -1062; -1336; -1402; 406; 66
vtrace1; -720; -1064; -344; -344; -720; 0
vtrace1; 2596; -1745; -4341; -4341; 2596; 0
vtrace1; -1; -2173; -379; -2172; 1792; 1793
vtrace1; 0; 1; 1575; 1; 1574; 1574
vtrace1; -1471; -2942; -2942; -1471; -2942; -1471
vtrace1; -239; -278; -78; -39; -278; -39
vtrace1; 0; -2863; -3005; -2863; -142; -142
vtrace1; -303; -248; -17; 55; -375; -72
vtrace1; -1276; -2552; -1862; -1276; -1862; -586
vtrace1; 1073; -1049; -2119; -2122; 1076; 3
vtrace1; -493; -493; 2138; 0; 1645; 2138
vtrace1; -1030; -1030; 0; 0; -1030; 0
vtrace1; -301; -301; -1; 0; -302; -1
vtrace1; 872; -540; 243; -1412; 2527; 1655
vtrace1; -243; -307; -128; -64; -307; -64
vtrace1; 405; 810; 1244; 405; 1244; 839
vtrace1; 1; -1096; -1096; -1097; 2; 1
vtrace1; -2176; -4352; 481; -2176; 481; 2657
vtrace1; -3807; -3807; 0; 0; -3807; 0
vtrace1; -1; 227; 456; 228; 227; 228
vtrace1; 1; 2; 1628; 1; 1628; 1627
vtrace1; 0; -1141; -1140; -1141; 1; 1
vtrace1; 0; -2850; -3783; -2850; -933; -933
vtrace1; -365; -1755; -2780; -1390; -1755; -1390
vtrace1; -1141; -1141; 0; 0; -1141; 0
vtrace1; 102; 703; 1635; 601; 1136; 1034
vtrace1; -1212; 912; 4248; 2124; 912; 2124
vtrace1; 0; 1; 1547; 1; 1546; 1546
vtrace1; -2466; -2466; 0; 0; -2466; 0
vtrace1; -1; 208; 1698; 209; 1488; 1489
vtrace1; -1021; -1021; -37; 0; -1058; -37
vtrace1; 340; -1384; -2701; -1724; -637; -977
vtrace1; -3016; -2608; 1295; 408; -2129; 887
vtrace1; -740; 3277; 11188; 4017; 6431; 7171
vtrace1; -2471; -2471; 0; 0; -2471; 0
vtrace1; 0; -1149; -1148; -1149; 1; 1
vtrace1; -1121; -1121; 3377; 0; 2256; 3377
vtrace1; 194; -982; 165; -1176; 1535; 1341
vtrace1; -1103; -2206; -1947; -1103; -1947; -844
vtrace1; -17; 674; 1765; 691; 1057; 1074
vtrace1; -534; -1043; -509; -509; -534; 0
vtrace1; 90; 89; 997; -1; 1088; 998
vtrace1; 1; 1; 1598; 0; 1599; 1598
vtrace1; -1798; -1829; -1829; -31; -3596; -1798
vtrace1; 2070; -430; -430; -2500; 4140; 2070
vtrace1; -1314; -320; 995; 994; -1313; 1
vtrace1; -2390; -2389; 0; 1; -2391; -1
vtrace1; -710; 628; 2417; 1338; 369; 1079
vtrace1; -2603; -5206; -5206; -2603; -5206; -2603
vtrace1; -2715; -2721; 3144; -6; 435; 3150
vtrace1; -2253; -2238; 525; 15; -1743; 510
vtrace1; -130; -130; -130; 0; -260; -130
vtrace1; -213; -3031; -2818; -2818; -213; 0
vtrace1; -1; -205; 1069; -204; 1272; 1273
vtrace1; -1523; -3046; -3046; -1523; -3046; -1523
vtrace1; -1; -5; 1070; -4; 1073; 1074
vtrace1; 1; 4; 1559; 3; 1557; 1556
vtrace1; -1094; -1091; 3; 3; -1094; 0
vtrace1; 0; -1115; -1115; -1115; 0; 0
vtrace1; 4698; 3199; 3199; -1499; 9396; 4698
vtrace1; -164; -164; -164; 0; -328; -164
vtrace1; -196; -392; -196; -196; -196; 0
vtrace1; 191; 382; 1479; 191; 1479; 1288
vtrace1; 67; -3794; 260; -3861; 4188; 4121
vtrace1; -1; 0; 307; 1; 305; 306
vtrace1; 426; 284; 2015; -142; 2583; 2157
vtrace1; 166; 166; 1463; 0; 1629; 1463
vtrace1; 0; -2452; -2360; -2452; 92; 92
vtrace1; 1870; 907; 507; -963; 3340; 1470
vtrace1; 1; -1079; -1080; -1080; 1; 0
vtrace1; 1502; 403; -489; -1099; 2112; 610
vtrace1; 1; 0; 310; -1; 312; 311
vtrace1; -168; -336; -168; -168; -168; 0
vtrace1; 2092; -1240; -2363; -3332; 3061; 969
vtrace1; -887; -3592; -1517; -2705; 301; 1188
vtrace1; 0; -243; -486; -243; -243; -243
vtrace1; -147; -294; -147; -147; -147; 0
vtrace1; -148; -148; -148; 0; -296; -148
vtrace1; 0; -4623; -2322; -4623; 2301; 2301
vtrace1; -2176; -2327; -912; -151; -2937; -761
vtrace1; 209; 128; 128; -81; 418; 209
vtrace1; -985; -903; -34; 82; -1101; -116
vtrace1; 724; 724; 2962; 0; 3686; 2962
vtrace1; 0; -1094; -1084; -1094; 10; 10
vtrace1; -1087; -1088; 24; -1; -1062; 25
vtrace1; -1294; -1481; -368; -187; -1475; -181
vtrace1; -325; -1864; -1295; -1539; -81; 244
vtrace1; 0; -1827; -2454; -1827; -627; -627
vtrace1; -377; 401; 1379; 778; 224; 601
vtrace1; -1589; -2369; -780; -780; -1589; 0
vtrace1; -424; -734; 1492; -310; 1378; 1802
vtrace1; -247; -494; -247; -247; -247; 0
vtrace1; -152; -304; -152; -152; -152; 0
vtrace1; -4344; -8688; -4344; -4344; -4344; 0
vtrace1; -1695; -2978; -1316; -1283; -1728; -33
vtrace1; -121; -2305; -1547; -2184; 516; 637
vtrace1; 0; -1052; -1051; -1052; 1; 1
vtrace1; -141; -282; -141; -141; -141; 0
vtrace1; -1711; -1711; -1; 0; -1712; -1
vtrace1; 729; -350; -1079; -1079; 729; 0
vtrace1; -1118; -1118; 1; 0; -1117; 1
vtrace1; -2157; -1092; 5235; 1065; 2013; 4170
vtrace1; 596; -1584; 433; -2180; 3209; 2613
vtrace1; 0; 1231; 3036; 1231; 1805; 1805
vtrace1; 0; -2446; -1736; -2446; 710; 710
vtrace1; -1742; -2030; -1362; -288; -2816; -1074
vtrace1; -1; -1664; -1672; -1663; -10; -9
vtrace1; -82; -613; 1136; -531; 1585; 1667
vtrace1; -2916; -3009; -186; -93; -3009; -93
vtrace1; -2064; -4128; -980; -2064; -980; 1084
vtrace1; 0; -1173; -287; -1173; 886; 886
vtrace1; -1198; -739; 2939; 459; 1282; 2480
vtrace1; 19; 19; 2958; 0; 2977; 2958
vtrace1; 0; -2770; -1786; -2770; 984; 984
vtrace1; 1362; -1036; -2399; -2398; 1361; -1
vtrace1; 0; -147; -294; -147; -147; -147
vtrace1; -1678; -1194; 681; 484; -1481; 197
vtrace1; 0; -2471; -2471; -2471; 0; 0
vtrace1; 354; -1519; -2119; -1873; 108; -246
vtrace1; 0; -2515; -2515; -2515; 0; 0
vtrace1; -58; -59; 2487; -1; 2430; 2488
vtrace1; 152; -3316; -1175; -3468; 2445; 2293
vtrace1; -2118; -1169; 3182; 949; 115; 2233
vtrace1; 0; -617; 1683; -617; 2300; 2300
vtrace1; -1725; -1476; 701; 249; -1273; 452
vtrace1; 1; 240; 1130; 239; 892; 891
vtrace1; 503; -80; -140; -583; 946; 443
vtrace1; 372; -314; 10; -686; 1068; 696
vtrace1; -1711; -1923; -84; -212; -1583; 128
vtrace1; -2927; -2795; 473; 132; -2586; 341
vtrace1; 0; 0; 2967; 0; 2967; 2967
vtrace1; -1487; -2974; -2974; -1487; -2974; -1487
vtrace1; 0; -152; -304; -152; -152; -152
vtrace1; -2375; -352; 4128; 2023; -270; 2105
vtrace1; 593; 592; 1799; -1; 2393; 1800
vtrace1; 418; -1677; -2108; -2095; 405; -13
vtrace1; -2501; -2501; 0; 0; -2501; 0
vtrace1; -2226; -1575; 3277; 651; 400; 2626
vtrace1; -1409; -3568; -1733; -2159; -983; 426
vtrace1; 2003; 511; -929; -1492; 2566; 563
vtrace1; 0; 0; 327; 0; 327; 327
vtrace1; 24; -1141; -1141; -1165; 48; 24
vtrace1; 1; -444; 1693; -445; 2139; 2138
vtrace1; 0; 0; 325; 0; 325; 325
vtrace1; 1; 1; 327; 0; 328; 327
vtrace1; -202; -202; -150; 0; -352; -150
vtrace1; 896; -161; 200; -1057; 2153; 1257
vtrace1; -4020; -2957; 1620; 1063; -3463; 557
vtrace1; 1; 2; 328; 1; 328; 327
vtrace1; -1; -1058; -1056; -1057; 0; 1
vtrace1; -2327; -1699; 628; 628; -2327; 0
vtrace1; -135; -1699; -1564; -1564; -135; 0
vtrace1; -116; -1753; -1753; -1637; -232; -116
vtrace1; 405; 810; 1292; 405; 1292; 887
vtrace1; 1101; 3077; 8129; 1976; 7254; 6153
vtrace1; -1; -803; 1083; -802; 1884; 1885
vtrace1; -704; -705; 2449; -1; 1746; 2450
vtrace1; -334; -2034; 70; -1700; 1436; 1770
vtrace1; -2515; -2514; 1; 1; -2515; 0
vtrace1; -1108; -466; 642; 642; -1108; 0
vtrace1; -2629; -5258; -5258; -2629; -5258; -2629
vtrace1; -2630; -5260; -5260; -2630; -5260; -2630
vtrace1; -221; -1121; -797; -900; -118; 103
vtrace1; -346; -346; -121; 0; -467; -121
vtrace1; -4129; -8258; -4465; -4129; -4465; -336
vtrace1; 0; -280; 2512; -280; 2792; 2792
vtrace1; -2518; -2518; 0; 0; -2518; 0
vtrace1; -1; -1726; -1725; -1725; -1; 0
vtrace1; -2135; -2135; 281; 0; -1854; 281
vtrace1; -325; -60; 581; 265; -9; 316
vtrace1; -170; -171; 2623; -1; 2454; 2624
vtrace1; 1593; 3186; 6320; 1593; 6320; 4727
vtrace1; 0; -2429; -448; -2429; 1981; 1981
vtrace1; 1787; 1177; 669; -610; 3066; 1279
vtrace1; -3807; -3799; 4213; 8; 398; 4205
vtrace1; -2645; -5290; -5290; -2645; -5290; -2645
vtrace1; -2968; -2859; 533; 109; -2544; 424
vtrace1; -1; -1029; -1027; -1028; 0; 1
vtrace1; -1569; -1570; -205; -1; -1773; -204
vtrace1; 0; 0; 300; 0; 300; 300
vtrace1; -2162; -2711; -936; -549; -2549; -387
vtrace1; -287; -1373; 1425; -1086; 2224; 2511
vtrace1; 302; -1924; -2057; -2226; 471; 169
vtrace1; -1509; -1521; 459; -12; -1038; 471
vtrace1; -1; -1652; -1073; -1651; 577; 578
vtrace1; 826; 1652; 2956; 826; 2956; 2130
vtrace1; -893; -3060; -3060; -2167; -1786; -893
vtrace1; -324; -421; -194; -97; -421; -97
vtrace1; -1017; -2034; -2937; -1017; -2937; -1920
vtrace1; -64; -128; 2546; -64; 2546; 2610
vtrace1; -744; 4223; 10078; 4967; 4367; 5111
vtrace1; -262; -266; -5; -4; -263; -1
vtrace1; -529; -1869; -1869; -1340; -1058; -529
vtrace1; -2184; -2185; 1834; -1; -349; 1835
vtrace1; 0; 1; 267; 1; 266; 266
vtrace1; -289; -2439; -852; -2150; 1009; 1298
vtrace1; -202; -238; -238; -36; -404; -202
vtrace1; -1188; -1188; 0; 0; -1188; 0
vtrace1; 138; -3991; -3991; -4129; 276; 138
vtrace1; 245; -1145; -1390; -1390; 245; 0
vtrace1; -1283; -1108; 927; 175; -531; 752
vtrace1; -4133; -4477; -4477; -344; -8266; -4133
vtrace1; -1540; -1534; -992; 6; -2538; -998
vtrace1; -4919; -7789; -5740; -2870; -7789; -2870
vtrace1; -1329; -2658; 1024; -1329; 1024; 2353
vtrace1; -668; -4042; -1781; -3374; 925; 1593
vtrace1; -142; -1203; 2612; -1061; 3531; 3673
vtrace1; 602; 150; 1844; -452; 2898; 2296
vtrace1; 0; -2576; -1701; -2576; 875; 875
vtrace1; 0; 0; 313; 0; 313; 313
vtrace1; -1154; -1154; 46; 0; -1108; 46
vtrace1; 232; 232; 232; 0; 464; 232
vtrace1; 735; 736; 1673; 1; 2407; 1672
vtrace1; -1815; -2216; -530; -401; -1944; -129
vtrace1; -1775; -1814; -38; -39; -1774; 1
vtrace1; -519; -1152; -633; -633; -519; 0
vtrace1; -201; -402; -202; -201; -202; -1
vtrace1; -2177; -2636; -918; -459; -2636; -459
vtrace1; -1; 214; 430; 215; 214; 215
vtrace1; -4123; -4353; 2396; -230; -1497; 2626
vtrace1; 0; 0; 279; 0; 279; 279
vtrace1; 151; 151; 151; 0; 302; 151
vtrace1; 547; -1774; -2320; -2321; 548; 1
vtrace1; 75; -4742; 375; -4817; 5267; 5192
vtrace1; -90; -91; 2631; -1; 2542; 2632
vtrace1; 2330; -1966; -1966; -4296; 4660; 2330
vtrace1; 0; 0; 283; 0; 283; 283
vtrace1; 0; 0; 281; 0; 281; 281
vtrace1; 568; -1760; -2328; -2328; 568; 0
vtrace1; 46; -1230; -1230; -1276; 92; 46
vtrace1; -4233; -2133; 3157; 2100; -3176; 1057
vtrace1; -686; -1756; -1756; -1070; -1372; -686
vtrace1; -1390; -1391; 933; -1; -456; 934
vtrace1; -185; -186; -186; -1; -370; -185
vtrace1; 157; 1536; 2990; 1379; 1768; 1611
vtrace1; 845; 845; 1577; 0; 2422; 1577
vtrace1; -4; -1738; -1738; -1734; -8; -4
vtrace1; 777; -1402; -1260; -2179; 1696; 919
vtrace1; -793; -1586; -1586; -793; -1586; -793
vtrace1; -1441; -1303; 276; 138; -1303; 138
vtrace1; 0; -1352; -1805; -1352; -453; -453
vtrace1; -4172; -2176; 3728; 1996; -2440; 1732
vtrace1; 0; -2603; 1060; -2603; 3663; 3663
vtrace1; -417; -417; -1; 0; -418; -1
vtrace1; 2353; -4822; -4822; -7175; 4706; 2353
vtrace1; -531; -1062; -530; -531; -530; 1
vtrace1; -653; -653; -387; 0; -1040; -387
vtrace1; 1645; 888; 888; -757; 3290; 1645
vtrace1; 1468; -129; 1683; -1597; 4748; 3280
vtrace1; -2178; -4356; 390; -2178; 390; 2568
vtrace1; -111; 517; 1256; 628; 517; 628
vtrace1; -871; -1742; -297; -871; -297; 574
vtrace1; -586; -586; -586; 0; -1172; -586
vtrace1; -221; -222; -222; -1; -442; -221
vtrace1; 0; 77; 1747; 77; 1670; 1670
vtrace1; -1257; -1256; 703; 1; -555; 702
vtrace1; -640; -639; 2431; 1; 1790; 2430
vtrace1; -4216; -2173; 3750; 2043; -2509; 1707
vtrace1; 0; 983; 2433; 983; 1450; 1450
vtrace1; -2332; -1173; 1264; 1159; -2227; 105
vtrace1; -91; 118; 581; 209; 281; 372
vtrace1; -632; -632; -632; 0; -1264; -632
vtrace1; 228; -1892; 223; -2120; 2571; 2343
vtrace1; 0; 0; 1667; 0; 1667; 1667
vtrace1; -1; 11; 452; 12; 439; 440
vtrace1; -399; -387; 2920; 12; 2509; 2908
vtrace1; -822; -822; -273; 0; -1095; -273
vtrace1; 0; 0; 1671; 0; 1671; 1671
vtrace1; -799; -1598; -1598; -799; -1598; -799
vtrace1; -2184; -4368; 426; -2184; 426; 2610
vtrace1; 1; -1226; -1227; -1227; 1; 0
vtrace1; -915; -4110; -6390; -3195; -4110; -3195
vtrace1; -2089; -4178; 267; -2089; 267; 2356
vtrace1; -430; -438; -7; -8; -429; 1
vtrace1; -2179; -4358; 462; -2179; 462; 2641
vtrace1; 23; -1253; -1186; -1276; 113; 90
vtrace1; -413; -412; 2193; 1; 1779; 2192
vtrace1; 1; -1248; -1248; -1249; 2; 1
vtrace1; -3997; -6463; 2261; -2466; 730; 4727
vtrace1; -1873; -4500; -638; -2627; 116; 1989
vtrace1; 0; -531; -1062; -531; -531; -531
vtrace1; 0; -4296; 2444; -4296; 6740; 6740
vtrace1; 1; 2; 1678; 1; 1678; 1677
vtrace1; 0; -1236; -1236; -1236; 0; 0
vtrace1; -2171; -524; 1664; 1647; -2154; 17
vtrace1; 0; 157; 314; 157; 157; 157
vtrace1; 0; -321; 1129; -321; 1450; 1450
vtrace1; -576; -1152; -575; -576; -575; 1
vtrace1; -3208; -2573; 1506; 635; -2337; 871
vtrace1; 2844; -489; -3333; -3333; 2844; 0
vtrace1; -271; 803; 2148; 1074; 803; 1074
vtrace1; -34; -7209; -7261; -7175; -120; -86
vtrace1; -1176; -1176; 0; 0; -1176; 0
vtrace1; -87; 104; 1218; 191; 940; 1027
vtrace1; -1; -2628; -2452; -2627; 174; 175
vtrace1; -1768; -3890; -791; -2122; -437; 1331
vtrace1; -1; -427; -426; -426; -1; 0
vtrace1; -2178; -4356; 448; -2178; 448; 2626
vtrace1; 0; -1801; -2520; -1801; -719; -719
vtrace1; -1780; -1877; -98; -97; -1781; -1
vtrace1; 0; -1244; -1244; -1244; 0; 0
vtrace1; 416; -1828; 1376; -2244; 4036; 3620
vtrace1; -661; -477; 2520; 184; 1675; 2336
vtrace1; 11; -2786; -2640; -2797; 168; 157
vtrace1; -1094; 138; 2207; 1232; -119; 975
vtrace1; -2176; -5355; 3022; -3179; 4025; 6201
vtrace1; 2406; 247; -566; -2159; 3999; 1593
vtrace1; -1609; -6353; -6353; -4744; -3218; -1609
vtrace1; -57; 689; 2603; 746; 1800; 1857
vtrace1; -1123; -1257; 2220; -134; 1231; 2354
vtrace1; -2728; -4904; 137; -2176; -415; 2313
vtrace1; -167; -456; -288; -289; -166; 1
vtrace1; 1; 341; 1863; 340; 1524; 1523
vtrace1; 719; -359; -1196; -1078; 601; -118
vtrace1; 2; 255; 1883; 253; 1632; 1630
vtrace1; 408; 813; 1305; 405; 1308; 900
vtrace1; -345; 855; 2102; 1200; 557; 902
vtrace1; -871; -1742; -1742; -871; -1742; -871
vtrace1; 839; -481; -1319; -1320; 840; 1
vtrace1; 593; 1186; 1976; 593; 1976; 1383
vtrace1; -322; -523; -201; -201; -322; 0
vtrace1; 5; -1168; -1168; -1173; 10; 5
vtrace1; -2659; -2659; 0; 0; -2659; 0
vtrace1; -1; -614; -1226; -613; -614; -613
vtrace1; 2129; -5273; -10780; -7402; -1249; -3378
vtrace1; -2263; -4526; -6435; -2263; -6435; -4172
vtrace1; 0; -1209; -1209; -1209; 0; 0
vtrace1; -3423; -3423; 2276; 0; -1147; 2276
vtrace1; -1967; -1479; 225; 488; -2230; -263
vtrace1; -2176; -4352; 3015; -2176; 3015; 5191
vtrace1; -1; -2; 1168; -1; 1168; 1169
vtrace1; -1; -444; -443; -443; -1; 0
vtrace1; -426; -204; 643; 222; -5; 421
vtrace1; -2666; -2666; 0; 0; -2666; 0
vtrace1; 0; -444; -445; -444; -1; -1
vtrace1; -2781; -2519; 1546; 262; -1497; 1284
vtrace1; 0; -780; 1149; -780; 1929; 1929
vtrace1; 919; 497; 237; -422; 1578; 659
vtrace1; -1704; -2526; -816; -822; -1698; 6
vtrace1; 117; -698; 463; -815; 1395; 1278
vtrace1; 2149; 447; -930; -1702; 2921; 772
vtrace1; 695; -494; -1189; -1189; 695; 0
vtrace1; -247; -494; -333; -247; -333; -86
vtrace1; -1417; -1905; -485; -488; -1414; 3
vtrace1; 0; -2676; -2676; -2676; 0; 0
vtrace1; -4817; -9634; -5919; -4817; -5919; -1102
vtrace1; -1940; -4238; 55; -2298; 413; 2353
vtrace1; -7175; -7176; -65; -1; -7239; -64
vtrace1; 1826; -2368; -2368; -4194; 3652; 1826
vtrace1; -1184; -1184; 660; 0; -524; 660
vtrace1; -287; -1869; -2195; -1582; -900; -613
vtrace1; 1321; 400; -138; -921; 2104; 783
vtrace1; -1727; -2505; -777; -778; -1726; 1
vtrace1; -3752; -3880; 1904; -128; -1720; 2032
vtrace1; 1968; -482; -2450; -2450; 1968; 0
vtrace1; -822; -1859; -340; -1037; -125; 697
vtrace1; -324; -326; 2274; -2; 1952; 2276
vtrace1; 484; -1605; -1605; -2089; 968; 484
vtrace1; 387; 485; 1441; 98; 1730; 1343
vtrace1; 0; 519; 1038; 519; 519; 519
vtrace1; -399; -2769; -2769; -2370; -798; -399
vtrace1; -1544; -1082; 398; 462; -1608; -64
vtrace1; -614; -1228; -615; -614; -615; -1
vtrace1; -58; -1268; -1130; -1210; 22; 80
vtrace1; 0; 1; 484; 1; 483; 483
vtrace1; -4357; -3739; 2553; 618; -2422; 1935
vtrace1; -365; -730; -182; -365; -182; 183
vtrace1; -3752; -1959; 1793; 1793; -3752; 0
vtrace1; -3319; -593; 2726; 2726; -3319; 0
vtrace1; 2882; 818; -990; -2064; 3956; 1074
vtrace1; -598; -2558; -1960; -1960; -598; 0
vtrace1; -996; -1992; -1564; -996; -1564; -568
vtrace1; -3541; -150; 6782; 3391; -150; 3391
vtrace1; -1265; -530; 735; 735; -1265; 0
vtrace1; -2823; -2801; 1566; 22; -1279; 1544
vtrace1; -2581; -2581; 1; 0; -2580; 1
vtrace1; -1798; -2963; -1357; -1165; -1990; -192
vtrace1; -1967; -4011; -2044; -2044; -1967; 0
vtrace1; -313; -313; 1484; 0; 1171; 1484
vtrace1; -365; -730; -168; -365; -168; 197
vtrace1; 533; 533; 533; 0; 1066; 533
vtrace1; 523; 523; 523; 0; 1046; 523
vtrace1; -1283; -1852; -1852; -569; -2566; -1283
vtrace1; -2362; -4724; -837; -2362; -837; 1525
vtrace1; 316; 238; 835; -78; 1229; 913
vtrace1; -412; -270; -37; 142; -591; -179
vtrace1; 1; -736; 1153; -737; 1891; 1890
vtrace1; -1009; -2018; 94; -1009; 94; 1103
vtrace1; 0; -1919; -1920; -1919; -1; -1
vtrace1; 2061; 751; -226; -1310; 3145; 1084
vtrace1; 547; 188; 564; -359; 1470; 923
vtrace1; -972; -973; -225; -1; -1196; -224
vtrace1; -1546; -1297; 498; 249; -1297; 249
vtrace1; -2226; -2225; 282; 1; -1945; 281
vtrace1; -663; -4355; -7384; -3692; -4355; -3692
vtrace1; 1259; -466; 2028; -1725; 5012; 3753
vtrace1; 1; -2134; -1882; -2135; 254; 253
vtrace1; 1; 907; 2500; 906; 1595; 1594
vtrace1; 469; 938; 2776; 469; 2776; 2307
vtrace1; -556; -1112; -557; -556; -557; -1
vtrace1; -361; -361; 1435; 0; 1074; 1435
vtrace1; 471; -1347; -1565; -1818; 724; 253
vtrace1; -1044; -3265; -116; -2221; 1061; 2105
vtrace1; 1; 13; 452; 12; 441; 440
vtrace1; -19; -19; 1243; 0; 1224; 1243
vtrace1; 0; 0; 498; 0; 498; 498
vtrace1; -2157; -1565; 1657; 592; -1092; 1065
vtrace1; -1083; -1972; -889; -889; -1083; 0
vtrace1; 1084; -1089; 55; -2173; 3312; 2228
vtrace1; 0; -1336; 1821; -1336; 3157; 3157
vtrace1; -2150; -2147; 135; 3; -2018; 132
vtrace1; 1; -1444; -1248; -1445; 198; 197
vtrace1; 172; -1183; -1356; -1355; 171; -1
vtrace1; -1057; -1116; 574; -59; -424; 633
vtrace1; 1; -190; 2506; -191; 2698; 2697
vtrace1; 632; 1260; 1981; 628; 1985; 1353
vtrace1; 1; -1228; -1230; -1229; 0; -1
vtrace1; -313; -626; 137; -313; 137; 450
vtrace1; 1; 994; 2637; 993; 1645; 1644
vtrace1; 0; 503; 1234; 503; 731; 731
vtrace1; -3223; -1856; 1371; 1367; -3219; 4
vtrace1; 0; 68; 505; 68; 437; 437
vtrace1; -4029; -4029; 0; 0; -4029; 0
vtrace1; -55; -2059; -1797; -2004; 152; 207
vtrace1; 1311; 2622; 8713; 1311; 8713; 7402
vtrace1; 1; -3363; 1831; -3364; 5196; 5195
vtrace1; -1145; -8347; -14404; -7202; -8347; -7202
vtrace1; -164; -328; -328; -164; -328; -164
vtrace1; 131; -634; 338; -765; 1234; 1103
vtrace1; -1086; -1780; -86; -694; -478; 608
vtrace1; -7; -7; 1243; 0; 1236; 1243
vtrace1; 262; 246; 246; -16; 524; 262
vtrace1; -177; -354; -354; -177; -354; -177
vtrace1; -178; -356; -356; -178; -356; -178
vtrace1; 386; -1986; -2372; -2372; 386; 0
vtrace1; -3220; -3214; 1299; 6; -1927; 1293
vtrace1; -387; -1921; -1534; -1534; -387; 0
vtrace1; -674; -3955; -2590; -3281; 17; 691
vtrace1; -922; -3886; -2964; -2964; -922; 0
vtrace1; 503; 503; 692; 0; 1195; 692
vtrace1; 0; -1967; -1262; -1967; 705; 705
vtrace1; -413; -472; -59; -59; -413; 0
vtrace1; -2453; -1253; 1213; 1200; -2440; 13
vtrace1; -2040; -4080; -2039; -2040; -2039; 1
vtrace1; 0; -3074; -1817; -3074; 1257; 1257
vtrace1; -2157; -1740; 2606; 417; 32; 2189
vtrace1; 1190; -1178; -2369; -2368; 1189; -1
vtrace1; -129; -258; -258; -129; -258; -129
vtrace1; -130; -260; -260; -130; -260; -130
vtrace1; -1683; -1804; -242; -121; -1804; -121
vtrace1; -165; -330; -330; -165; -330; -165
vtrace1; -166; -332; -332; -166; -332; -166
vtrace1; -1448; -2976; -1865; -1528; -1785; -337
vtrace1; -3681; -3680; 1776; 1; -1906; 1775
vtrace1; -1; -387; -387; -386; -2; -1
vtrace1; 0; 1; 389; 1; 388; 388
vtrace1; -132; -264; -264; -132; -264; -132
vtrace1; -4479; -8958; -5705; -4479; -5705; -1226
vtrace1; 12; -2039; -1216; -2051; 847; 835
vtrace1; -2119; -3227; 208; -1108; -803; 1316
vtrace1; 2356; -1816; -1816; -4172; 4712; 2356
vtrace1; -298; -540; -245; -242; -301; -3
vtrace1; 1089; 204; -525; -885; 1449; 360
vtrace1; -1115; -2230; -775; -1115; -775; 340
vtrace1; -418; -393; -127; 25; -570; -152
vtrace1; -524; -2007; -2007; -1483; -1048; -524
vtrace1; 0; 0; 438; 0; 438; 438
vtrace1; -3187; -3187; 1188; 0; -1999; 1188
vtrace1; -147; -294; -294; -147; -294; -147
vtrace1; 1121; -621; 793; -1742; 3656; 2535
vtrace1; -48; -48; 2641; 0; 2593; 2641
vtrace1; -4594; -6753; -5533; -2159; -7968; -3374
vtrace1; -401; -802; -61; -401; -61; 340
vtrace1; -130; -265; -270; -135; -265; -135
vtrace1; 202; -1939; 347; -2141; 2690; 2488
vtrace1; 0; 8; 443; 8; 435; 435
vtrace1; -135; -270; -265; -135; -265; -130
vtrace1; -325; -1095; -243; -770; 202; 527
vtrace1; 3642; 4546; 7105; 904; 9843; 6201
vtrace1; 1; -1539; 614; -1540; 2155; 2154
vtrace1; -131; -271; -271; -140; -262; -131
vtrace1; -418; -1533; -775; -1115; -78; 340
vtrace1; -1344; -1343; 24; 1; -1321; 23
vtrace1; 219; 839; 1762; 620; 1361; 1142
vtrace1; 206; -2567; -2785; -2773; 194; -12
vtrace1; 0; -17; 2664; -17; 2681; 2681
vtrace1; 0; -881; -1365; -881; -484; -484
vtrace1; 0; -1; 2625; -1; 2626; 2626
vtrace1; -204; -961; 75; -757; 628; 832
vtrace1; -1384; -1385; 2625; -1; 1242; 2626
vtrace1; -185; -370; -370; -185; -370; -185
vtrace1; 250; 251; 328; 1; 577; 327
vtrace1; -152; -304; -304; -152; -304; -152
vtrace1; 0; -1784; -1926; -1784; -142; -142
vtrace1; -2630; -2410; 85; 220; -2765; -135
vtrace1; 145; 145; 267; 0; 412; 267
vtrace1; -430; -3577; -198; -3147; 2519; 2949
vtrace1; 1792; -17; 801; -1809; 4402; 2610
vtrace1; -571; -1064; 1135; -493; 1057; 1628
vtrace1; -2134; -6306; -5282; -4172; -3244; -1110
vtrace1; -2676; -2651; 20; 25; -2681; -5
vtrace1; -1691; -1187; 504; 504; -1691; 0
vtrace1; -2095; -1390; 3367; 705; 567; 2662
vtrace1; -298; -1891; -2979; -1593; -1684; -1386
vtrace1; 72; -1546; -2688; -1618; -998; -1070
vtrace1; -1035; -2070; 2414; -1035; 2414; 3449
vtrace1; -716; -1432; -557; -716; -557; 159
vtrace1; 0; -815; 1916; -815; 2731; 2731
vtrace1; -191; -382; -382; -191; -382; -191
vtrace1; 630; -2687; -3890; -3317; 57; -573
vtrace1; -3317; -3294; 5214; 23; 1874; 5191
vtrace1; 228; 279; 367; 51; 544; 316
vtrace1; -86; -2433; -1172; -2347; 1089; 1175
vtrace1; -1; -2646; -2644; -2645; 0; 1
vtrace1; -1283; -1282; 1; 1; -1283; 0
vtrace1; 426; -493; 789; -919; 2134; 1708
vtrace1; -1284; -1284; 0; 0; -1284; 0
vtrace1; -164; -328; 1484; -164; 1484; 1648
vtrace1; -457; -2849; -2849; -2392; -914; -457
vtrace1; 0; 488; 2006; 488; 1518; 1518
vtrace1; -144; -288; -288; -144; -288; -144
vtrace1; -2177; -1751; 2798; 426; 195; 2372
vtrace1; -1358; -1391; 98; -33; -1227; 131
vtrace1; 1178; 743; 743; -435; 2356; 1178
vtrace1; -1392; -1392; 0; 0; -1392; 0
vtrace1; 1; -202; 1237; -203; 1441; 1440
vtrace1; 1; 1; 1792; 0; 1793; 1792
vtrace1; -399; -1284; -885; -885; -399; 0
vtrace1; 0; 0; 1793; 0; 1793; 1793
vtrace1; 0; -1350; -1350; -1350; 0; 0
vtrace1; -1289; -1288; 2; 1; -1288; 1
vtrace1; -923; -1180; -257; -257; -923; 0
vtrace1; 0; 285; 1884; 285; 1599; 1599
vtrace1; -409; -2168; -134; -1759; 1216; 1625
vtrace1; -3331; -6662; -6662; -3331; -6662; -3331
vtrace1; -1593; -6; 1713; 1587; -1467; 126
vtrace1; 0; -1; 2613; -1; 2614; 2614
vtrace1; -142; -1969; -1703; -1827; -18; 124
vtrace1; -1808; -1809; -79; -1; -1886; -78
vtrace1; -4357; -2635; 3791; 1722; -2288; 2069
vtrace1; -116; 224; 680; 340; 224; 340
vtrace1; -1403; -1403; 0; 0; -1403; 0
vtrace1; -2060; -2060; 1425; 0; -635; 1425
vtrace1; -516; -511; 1107; 5; 586; 1102
vtrace1; -379; -758; 222; -379; 222; 601
vtrace1; -1018; -1516; 384; -498; -136; 882
vtrace1; 0; 0; 1805; 0; 1805; 1805
vtrace1; -147; 926; 2744; 1073; 1524; 1671
vtrace1; -1725; -1275; 450; 450; -1725; 0
vtrace1; 612; -638; -1250; -1250; 612; 0
vtrace1; -776; -1552; 46; -776; 46; 822
vtrace1; -3906; -7812; -4219; -3906; -4219; -313
vtrace1; -291; -101; 380; 190; -101; 190
vtrace1; 489; 401; 769; -88; 1346; 857
vtrace1; -472; -822; 345; -350; 223; 695
vtrace1; -1; 319; 640; 320; 319; 320
vtrace1; -2977; -8374; -6494; -5397; -4074; -1097
vtrace1; 49; -3479; -2013; -3528; 1564; 1515
vtrace1; -1755; -1946; -191; -191; -1755; 0
vtrace1; -1305; -1305; 0; 0; -1305; 0
vtrace1; -322; -644; -322; -322; -322; 0
vtrace1; -150; -352; 111; -202; 163; 313
vtrace1; -1349; -1349; 0; 0; -1349; 0
vtrace1; -1111; -2222; 5042; -1111; 5042; 6153
vtrace1; -3332; -606; 2726; 2726; -3332; 0
vtrace1; -906; -2654; -1748; -1748; -906; 0
vtrace1; -847; -1694; -397; -847; -397; 450
vtrace1; 0; -670; 1353; -670; 2023; 2023
vtrace1; -527; -607; -80; -80; -527; 0
vtrace1; -2122; -1076; 2092; 1046; -1076; 1046
vtrace1; -6; -1815; -1815; -1809; -12; -6
vtrace1; -2186; 3967; 12306; 6153; 3967; 6153
vtrace1; -1110; -2220; -861; -1110; -861; 249
vtrace1; 46; -180; 2481; -226; 2753; 2707
vtrace1; -1708; -1095; 1226; 613; -1095; 613
vtrace1; -292; -493; -317; -201; -408; -116
vtrace1; 369; 368; 368; -1; 738; 369
vtrace1; -2590; -3034; -687; -444; -2833; -243
vtrace1; 1; -644; 1996; -645; 2642; 2641
vtrace1; -1108; -1997; -247; -889; -466; 642
vtrace1; 2739; 364; -81; -2375; 5033; 2294
vtrace1; 1; 0; 567; -1; 569; 568
vtrace1; 0; 1937; 3874; 1937; 1937; 1937
vtrace1; -2791; -2790; 2; 1; -2790; 1
vtrace1; -276; -552; -276; -276; -276; 0
vtrace1; -340; -680; -340; -340; -340; 0
vtrace1; -129; -2527; -1870; -2398; 399; 528
vtrace1; -343; -679; -336; -336; -343; 0
vtrace1; 533; -711; -1146; -1244; 631; 98
vtrace1; 2194; 32; -321; -2162; 4035; 1841
vtrace1; -693; -694; 1394; -1; 702; 1395
vtrace1; -3148; -1529; 1232; 1619; -3535; -387
vtrace1; -3391; -6782; -6782; -3391; -6782; -3391
vtrace1; 521; -1339; -1861; -1860; 520; -1
vtrace1; -2543; -1831; 541; 712; -2714; -171
vtrace1; 371; -1751; -2949; -2122; -456; -827
vtrace1; -3423; -1849; 4724; 1574; -273; 3150
vtrace1; 1; -1343; -1343; -1344; 2; 1
vtrace1; 0; -425; -658; -425; -233; -233
vtrace1; -2823; -2828; 1544; -5; -1274; 1549
vtrace1; -1773; -2198; 1219; -425; -129; 1644
vtrace1; 3974; 1812; -92; -2162; 6044; 2070
vtrace1; -2176; -40; 4777; 2136; 465; 2641
vtrace1; -1725; -2711; -986; -986; -1725; 0
vtrace1; -2212; -1967; 245; 245; -2212; 0
vtrace1; 418; -1118; -1701; -1536; 253; -165
vtrace1; -2153; -4306; 1489; -2153; 1489; 3642
vtrace1; -1133; -1013; -216; 120; -1469; -336
vtrace1; 0; 300; 600; 300; 300; 300
vtrace1; 46; 92; 514; 46; 514; 468
vtrace1; -703; -3848; -1243; -3145; 1199; 1902
vtrace1; -1145; -1145; 415; 0; -730; 415
vtrace1; 771; -420; -75; -1191; 1887; 1116
vtrace1; -46; -584; -538; -538; -46; 0
vtrace1; -582; -583; -1; -1; -582; 0
vtrace1; -1; 376; 754; 377; 376; 377
vtrace1; 0; 6042; 12084; 6042; 6042; 6042
vtrace1; -1382; -1820; 2672; -438; 1728; 3110
vtrace1; -59; -47; 24; 12; -47; 12
vtrace1; -1; -335; 2040; -334; 2373; 2374
vtrace1; 188; -2640; -2828; -2828; 188; 0
vtrace1; -512; 979; 2489; 1491; 486; 998
vtrace1; -53; -106; 1389; -53; 1389; 1442
vtrace1; -2715; -2715; 12; 0; -2703; 12
vtrace1; 92; -702; 603; -794; 1489; 1397
vtrace1; 5; -981; 608; -986; 1599; 1594
vtrace1; -1147; -934; -212; 213; -1572; -425
vtrace1; -1070; -628; 3068; 442; 1556; 2626
vtrace1; 2233; -2706; -2967; -4939; 4205; 1972
vtrace1; -317; -634; -317; -317; -317; 0
vtrace1; -129; -2809; -1808; -2680; 743; 872
vtrace1; 0; -633; -719; -633; -86; -86
vtrace1; -727; -1337; -611; -610; -728; -1
vtrace1; -317; -317; -317; 0; -634; -317
vtrace1; 5; 5; 611; 0; 616; 611
vtrace1; -1; -2235; 2004; -2234; 4237; 4238
vtrace1; -2178; -4356; 3013; -2178; 3013; 5191
vtrace1; -3745; -7364; -5683; -3619; -5809; -2064
vtrace1; -3761; -2727; 3742; 1034; -1053; 2708
vtrace1; -576; -576; 533; 0; -43; 533
vtrace1; -903; -208; 1012; 695; -586; 317
vtrace1; 1849; 497; -527; -1352; 2674; 825
vtrace1; -817; -1242; -483; -425; -875; -58
vtrace1; -397; -1749; 1039; -1352; 1994; 2391
vtrace1; -524; -577; -53; -53; -524; 0
vtrace1; -644; -2569; -571; -1925; 710; 1354
vtrace1; 0; 35; 576; 35; 541; 541
vtrace1; -1474; -1967; 1305; -493; 324; 1798
vtrace1; 0; -279; -558; -279; -279; -279
vtrace1; 12; -235; -102; -247; 157; 145
vtrace1; -1; -2; 2735; -1; 2735; 2736
vtrace1; -2349; 395; 3655; 2744; -1438; 911
vtrace1; 0; -36; 1262; -36; 1298; 1298
vtrace1; 627; -731; 743; -1358; 2728; 2101
vtrace1; -3195; -534; 2634; 2661; -3222; -27
vtrace1; -1; -1927; -2628; -1926; -703; -702
vtrace1; -2226; 937; 4302; 3163; -1087; 1139
vtrace1; -3625; -7250; -5810; -3625; -5810; -2185
vtrace1; 1; 2; 582; 1; 582; 581
vtrace1; 567; -3965; -3965; -4532; 1134; 567
vtrace1; 1465; -1250; -2114; -2715; 2066; 601
vtrace1; 222; -1881; -1512; -2103; 813; 591
vtrace1; -1381; -1856; -676; -475; -1582; -201
vtrace1; -53; -53; 0; 0; -53; 0
vtrace1; -1; -2121; -1952; -2120; 167; 168
vtrace1; -1; -628; -628; -627; -2; -1
vtrace1; -356; 415; 1542; 771; 415; 771
vtrace1; 1; 2; 628; 1; 628; 627
vtrace1; 1198; -291; 52; -1489; 2739; 1541
vtrace1; 1311; -1160; -2688; -2471; 1094; -217
vtrace1; -1035; -1034; -920; 1; -1956; -921
vtrace1; -1; -1976; -2636; -1975; -662; -661
vtrace1; -1; -1; 1316; 0; 1315; 1316
vtrace1; 1; -2704; -2705; -2705; 1; 0
vtrace1; -2228; -1888; 224; 340; -2344; -116
vtrace1; -606; -606; 2626; 0; 2020; 2626
vtrace1; -2178; 3975; 12306; 6153; 3975; 6153
vtrace1; -291; -582; -324; -291; -324; -33
vtrace1; -16; -321; 11; -305; 300; 316
vtrace1; -4270; -4344; 2269; -74; -1927; 2343
vtrace1; -350; -638; -287; -288; -349; 1
vtrace1; 1; -549; -17; -550; 534; 533
vtrace1; 0; 0; 592; 0; 592; 592
vtrace1; -2226; -2225; 221; 1; -2006; 220
vtrace1; 0; 0; 636; 0; 636; 636
vtrace1; -1; -1; 0; 0; -1; 0
vtrace1; 0; -1312; -661; -1312; 651; 651
vtrace1; 459; -224; 1566; -683; 2708; 2249
vtrace1; 1; -110; -110; -111; 2; 1
vtrace1; 1074; 944; 954; -130; 2158; 1084
vtrace1; -3176; -2003; 1081; 1173; -3268; -92
vtrace1; -2627; -1430; 2624; 1197; -1200; 1427
vtrace1; -1561; 23; 2864; 1584; -281; 1280
vtrace1; -245; -251; 248; -6; 9; 254
vtrace1; -3423; -729; 2694; 2694; -3423; 0
vtrace1; -4919; -3816; 2206; 1103; -3816; 1103
vtrace1; 5; -628; -94; -633; 544; 539
vtrace1; 355; 355; 355; 0; 710; 355
vtrace1; -147; -3735; 1603; -3588; 5044; 5191
vtrace1; 1076; -1083; -1083; -2159; 2152; 1076
vtrace1; 12; -235; -81; -247; 178; 166
vtrace1; -116; -116; 0; 0; -116; 0
vtrace1; -2265; -2854; 252; -589; -1424; 841
vtrace1; -2341; -2340; 326; 1; -2016; 325
vtrace1; -2381; -2910; -974; -529; -2826; -445
vtrace1; -4532; -3965; 1134; 567; -3965; 567
vtrace1; 0; 0; 561; 0; 561; 561
vtrace1; -4270; -1086; 6368; 3184; -1086; 3184
vtrace1; 325; 325; 325; 0; 650; 325
vtrace1; 970; -1125; -1643; -2095; 1422; 452
vtrace1; 22; -1414; -1358; -1436; 100; 78
vtrace1; -1298; -1178; 69; 120; -1349; -51
vtrace1; -1189; -1189; 2547; 0; 1358; 2547
vtrace1; 1037; -1120; -1092; -2157; 2102; 1065
vtrace1; -121; -121; 0; 0; -121; 0
vtrace1; 1572; 3144; 5246; 1572; 5246; 3674
vtrace1; 493; -884; 844; -1377; 2714; 2221
vtrace1; -1557; -1400; 197; 157; -1517; 40
vtrace1; 1; 409; 1295; 408; 888; 887
vtrace1; 0; 0; 524; 0; 524; 524
vtrace1; -805; -1894; -556; -1089; -272; 533
vtrace1; -1; -2; 39; -1; 39; 40
vtrace1; -848; -1471; -533; -623; -758; 90
vtrace1; -346; -2693; -3000; -2347; -999; -653
vtrace1; -1937; -1677; 2004; 260; -193; 1744
vtrace1; -2378; -2377; 375; 1; -2004; 374
vtrace1; -2179; -1077; 2204; 1102; -1077; 1102
vtrace1; -3027; -10239; -7211; -7212; -3026; 1
vtrace1; 0; -1; -1; -1; 0; 0
vtrace1; 1; -7; -4; -8; 5; 4
vtrace1; -445; -186; 487; 259; -217; 228
vtrace1; -2269; -4423; 199; -2154; 84; 2353
vtrace1; -1818; -1818; -170; 0; -1988; -170
vtrace1; -649; -1954; -1954; -1305; -1298; -649
vtrace1; -2162; -720; 1476; 1442; -2128; 34
vtrace1; -28; -27; 2; 1; -27; 1
vtrace1; 0; 1; 534; 1; 533; 533
vtrace1; -132; -77; 2185; 55; 1998; 2130
vtrace1; -28; -28; 0; 0; -28; 0
vtrace1; 8; 8; 632; 0; 640; 632
vtrace1; -2176; -1092; 2168; 1084; -1092; 1084
vtrace1; 1; -89; -89; -90; 2; 1
vtrace1; 166; 166; 415; 0; 581; 415
vtrace1; 0; -4918; -8239; -4918; -3321; -3321
vtrace1; 70; -847; 726; -917; 1713; 1643
vtrace1; 0; 0; 1991; 0; 1991; 1991
vtrace1; 387; -707; -1095; -1094; 386; -1
vtrace1; -270; -271; -271; -1; -540; -270
vtrace1; 0; -9; -9; -9; 0; 0
vtrace1; 0; -12; -12; -12; 0; 0
vtrace1; -298; -596; -329; -298; -329; -31
vtrace1; -229; -38; 177; 191; -243; -14
vtrace1; 1; -9; -9; -10; 2; 1
vtrace1; 1; -32; -32; -33; 2; 1
vtrace1; 0; 0; 540; 0; 540; 540
vtrace1; 0; -56; -54; -56; 2; 2
vtrace1; -1635; -5898; -7252; -4263; -4624; -2989
vtrace1; 27; -1398; -1425; -1425; 27; 0
vtrace1; 1; -90; -13; -91; 79; 78
vtrace1; -270; -540; -298; -270; -298; -28
vtrace1; 8; -23; -23; -31; 16; 8
vtrace1; -4817; -9634; -4817; -4817; -4817; 0
vtrace1; -2179; -4358; 177; -2179; 177; 2356
vtrace1; 1; 975; 2044; 974; 1071; 1070
vtrace1; -623; -1884; 639; -1261; 1277; 1900
vtrace1; -289; -2651; -1733; -2362; 340; 629
vtrace1; 103; -170; -98; -273; 278; 175
vtrace1; 0; -453; -745; -453; -292; -292
vtrace1; -716; -1432; -716; -716; -716; 0
vtrace1; -2469; -2469; 3769; 0; 1300; 3769
vtrace1; 0; -1474; -1474; -1474; 0; 0
vtrace1; -273; -672; 1722; -399; 1848; 2121
vtrace1; -1412; -1412; 0; 0; -1412; 0
vtrace1; 0; 4372; 8744; 4372; 4372; 4372
vtrace1; 562; -1454; -2016; -2016; 562; 0
vtrace1; -2060; -2824; -740; -764; -2036; 24
vtrace1; -2739; -5478; -5478; -2739; -5478; -2739
vtrace1; 0; -28; -28; -28; 0; 0
vtrace1; 0; -27; -27; -27; 0; 0
vtrace1; 0; -1338; -710; -1338; 628; 628
vtrace1; 0; 0; 2009; 0; 2009; 2009
vtrace1; -1523; -1523; 0; 0; -1523; 0
vtrace1; -717; -717; -717; 0; -1434; -717
vtrace1; 1; -141; 90; -142; 233; 232
vtrace1; 847; -1369; -149; -2216; 2914; 2067
vtrace1; -573; -2119; 1308; -1546; 2281; 2854
vtrace1; 0; -4352; -7588; -4352; -3236; -3236
vtrace1; -593; -490; 1373; 103; 677; 1270
vtrace1; 0; 0; 1928; 0; 1928; 1928
vtrace1; 690; -14; -704; -704; 690; 0
vtrace1; 0; -3956; -1442; -3956; 2514; 2514
vtrace1; 604; -1574; -2006; -2178; 776; 172
vtrace1; 3; 193; 1995; 190; 1808; 1805
vtrace1; 0; -1868; -2812; -1868; -944; -944
vtrace1; -2837; -2791; 92; 46; -2791; 46
vtrace1; -91; -182; 84; -91; 84; 175
vtrace1; -452; -440; -291; 12; -755; -303
vtrace1; 124; 125; 575; 1; 698; 574
vtrace1; -305; -750; 364; -445; 504; 809
vtrace1; 450; -1813; -1813; -2263; 900; 450
vtrace1; 2774; 3576; 5500; 802; 7472; 4698
vtrace1; -1481; -292; 1420; 1189; -1250; 231
vtrace1; 0; -1713; 661; -1713; 2374; 2374
vtrace1; 0; -1; 104; -1; 105; 105
vtrace1; -951; -1364; -412; -413; -950; 1
vtrace1; -1011; -709; 2996; 302; 1683; 2694
vtrace1; -804; -1409; 35; -605; -164; 640
vtrace1; -1283; -2566; 2776; -1283; 2776; 4059
vtrace1; 1408; -2820; -2820; -4228; 2816; 1408
vtrace1; 1; 0; -1; -1; 1; 0
vtrace1; 0; 694; 1388; 694; 694; 694
vtrace1; -305; -610; -421; -305; -421; -116
vtrace1; -2051; -4278; -5482; -2227; -5306; -3255
vtrace1; -421; -421; -371; 0; -792; -371
vtrace1; 1770; -730; -2500; -2500; 1770; 0
vtrace1; -1; -306; -24; -305; 280; 281
vtrace1; -247; -108; 138; 139; -248; -1
vtrace1; 2494; -1498; -3863; -3992; 2623; 129
vtrace1; 2248; -23; -2272; -2271; 2247; -1
vtrace1; 222; -111; -332; -333; 223; 1
vtrace1; 1; -2177; 115; -2178; 2294; 2293
vtrace1; 820; 825; 1215; 5; 2030; 1210
vtrace1; -847; -1481; -634; -634; -847; 0
vtrace1; 320; -1731; 433; -2051; 2804; 2484
vtrace1; -1; -1802; -1396; -1801; 404; 405
vtrace1; -2172; -2537; 2096; -365; 289; 2461
vtrace1; -1045; -2892; -1698; -1847; -896; 149
vtrace1; -650; -650; -1; 0; -651; -1
vtrace1; -1512; -1417; 1418; 95; -189; 1323
vtrace1; 1073; -1106; -1106; -2179; 2146; 1073
vtrace1; -43; -737; -694; -694; -43; 0
vtrace1; 462; 924; 1660; 462; 1660; 1198
vtrace1; 103; -50; -50; -153; 206; 103
vtrace1; -820; -4904; -1946; -4084; 1318; 2138
vtrace1; -270; -386; 368; -116; 214; 484
vtrace1; -2630; 774; 4692; 3404; -1342; 1288
vtrace1; -185; 136; 946; 321; 440; 625
vtrace1; -565; -374; -154; 191; -910; -345
vtrace1; 64; 151; 656; 87; 633; 569
vtrace1; -836; -2879; -2042; -2043; -835; 1
vtrace1; -927; -1997; -1073; -1070; -930; -3
vtrace1; 2361; 171; -1616; -2190; 2935; 574
vtrace1; -2141; -2319; 54; -178; -1909; 232
vtrace1; -2172; -2537; 2083; -365; 276; 2448
vtrace1; -2129; -1789; 680; 340; -1789; 340
vtrace1; -1; -2; 127; -1; 127; 128
vtrace1; -1; 0; 658; 1; 656; 657
vtrace1; -606; -606; 1946; 0; 1340; 1946
vtrace1; 964; -747; -1711; -1711; 964; 0
vtrace1; -459; -809; -349; -350; -458; 1
vtrace1; 122; 156; 561; 34; 649; 527
vtrace1; -425; -850; -257; -425; -257; 168
vtrace1; 77; -536; -779; -613; -89; -166
vtrace1; 0; -799; -1429; -799; -630; -630
vtrace1; 188; 134; 514; -54; 756; 568
vtrace1; -1; 0; 1; 1; -1; 0
vtrace1; -1; -44; -1; -43; 41; 42
vtrace1; 739; 739; 739; 0; 1478; 739
vtrace1; 25; -1687; 65; -1712; 1802; 1777
vtrace1; -747; -748; 1521; -1; 775; 1522
vtrace1; -1133; -1469; -1006; -336; -1803; -670
vtrace1; 1; -2929; -2930; -2930; 1; 0
vtrace1; 272; -822; -1088; -1094; 278; 6
vtrace1; 1; 305; 728; 304; 425; 424
vtrace1; -879; -1758; 202; -879; 202; 1081
vtrace1; -2143; -2150; 2049; -7; -87; 2056
vtrace1; 0; -1; 94; -1; 95; 95
vtrace1; 0; -667; -668; -667; -1; -1
vtrace1; 871; -1550; -3010; -2421; 282; -589
vtrace1; -726; -2888; -8; -2162; 1428; 2154
vtrace1; 1522; -597; -2235; -2119; 1406; -116
vtrace1; -165; -165; 28; 0; -137; 28
vtrace1; -239; -1393; -1839; -1154; -924; -685
vtrace1; 0; -2850; -2850; -2850; 0; 0
vtrace1; -1363; -1364; -651; -1; -2013; -650
vtrace1; 340; -2289; -1781; -2629; 1188; 848
vtrace1; 0; -2849; -2849; -2849; 0; 0
vtrace1; -1453; -756; 696; 697; -1454; -1
vtrace1; 15; 270; 765; 255; 525; 510
vtrace1; 124; -78; -202; -202; 124; 0
vtrace1; -2176; -5378; 51; -3202; 1077; 3253
vtrace1; -5252; -7395; -2376; -2143; -5485; -233
vtrace1; -716; -720; -3; -4; -715; 1
vtrace1; 383; -1510; -1892; -1893; 384; 1
vtrace1; -4917; -3844; 2146; 1073; -3844; 1073
vtrace1; -1250; -1245; 2674; 5; 1419; 2669
vtrace1; -367; -460; -460; -93; -734; -367
vtrace1; -1141; -1141; 334; 0; -807; 334
vtrace1; -3036; -2814; 222; 222; -3036; 0
vtrace1; -452; -462; 619; -10; 177; 629
vtrace1; 0; -2858; -2858; -2858; 0; 0
vtrace1; 0; -1606; 19; -1606; 1625; 1625
vtrace1; -1748; -594; 1022; 1154; -1880; -132
vtrace1; 0; -191; -86; -191; 105; 105
vtrace1; -981; -3562; -489; -2581; 1111; 2092
vtrace1; -2877; -723; 1471; 2154; -3560; -683
vtrace1; 1; -19; -21; -20; 0; -1
vtrace1; 34; -148; 50; -182; 266; 232
vtrace1; 1; -133; -84; -134; 51; 50
vtrace1; -343; -344; 258; -1; -84; 259
vtrace1; -1594; -1647; 186; -53; -1355; 239
vtrace1; 695; 695; 695; 0; 1390; 695
vtrace1; -27; -26; 1522; 1; 1494; 1521
vtrace1; 0; -2; 22; -2; 24; 24
vtrace1; 749; 749; 749; 0; 1498; 749
vtrace1; -3613; -2918; 1496; 695; -2812; 801
vtrace1; -2089; -4178; -5467; -2089; -5467; -3378
vtrace1; -515; -89; 427; 426; -514; 1
vtrace1; -663; -664; -664; -1; -1326; -663
vtrace1; 629; -711; 850; -1340; 2819; 2190
vtrace1; -3; 225; 821; 228; 590; 593
vtrace1; -2156; -2156; 1357; 0; -799; 1357
vtrace1; -1; -40; 93; -39; 131; 132
vtrace1; -2178; -1104; 2148; 1074; -1104; 1074
vtrace1; 1200; -1305; -2660; -2505; 1045; -155
vtrace1; -2122; -2584; 640; -462; -1020; 1102
vtrace1; -435; -436; 617; -1; 183; 618
vtrace1; -2178; -1105; 2146; 1073; -1105; 1073
vtrace1; 408; 409; 901; 1; 1308; 900
vtrace1; -3202; -96; 3107; 3106; -3201; 1
vtrace1; -1890; -1143; 2519; 747; -118; 1772
vtrace1; -3111; -6222; -3111; -3111; -3111; 0
vtrace1; 1377; -718; -2094; -2095; 1378; 1
vtrace1; 2596; -1199; -1178; -3795; 5213; 2617
vtrace1; -962; -1547; 1060; -585; 683; 1645
vtrace1; -386; -614; 483; -228; 325; 711
vtrace1; -2469; -2981; 943; -512; -1014; 1455
vtrace1; -170; -99; 71; 71; -170; 0
vtrace1; -3801; -2174; 5247; 1627; -181; 3620
vtrace1; -1; 0; 6202; 1; 6200; 6201
vtrace1; -2244; -4488; 112; -2244; 112; 2356
vtrace1; 0; -922; -60; -922; 862; 862
vtrace1; 0; -144; -64; -144; 80; 80
vtrace1; -150; -80; 297; 70; 77; 227
vtrace1; 0; -152; -62; -152; 90; 90
vtrace1; -2630; -2097; 1138; 533; -2025; 605
vtrace1; -524; -2678; -924; -2154; 706; 1230
vtrace1; -247; -247; 12; 0; -235; 12
vtrace1; -1; -65; -63; -64; 0; 1
vtrace1; -130; -64; 67; 66; -129; 1
vtrace1; -1667; -1470; 899; 197; -965; 702
vtrace1; -1035; -3253; 1231; -2218; 2414; 3449
vtrace1; -1088; -2176; 1172; -1088; 1172; 2260
vtrace1; -2775; -5550; -5550; -2775; -5550; -2775
vtrace1; -1381; -405; 1952; 976; -405; 976
vtrace1; -324; -648; 433; -324; 433; 757
vtrace1; 0; 0; 685; 0; 685; 685
vtrace1; -3619; -5369; 2101; -1750; 232; 3851
vtrace1; -1339; -1463; 1410; -124; 195; 1534
vtrace1; -1035; -3271; 1213; -2236; 2414; 3449
vtrace1; -2121; -3002; 1470; -881; 230; 2351
vtrace1; -2; 3161; 6347; 3163; 3182; 3184
vtrace1; 0; 0; 689; 0; 689; 689
vtrace1; -140; -140; 1; 0; -139; 1
vtrace1; -2029; -1448; 1892; 581; -718; 1311
vtrace1; 1028; -1273; -1273; -2301; 2056; 1028
vtrace1; 0; 201; 734; 201; 533; 533
vtrace1; -4817; -9045; -4752; -4228; -5341; -524
vtrace1; -1883; -181; 1703; 1702; -1882; 1
vtrace1; -2004; -2003; -826; 1; -2831; -827
vtrace1; -86; -408; 1548; -322; 1784; 1870
vtrace1; -141; -141; 0; 0; -141; 0
vtrace1; 11; -1592; -1603; -1603; 11; 0
vtrace1; -703; -703; 1442; 0; 739; 1442
vtrace1; -1; -2; 248; -1; 248; 249
vtrace1; -559; -1465; -906; -906; -559; 0
vtrace1; -1; -2; 207; -1; 207; 208
vtrace1; 0; 0; 653; 0; 653; 653
vtrace1; -518; -610; 661; -92; 235; 753
vtrace1; -147; -998; -1343; -851; -639; -492
vtrace1; -147; -145; 2; 2; -147; 0
vtrace1; -2728; -2728; 3552; 0; 824; 3552
vtrace1; -147; -147; 0; 0; -147; 0
vtrace1; 2426; 65; -2259; -2361; 2528; 102
vtrace1; -1070; -489; 1899; 581; 248; 1318
vtrace1; -1; -655; -655; -654; -2; -1
vtrace1; 0; -425; -850; -425; -425; -425
vtrace1; -2342; -2492; 166; -150; -2026; 316
vtrace1; -4918; -7208; -2762; -2290; -5390; -472
vtrace1; -152; -152; 1; 0; -151; 1
vtrace1; -194; -194; 0; 0; -194; 0
vtrace1; 191; -1971; 623; -2162; 2976; 2785
vtrace1; -3435; -6870; -5613; -3435; -5613; -2178
vtrace1; 0; -220; -220; -220; 0; 0
vtrace1; 157; -2964; -3064; -3121; 214; 57
vtrace1; -239; -855; -621; -616; -244; -5
vtrace1; -181; 648; 1658; 829; 648; 829
vtrace1; 22; -1885; -158; -1907; 1771; 1749
vtrace1; -2119; -667; 1320; 1452; -2251; -132
vtrace1; -1863; -6129; -8532; -4266; -6129; -4266
vtrace1; -354; -2985; -1873; -2631; 404; 758
vtrace1; 488; -3667; -1927; -4155; 2716; 2228
vtrace1; 238; -1417; 537; -1655; 2430; 2192
vtrace1; 0; -2371; 114; -2371; 2485; 2485
vtrace1; 684; -810; -1503; -1494; 675; -9
vtrace1; -1827; -1778; 322; 49; -1554; 273
vtrace1; 1593; -1182; -369; -2775; 3999; 2406
vtrace1; -728; -1385; 190; -657; 119; 847
vtrace1; 2; -2160; 2722; -2162; 4886; 4884
vtrace1; -2082; -4164; -4164; -2082; -4164; -2082
vtrace1; -302; -181; 242; 121; -181; 121
vtrace1; 0; -192; -145; -192; 47; 47
vtrace1; -1; -2; 2943; -1; 2943; 2944
vtrace1; -239; -239; 366; 0; 127; 366
vtrace1; 220; -304; -372; -524; 372; 152
vtrace1; 2094; -1869; -2222; -3963; 3835; 1741
vtrace1; -408; -4902; -316; -4494; 3770; 4178
vtrace1; 169; -290; 1984; -459; 2612; 2443
vtrace1; 0; -3677; -1601; -3677; 2076; 2076
vtrace1; 0; 0; 6185; 0; 6185; 6185
vtrace1; -2929; -5109; 69; -2180; -680; 2249
vtrace1; 1645; -1596; -3800; -3241; 1086; -559
vtrace1; 0; -1603; -1603; -1603; 0; 0
vtrace1; -911; -1822; -1822; -911; -1822; -911
vtrace1; -1102; -2204; 1252; -1102; 1252; 2354
vtrace1; -426; -5458; -7194; -5032; -2588; -2162
vtrace1; -350; -350; 500; 0; 150; 500
vtrace1; -129; -818; -1367; -689; -807; -678
vtrace1; -220; -220; 0; 0; -220; 0
vtrace1; -2064; -4214; -4214; -2150; -4128; -2064
vtrace1; -7202; -7203; -7203; -1; -14404; -7202
vtrace1; -309; -730; -508; -421; -396; -87
vtrace1; 0; -242; 93; -242; 335; 335
vtrace1; 2113; -1389; -1209; -3502; 4406; 2293
vtrace1; 0; -2964; -1521; -2964; 1443; 1443
vtrace1; -1546; -1545; 2; 1; -1545; 1
vtrace1; 799; -794; -1594; -1593; 798; -1
vtrace1; -2051; -4102; -4102; -2051; -4102; -2051
vtrace1; -1; -632; -778; -631; -148; -147
vtrace1; -686; -802; 1440; -116; 870; 1556
vtrace1; -1; -2770; -818; -2769; 1950; 1951
vtrace1; -387; -195; 269; 192; -310; 77
vtrace1; -2184; -1924; 1318; 260; -1126; 1058
vtrace1; -3869; -6805; -5872; -2936; -6805; -2936
vtrace1; 245; -512; -470; -757; 532; 287
vtrace1; -326; -163; 2517; 163; 2028; 2354
vtrace1; -48; -3179; -6262; -3131; -3179; -3131
vtrace1; -228; -227; 0; 1; -229; -1
vtrace1; -1; -1; 229; 0; 228; 229
vtrace1; -2129; -2129; 3663; 0; 1534; 3663
vtrace1; 0; 735; 1470; 735; 735; 735
vtrace1; 736; -58; -795; -794; 735; -1
vtrace1; -1; -2; 1576; -1; 1576; 1577
vtrace1; 220; 220; 629; 0; 849; 629
vtrace1; -2204; -1754; 1414; 450; -1240; 964
vtrace1; 1350; -913; -2248; -2263; 1365; 15
vtrace1; -86; -172; 172; -86; 172; 258
vtrace1; -418; -418; -418; 0; -836; -418
vtrace1; -1; -2; 1583; -1; 1583; 1584
vtrace1; -2729; -2728; 1806; 1; -924; 1805
vtrace1; -263; -56; 1119; 207; 649; 912
vtrace1; 128; -130; 67; -258; 453; 325
vtrace1; -452; -904; -452; -452; -452; 0
vtrace1; 660; -429; -880; -1089; 869; 209
vtrace1; 0; -2739; -1584; -2739; 1155; 1155
vtrace1; -1941; -2932; -990; -991; -1940; 1
vtrace1; 0; -1632; -1632; -1632; 0; 0
vtrace1; -4594; -4594; 4729; 0; 135; 4729
vtrace1; 2374; -169; -169; -2543; 4748; 2374
vtrace1; 632; -2604; -2819; -3236; 1049; 417
vtrace1; 0; -2803; -1590; -2803; 1213; 1213
vtrace1; 450; -928; -1976; -1378; -148; -598
vtrace1; 1338; -8; -134; -1346; 2550; 1212
vtrace1; -2803; -1590; 1212; 1213; -2804; -1
vtrace1; 438; 385; 385; -53; 876; 438
vtrace1; -453; -453; -453; 0; -906; -453
vtrace1; 0; -2102; 1529; -2102; 3631; 3631
vtrace1; 1; -421; 208; -422; 631; 630
vtrace1; 0; -460; -871; -460; -411; -411
vtrace1; -1574; -1573; 0; 1; -1575; -1
vtrace1; -1; -9; 1555; -8; 1562; 1563
vtrace1; 1350; -913; -2263; -2263; 1350; 0
vtrace1; -258; -257; 424; 1; 165; 423
vtrace1; -298; -874; -576; -576; -298; 0
vtrace1; 0; -763; -1002; -763; -239; -239
vtrace1; -1980; -2036; -897; -56; -2821; -841
vtrace1; -794; 3478; 9856; 4272; 4790; 5584
vtrace1; -426; -852; -426; -426; -426; 0
vtrace1; 1; -408; 167; -409; 577; 576
vtrace1; -1681; -1682; 2660; -1; 980; 2661
vtrace1; -459; -918; -459; -459; -459; 0
vtrace1; -2062; -4124; -4124; -2062; -4124; -2062
vtrace1; -445; -595; -300; -150; -595; -150
vtrace1; 1; -920; -1558; -921; -636; -637
vtrace1; -832; -833; -1; -1; -832; 0
vtrace1; -1147; -963; 184; 184; -1147; 0
vtrace1; -459; -459; -459; 0; -918; -459
vtrace1; -491; -491; -491; 0; -982; -491
vtrace1; -1149; -3299; 2687; -2150; 3688; 4837
vtrace1; -17; -17; 191; 0; 174; 191
vtrace1; -2178; -5503; -5503; -3325; -4356; -2178
vtrace1; -2064; -4128; -4128; -2064; -4128; -2064
vtrace1; 0; -565; 172; -565; 737; 737
vtrace1; -4493; -8986; -4492; -4493; -4492; 1
vtrace1; -702; -691; -133; 11; -846; -144
vtrace1; 0; -1563; -1563; -1563; 0; 0
vtrace1; 0; -664; -794; -664; -130; -130
vtrace1; -1125; -2269; 1214; -1144; 1233; 2358
vtrace1; -169; -169; 365; 0; 196; 365
vtrace1; -583; -1635; -1024; -1052; -555; 28
vtrace1; -794; -794; -1; 0; -795; -1
vtrace1; -3564; -967; 2597; 2597; -3564; 0
vtrace1; 340; -1822; 520; -2162; 3022; 2682
vtrace1; -1069; -1514; 1270; -445; 646; 1715
vtrace1; -3424; -6848; -5676; -3424; -5676; -2252
vtrace1; 0; -3020; -3020; -3020; 0; 0
vtrace1; 1555; -1758; -94; -3313; 4774; 3219
vtrace1; 1; -309; -243; -310; 68; 67
vtrace1; 90; 172; 773; 82; 781; 691
vtrace1; -3345; -1194; 4272; 2151; -1224; 2121
vtrace1; 0; 173; 862; 173; 689; 689
vtrace1; -325; -326; 228; -1; -96; 229
vtrace1; -335; -1279; 583; -944; 1192; 1527
vtrace1; -952; -186; 766; 766; -952; 0
vtrace1; -445; -890; -444; -445; -444; 1
vtrace1; -2162; -636; 2019; 1526; -1669; 493
vtrace1; -2997; -290; 2747; 2707; -2957; 40
vtrace1; 2006; 912; 912; -1094; 4012; 2006
vtrace1; -116; -2491; 942; -2375; 3201; 3317
vtrace1; -1337; -296; 1041; 1041; -1337; 0
vtrace1; -1755; -1755; 2563; 0; 808; 2563
vtrace1; -3807; -2909; 2851; 898; -1854; 1953
vtrace1; -1073; -800; 797; 273; -549; 524
vtrace1; -1286; -1286; 1114; 0; -172; 1114
vtrace1; -2162; -4324; -4324; -2162; -4324; -2162
vtrace1; 5; -1103; -901; -1108; 212; 207
vtrace1; -8; -251; 241; -243; 476; 484
vtrace1; 245; -172; -417; -417; 245; 0
vtrace1; 632; 633; 1009; 1; 1640; 1008
vtrace1; 0; -407; -814; -407; -407; -407
vtrace1; 25; -1687; -922; -1712; 815; 790
vtrace1; 0; 437; 874; 437; 437; 437
vtrace1; 1; -3034; -3034; -3035; 2; 1
vtrace1; -152; -152; 1753; 0; 1601; 1753
vtrace1; -1; -214; 901; -213; 1113; 1114
vtrace1; -825; -302; 523; 523; -825; 0
vtrace1; -1231; -1230; 266; 1; -966; 265
vtrace1; 2371; -1845; -2173; -4216; 4414; 2043
vtrace1; -2179; -4358; 4095; -2179; 4095; 6274
vtrace1; -2178; -4260; -4164; -2082; -4260; -2082
vtrace1; -3072; -2994; 80; 78; -3070; 2
vtrace1; -302; -538; 38; -236; -28; 274
vtrace1; -2915; -2915; 2672; 0; -243; 2672
vtrace1; -2051; -4227; -4227; -2176; -4102; -2051
vtrace1; -116; -202; 1597; -86; 1567; 1683
vtrace1; 87; -1089; 177; -1176; 1440; 1353
vtrace1; -3684; -3685; 2738; -1; -945; 2739
vtrace1; 0; -410; -820; -410; -410; -410
vtrace1; -2129; -4258; -4258; -2129; -4258; -2129
vtrace1; -2908; -3966; 3772; -1058; 1922; 4830
vtrace1; -1014; -619; 108; 395; -1301; -287
vtrace1; -2593; -1155; 2412; 1438; -1619; 974
vtrace1; 0; -356; -356; -356; 0; 0
vtrace1; 183; -269; -451; -452; 184; 1
vtrace1; -2165; -4330; -4330; -2165; -4330; -2165
vtrace1; 0; 0; 887; 0; 887; 887
vtrace1; 0; 314; 888; 314; 574; 574
vtrace1; -2082; 466; 3055; 2548; -1575; 507
vtrace1; 0; -235; 1444; -235; 1679; 1679
vtrace1; -2620; -929; 1690; 1691; -2621; -1
vtrace1; -1664; -3927; 1186; -2263; 1785; 3449
vtrace1; -3678; -1856; 3406; 1822; -2094; 1584
vtrace1; -2064; -961; 512; 1103; -2655; -591
vtrace1; -466; -975; -509; -509; -466; 0
vtrace1; -703; -1628; -847; -925; -625; 78
vtrace1; 1; -824; -1638; -825; -812; -813
vtrace1; -827; -248; 598; 579; -808; 19
vtrace1; -2118; -4236; -4236; -2118; -4236; -2118
vtrace1; -1277; -2554; 79; -1277; 79; 1356
vtrace1; -2153; -4306; -4306; -2153; -4306; -2153
vtrace1; -1; 819; 1640; 820; 819; 820
vtrace1; -1901; -1618; 1563; 283; -621; 1280
vtrace1; 34; -2688; 177; -2722; 2933; 2899
vtrace1; -362; -362; 0; 0; -362; 0
vtrace1; -291; -582; -582; -291; -582; -291
vtrace1; -1075; -1077; 247; -2; -826; 249
vtrace1; 0; 157; 852; 157; 695; 695
vtrace1; -2119; -4238; -4238; -2119; -4238; -2119
vtrace1; 689; -766; -1606; -1455; 538; -151
vtrace1; -305; -610; -610; -305; -610; -305
vtrace1; 0; -3374; -275; -3374; 3099; 3099
vtrace1; 0; -4917; -9834; -4917; -4917; -4917
vtrace1; -2934; -5868; -5579; -2934; -5579; -2645
vtrace1; 629; -1506; -1506; -2135; 1258; 629
vtrace1; -2089; -4248; -4248; -2159; -4178; -2089
vtrace1; -3442; -7119; -7119; -3677; -6884; -3442
vtrace1; 0; -367; -367; -367; 0; 0
vtrace1; -7212; -5091; 4242; 2121; -5091; 2121
vtrace1; 488; -456; -1366; -944; 66; -422
vtrace1; -57; -44; 1596; 13; 1526; 1583
vtrace1; -404; -554; 682; -150; 428; 832
vtrace1; -298; -266; 78; 32; -252; 46
vtrace1; -2089; -4178; -4251; -2089; -4251; -2162
vtrace1; -298; -589; -582; -291; -589; -291
vtrace1; 1; -73; 219; -74; 294; 293
vtrace1; 0; 0; 857; 0; 857; 857
vtrace1; 0; 287; 861; 287; 574; 574
vtrace1; -23; -187; 329; -164; 470; 493
vtrace1; 0; 1; 858; 1; 857; 857
vtrace1; -2121; -4242; -4242; -2121; -4242; -2121
vtrace1; 0; -1; 1543; -1; 1544; 1544
vtrace1; -2122; -4244; -4244; -2122; -4244; -2122
vtrace1; -2157; -4314; -4314; -2157; -4314; -2157
vtrace1; -2158; -4316; -4316; -2158; -4316; -2158
vtrace1; -2176; -4352; -4258; -2176; -4258; -2082
vtrace1; -310; -620; -620; -310; -620; -310
vtrace1; 0; 0; 822; 0; 822; 822
vtrace1; -791; -1355; -693; -564; -920; -129
vtrace1; 588; -507; -1496; -1095; 187; -401
vtrace1; -2168; -1572; 1192; 596; -1572; 596
vtrace1; -793; -531; 524; 262; -531; 262
vtrace1; -2173; -4346; -4346; -2173; -4346; -2173
vtrace1; -2174; -4348; -4348; -2174; -4348; -2174
vtrace1; -754; -754; 1556; 0; 802; 1556
vtrace1; 64; -517; 849; -581; 1494; 1430
vtrace1; 0; 0; 826; 0; 826; 826
vtrace1; 1581; -1797; -1130; -3378; 3829; 2248
vtrace1; -2176; -4352; -4352; -2176; -4352; -2176
vtrace1; -639; -151; 1027; 488; -100; 539
vtrace1; -298; -596; -596; -298; -596; -298
vtrace1; 0; -298; -298; -298; 0; 0
vtrace1; -1127; -975; 149; 152; -1130; -3
vtrace1; 1311; -239; -239; -1550; 2622; 1311
vtrace1; -121; -49; 1697; 72; 1504; 1625
vtrace1; -3167; -3288; 2252; -121; -794; 2373
vtrace1; -33; -254; 267; -221; 455; 488
vtrace1; 0; -344; -343; -344; 1; 1
vtrace1; -201; -2417; -760; -2216; 1255; 1456
vtrace1; 500; 500; 500; 0; 1000; 500
vtrace1; 1094; 88; -134; -1006; 1966; 872
vtrace1; -1712; -1712; 0; 0; -1712; 0
vtrace1; -284; -284; 0; 0; -284; 0
vtrace1; -1781; -1845; 1523; -64; -194; 1587
vtrace1; -325; -325; 0; 0; -325; 0
vtrace1; -305; -750; -595; -445; -455; -150
vtrace1; -804; -1608; -804; -804; -804; 0
vtrace1; -203; -203; 1063; 0; 860; 1063
vtrace1; -3078; -3068; 20; 10; -3068; 10
vtrace1; -1; -2185; -793; -2184; 1390; 1391
vtrace1; -1799; -2090; 2062; -291; 554; 2353
vtrace1; -1; -4495; -8988; -4494; -4495; -4494
vtrace1; -494; -266; 229; 228; -493; 1
vtrace1; -168; -168; 1114; 0; 946; 1114
vtrace1; 527; -236; -236; -763; 1054; 527
vtrace1; 92; 184; 6293; 92; 6293; 6201
vtrace1; 0; -1788; 240; -1788; 2028; 2028
vtrace1; 0; -310; -310; -310; 0; 0
vtrace1; -1127; -1021; 179; 106; -1054; 73
vtrace1; 77; -1635; -1712; -1712; 77; 0
vtrace1; -2987; -5171; 2120; -2184; 1317; 4304
vtrace1; 265; -304; 2030; -569; 2864; 2599
vtrace1; -336; -336; 0; 0; -336; 0
vtrace1; -818; -818; -818; 0; -1636; -818
vtrace1; 1; 303; 931; 302; 630; 629
vtrace1; 482; -322; -709; -804; 577; 95
vtrace1; 2987; 833; -93; -2154; 5048; 2061
vtrace1; 5; -757; -273; -762; 494; 489
vtrace1; 0; -884; -1768; -884; -884; -884
vtrace1; -284; -568; -568; -284; -568; -284
vtrace1; -2398; -2397; 2059; 1; -340; 2058
vtrace1; -2372; -2373; 1520; -1; -851; 1521
vtrace1; -1772; -1772; 0; 0; -1772; 0
vtrace1; -270; -540; -540; -270; -540; -270
vtrace1; -342; -342; 0; 0; -342; 0
vtrace1; -111; -556; -890; -445; -556; -445
vtrace1; 0; -459; 254; -459; 713; 713
vtrace1; -1225; -725; 370; 500; -1355; -130
vtrace1; -706; -503; 406; 203; -503; 203
vtrace1; -1823; -824; 242; 999; -2580; -757
vtrace1; -379; 105; 636; 484; -227; 152
vtrace1; -2342; -2707; 12; -365; -1965; 377
vtrace1; 40; -339; 222; -379; 641; 601
vtrace1; -150; -997; -841; -847; -144; 6
vtrace1; -458; -2914; 38; -2456; 2036; 2494
vtrace1; -815; -1630; -775; -815; -775; 40
vtrace1; 688; -163; -998; -851; 541; -147
vtrace1; -827; -1654; -827; -827; -827; 0
vtrace1; 0; -225; 225; -225; 450; 450
vtrace1; 0; -1784; -1784; -1784; 0; 0
vtrace1; -257; 3109; 6732; 3366; 3109; 3366
vtrace1; -3027; -2924; 94; 103; -3036; -9
vtrace1; -1678; -1677; 2; 1; -1677; 1
vtrace1; 1; -2187; 950; -2188; 3139; 3138
vtrace1; 0; -221; 267; -221; 488; 488
vtrace1; 985; 986; 2033; 1; 3017; 2032
vtrace1; 0; -3238; -6476; -3238; -3238; -3238
vtrace1; -3474; -1183; 3248; 2291; -2517; 957
vtrace1; -346; -346; 2000; 0; 1654; 2000
vtrace1; -3623; -3624; 3894; -1; 272; 3895
vtrace1; -1; -974; -973; -973; -1; 0
vtrace1; -2176; -4352; 2522; -2176; 2522; 4698
vtrace1; -178; -1578; -863; -1400; 359; 537
vtrace1; -534; -534; -466; 0; -1000; -466
vtrace1; 1060; -276; -1335; -1336; 1061; 1
vtrace1; -425; -2599; -530; -2174; 1219; 1644
vtrace1; -1640; -478; 2623; 1162; -179; 1461
vtrace1; 1238; -308; -1514; -1546; 1270; 32
vtrace1; 879; -1023; -1901; -1902; 880; 1
vtrace1; -803; -1911; -135; -1108; 170; 973
vtrace1; -1001; -1001; -1; 0; -1002; -1
vtrace1; 2; -1710; -1711; -1712; 3; 1
vtrace1; -738; -737; -269; 1; -1008; -270
vtrace1; -2178; -4356; -5613; -2178; -5613; -3435
vtrace1; -1825; -3650; 103; -1825; 103; 1928
vtrace1; 0; -605; 285; -605; 890; 890
vtrace1; 496; -174; -671; -670; 495; -1
vtrace1; -498; -314; 169; 184; -513; -15
vtrace1; -2176; -4352; 2551; -2176; 2551; 4727
vtrace1; -1; -1713; -1610; -1712; 101; 102
vtrace1; -1022; -371; 649; 651; -1024; -2
vtrace1; 0; -1400; 163; -1400; 1563; 1563
vtrace1; -2642; -5476; -5820; -2834; -5628; -2986
vtrace1; -339; -678; -678; -339; -678; -339
vtrace1; -1; -1403; 954; -1402; 2355; 2356
vtrace1; 191; -942; 676; -1133; 2000; 1809
vtrace1; 172; 344; 803; 172; 803; 631
vtrace1; -466; -552; -595; -86; -975; -509
vtrace1; -258; -130; 551; 128; 165; 423
vtrace1; -325; -650; -650; -325; -650; -325
vtrace1; -4357; -6785; -4856; -2428; -6785; -2428
vtrace1; 0; 462; 937; 462; 475; 475
vtrace1; 0; -196; 292; -196; 488; 488
vtrace1; -2017; -4218; -4402; -2201; -4218; -2201
vtrace1; -2828; -1618; 1209; 1210; -2829; -1
vtrace1; -1354; -144; 2420; 1210; -144; 1210
vtrace1; -2179; 2548; 9454; 4727; 2548; 4727
vtrace1; 135; -1479; 164; -1614; 1913; 1778
vtrace1; -97; -483; 1719; -386; 2008; 2105
vtrace1; -1; -1966; -1663; -1965; 301; 302
vtrace1; -659; -1641; -983; -982; -660; -1
vtrace1; -4103; -2522; 3162; 1581; -2522; 1581
vtrace1; -282; -912; -746; -630; -398; -116
vtrace1; 0; -3215; -920; -3215; 2295; 2295
vtrace1; -887; -2723; 507; -1836; 1456; 2343
vtrace1; -1; -783; -171; -782; 610; 611
vtrace1; 628; -1843; -251; -2471; 2848; 2220
vtrace1; -1473; -1473; 467; 0; -1006; 467
vtrace1; -1593; -1588; 1811; 5; 213; 1806
vtrace1; 219; -305; -524; -524; 219; 0
vtrace1; -379; -758; -758; -379; -758; -379
vtrace1; -715; -324; 390; 391; -716; -1
vtrace1; -789; -924; -135; -135; -789; 0
vtrace1; -213; -1250; 1201; -1037; 2025; 2238
vtrace1; -2176; -1549; 1254; 627; -1549; 627
vtrace1; -243; -486; 1870; -243; 1870; 2113
vtrace1; -1942; -1310; 1741; 632; -833; 1109
vtrace1; -3202; -4817; -5298; -1615; -6885; -3683
vtrace1; 174; 348; 775; 174; 775; 601
vtrace1; -954; -1908; -764; -954; -764; 190
vtrace1; -417; -417; 0; 0; -417; 0
vtrace1; 520; -1949; -2855; -2469; 134; -386
vtrace1; -4228; -4228; -2271; 0; -6499; -2271
vtrace1; -4172; -6473; -2302; -2301; -4173; -1
vtrace1; -1337; -1121; 2335; 216; 782; 2119
vtrace1; -835; -2025; -203; -1190; 152; 987
vtrace1; 0; -1383; 1593; -1383; 2976; 2976
vtrace1; 0; 0; 999; 0; 999; 999
vtrace1; -2770; -336; 2433; 2434; -2771; -1
vtrace1; 3663; 3460; 3460; -203; 7326; 3663
vtrace1; -1; -997; -997; -996; -2; -1
vtrace1; -410; -361; 49; 49; -410; 0
vtrace1; -3378; -1022; 2355; 2356; -3379; -1
vtrace1; -2469; -2469; 2150; 0; -319; 2150
vtrace1; -1349; -1349; 371; 0; -978; 371
vtrace1; -4181; -6482; -2302; -2301; -4182; -1
vtrace1; -2178; -4300; -4244; -2122; -4300; -2122
vtrace1; 0; 259; 1005; 259; 746; 746
vtrace1; -941; -1942; 600; -1001; 660; 1601
vtrace1; 0; -1; 1774; -1; 1775; 1775
vtrace1; 316; -2026; -1959; -2342; 699; 383
vtrace1; 215; -407; -622; -622; 215; 0
vtrace1; -3663; -2873; 3321; 790; -1132; 2531
vtrace1; -1636; -1632; 2643; 4; 1003; 2639
vtrace1; -2327; -2312; 1365; 15; -977; 1350
vtrace1; -201; -1457; 418; -1256; 1473; 1674
vtrace1; 3040; -810; -4050; -3850; 2840; -200
vtrace1; -3963; -3964; 2189; -1; -1773; 2190
vtrace1; 3268; 3267; 3267; -1; 6536; 3268
vtrace1; -534; -371; 163; 163; -534; 0
vtrace1; -4943; -9886; -4944; -4943; -4944; -1
vtrace1; -1799; -1789; 20; 10; -1789; 10
vtrace1; -1792; -892; 1308; 900; -1384; 408
vtrace1; 3251; 3250; 3250; -1; 6502; 3251
vtrace1; -444; -444; 0; 0; -444; 0
vtrace1; 105; -292; -396; -397; 106; 1
vtrace1; -631; -486; 145; 145; -631; 0
vtrace1; -2162; -1595; 2468; 567; -261; 1901
vtrace1; -941; -1882; -696; -941; -696; 245
vtrace1; -747; -430; 345; 317; -719; 28
vtrace1; -321; -1996; -1298; -1675; 56; 377
vtrace1; -1818; -1818; 1521; 0; -297; 1521
vtrace1; -3619; -958; 2657; 2661; -3623; -4
vtrace1; -3221; -6442; -3221; -3221; -3221; 0
vtrace1; -827; -826; 505; 1; -323; 504
vtrace1; 152; 379; 874; 227; 799; 647
vtrace1; 0; -449; -449; -449; 0; 0
vtrace1; -3131; -6262; -3333; -3131; -3333; -202
vtrace1; -387; -387; 0; 0; -387; 0
vtrace1; 0; 0; 983; 0; 983; 983
vtrace1; 862; -1292; -1910; -2154; 1106; 244
vtrace1; 1; -297; 982; -298; 1281; 1280
vtrace1; 2467; -516; -2174; -2983; 3276; 809
vtrace1; 262; -265; -544; -527; 245; -17
vtrace1; -1641; -1641; 2626; 0; 985; 2626
vtrace1; -2277; -2232; 2578; 45; 256; 2533
vtrace1; 0; -456; -456; -456; 0; 0
vtrace1; -451; -327; 124; 124; -451; 0
vtrace1; -661; -288; 377; 373; -657; 4
vtrace1; 124; -78; 288; -202; 614; 490
vtrace1; 0; 0; 946; 0; 946; 946
vtrace1; 290; -436; -726; -726; 290; 0
vtrace1; 0; 0; 945; 0; 945; 945
vtrace1; -1784; -1530; 112; 254; -1926; -142
vtrace1; -170; -171; 606; -1; 437; 607
vtrace1; 0; 0; 991; 0; 991; 991
vtrace1; -2075; -2076; 1062; -1; -1012; 1063
vtrace1; 0; 757; 1676; 757; 919; 919
vtrace1; -398; -398; 0; 0; -398; 0
vtrace1; -31; -455; -279; -424; 114; 145
vtrace1; -764; -505; 259; 259; -764; 0
vtrace1; -1099; -2198; 111; -1099; 111; 1210
vtrace1; 0; -1911; -1785; -1911; 126; 126
vtrace1; -2082; -4260; -4356; -2178; -4260; -2178
vtrace1; 126; -485; -485; -611; 252; 126
vtrace1; 1; -465; -465; -466; 2; 1
vtrace1; -1224; -1649; 879; -425; 80; 1304
vtrace1; -257; -258; 726; -1; 470; 727
vtrace1; 273; -296; -657; -569; 185; -88
vtrace1; -450; -450; 0; 0; -450; 0
vtrace1; -1750; -1751; 0; -1; -1749; 1
vtrace1; 0; 0; 919; 0; 919; 919
vtrace1; 1511; -618; -2559; -2129; 1081; -430
vtrace1; -453; -453; 0; 0; -453; 0
vtrace1; -2178; -5503; -5657; -3325; -4510; -2332
vtrace1; -7462; -7428; -418; 34; -7914; -452
vtrace1; -309; -2487; -681; -2178; 1188; 1497
vtrace1; -2174; -4348; -5857; -2174; -5857; -3683
vtrace1; -1847; -1847; 0; 0; -1847; 0
vtrace1; -977; -1827; -849; -850; -976; 1
vtrace1; 0; -443; -443; -443; 0; 0
vtrace1; 1; -443; -444; -444; 1; 0
vtrace1; -417; -418; 795; -1; 379; 796
vtrace1; -526; -402; 147; 124; -503; 23
vtrace1; -298; -596; -700; -298; -700; -402
vtrace1; -2269; -2235; 2672; 34; 369; 2638
vtrace1; -4649; -6450; -2496; -1801; -5344; -695
vtrace1; -2179; -4358; -4261; -2179; -4261; -2082
vtrace1; 0; -509; 296; -509; 805; 805
vtrace1; 0; 3672; 8574; 3672; 4902; 4902
vtrace1; 0; -408; -408; -408; 0; 0
vtrace1; -1127; 4065; 10384; 5192; 4065; 5192
vtrace1; -473; -473; 0; 0; -473; 0
vtrace1; 0; -411; -411; -411; 0; 0
vtrace1; -591; -3220; -5258; -2629; -3220; -2629
vtrace1; -1800; -1800; 0; 0; -1800; 0
vtrace1; -55; -110; 1852; -55; 1852; 1907
vtrace1; -410; -1141; 1461; -731; 1782; 2192
vtrace1; 0; -1932; -1696; -1932; 236; 236
vtrace1; -1882; -32; 2109; 1850; -1623; 259
vtrace1; 0; -1865; -1865; -1865; 0; 0
vtrace1; -662; -1947; -306; -1285; 317; 979
vtrace1; -2165; -2014; 302; 151; -2014; 151
vtrace1; 2669; 1244; 3273; -1425; 7367; 4698
vtrace1; -885; -1826; -940; -941; -884; 1
vtrace1; 79; -471; -471; -550; 158; 79
vtrace1; -2870; -5740; -5740; -2870; -5740; -2870
vtrace1; -1045; -5239; -4193; -4194; -1044; 1
vtrace1; 4205; 3746; 3746; -459; 8410; 4205
vtrace1; 1; -1919; -1920; -1920; 1; 0
vtrace1; -178; -1675; -971; -1497; 348; 526
vtrace1; -147; -147; 612; 0; 465; 612
vtrace1; -221; -674; -906; -453; -674; -453
vtrace1; 1960; -362; -362; -2322; 3920; 1960
vtrace1; 488; -285; -806; -773; 455; -33
vtrace1; 0; -1884; -1884; -1884; 0; 0
vtrace1; 1819; -245; -245; -2064; 3638; 1819
vtrace1; 155; -1762; -1976; -1917; 96; -59
vtrace1; 0; -1801; -1801; -1801; 0; 0
vtrace1; 178; 200; 6296; 22; 6452; 6274
vtrace1; -4594; -5123; 5672; -529; 1607; 6201
vtrace1; -1144; -912; 22; 232; -1354; -210
vtrace1; -483; -483; 795; 0; 312; 795
vtrace1; -411; -647; -647; -236; -822; -411
vtrace1; -2645; -704; 3528; 1941; -1058; 1587
vtrace1; -555; -555; 911; 0; 356; 911
vtrace1; -226; -1019; -215; -793; 352; 578
vtrace1; -1000; -3135; -4270; -2135; -3135; -2135
vtrace1; -5247; -10494; -2712; -5247; -2712; 2535
vtrace1; -3966; -7932; -3439; -3966; -3439; 527
vtrace1; -151; -603; -897; -452; -596; -445
vtrace1; -2154; -1781; 2362; 373; -165; 1989
vtrace1; -925; -297; 1260; 628; -293; 632
vtrace1; -1115; -775; 680; 340; -775; 340
vtrace1; -2016; -1887; 130; 129; -2015; 1
vtrace1; -2135; -4336; -4378; -2201; -4312; -2177
vtrace1; 0; -1; 478; -1; 479; 479
vtrace1; -1; -1927; -1714; -1926; 211; 212
vtrace1; 574; 1046; 5302; 472; 5404; 4830
vtrace1; 614; -289; -289; -903; 1228; 614
vtrace1; -515; -507; 9; 8; -514; 1
vtrace1; -515; -458; 114; 57; -458; 57
vtrace1; 190; -1128; 915; -1318; 2423; 2233
vtrace1; -903; -510; 393; 393; -903; 0
vtrace1; 326; -445; 822; -771; 1919; 1593
vtrace1; -204; -906; -906; -702; -408; -204
vtrace1; -1817; -2914; 5; -1097; -715; 1102
vtrace1; -2176; -2007; 338; 169; -2007; 169
vtrace1; 157; -493; -649; -650; 158; 1
vtrace1; -1; -3684; -7366; -3683; -3684; -3683
vtrace1; -2770; -3168; -3168; -398; -5540; -2770
vtrace1; -350; 3796; 8292; 4146; 3796; 4146
vtrace1; -350; 3776; 8272; 4126; 3796; 4146
vtrace1; -263; -1687; -833; -1424; 328; 591
vtrace1; -3636; -2831; 3113; 805; -1328; 2308
vtrace1; -565; -565; 0; 0; -565; 0
vtrace1; 0; -3653; -7306; -3653; -3653; -3653
vtrace1; -4172; -6672; -2499; -2500; -4171; 1
vtrace1; -576; -576; 5; 0; -571; 5
vtrace1; -1024; 3793; 9634; 4817; 3793; 4817
vtrace1; 362; -432; -58; -794; 1098; 736
vtrace1; -649; -404; 249; 245; -645; 4
vtrace1; -7202; -14404; -14404; -7202; -14404; -7202
vtrace1; -298; -5545; -6311; -5247; -1362; -1064
vtrace1; 341; -578; -787; -919; 473; 132
vtrace1; 227; -581; -652; -808; 383; 156
vtrace1; 327; -359; -772; -686; 241; -86
vtrace1; 0; -617; -617; -617; 0; 0
vtrace1; 55; -79; 437; -134; 626; 571
vtrace1; -3424; -4600; -4600; -1176; -6848; -3424
vtrace1; -518; -514; 5; 4; -517; 1
vtrace1; -2122; 2576; 9396; 4698; 2576; 4698
vtrace1; 1645; -103; -749; -1748; 2644; 999
vtrace1; -1852; -490; 2724; 1362; -490; 1362
vtrace1; -1395; -1396; 1804; -1; 410; 1805
vtrace1; 150; -585; -735; -735; 150; 0
vtrace1; -404; -674; -674; -270; -808; -404
vtrace1; -12; 179; 7362; 191; 7159; 7171
vtrace1; -1240; -3630; 374; -2390; 1524; 2764
vtrace1; 1; -588; -589; -589; 1; 0
vtrace1; 0; -633; -633; -633; 0; 0
vtrace1; 0; -135; 1805; -135; 1940; 1940
vtrace1; -2236; -1916; 1046; 320; -1510; 726
vtrace1; 1089; 1129; 4218; 40; 5267; 4178
vtrace1; 22; -551; -572; -573; 23; 1
vtrace1; -1; -2872; -1808; -2871; 1062; 1063
vtrace1; 504; -1500; -309; -2004; 2199; 1695
vtrace1; -7175; -14350; -14350; -7175; -14350; -7175
vtrace1; -535; -535; 0; 0; -535; 0
vtrace1; 503; -1501; -309; -2004; 2198; 1695
vtrace1; -7212; -14424; -14424; -7212; -14424; -7212
vtrace1; -2896; -5792; -5792; -2896; -5792; -2896
vtrace1; -4172; -6624; -2452; -2452; -4172; 0
vtrace1; 0; -568; -568; -568; 0; 0
vtrace1; 0; -1087; 457; -1087; 1544; 1544
vtrace1; -2021; -2020; 2; 1; -2020; 1
vtrace1; 602; 3228; 6749; 2626; 4725; 4123
vtrace1; -704; -1637; 523; -933; 752; 1456
vtrace1; 611; -516; -432; -1127; 1306; 695
vtrace1; -2772; -5315; -3877; -2543; -4106; -1334
vtrace1; -1080; -427; 1254; 653; -479; 601
vtrace1; -1058; -1192; 1564; -134; 640; 1698
vtrace1; 0; -834; -571; -834; 263; 263
vtrace1; 117; -2887; -608; -3004; 2513; 2396
vtrace1; -993; -1986; -992; -993; -992; 1
vtrace1; 0; -540; -540; -540; 0; 0
vtrace1; -124; -474; 575; -350; 801; 925
vtrace1; -2177; -4354; -4354; -2177; -4354; -2177
vtrace1; 0; -1991; -1991; -1991; 0; 0
vtrace1; -2178; -4356; -4356; -2178; -4356; -2178
vtrace1; -1748; -749; 1912; 999; -835; 913
vtrace1; -1094; -2640; 911; -1546; 1363; 2457
vtrace1; -2180; -4360; -4360; -2180; -4360; -2180
vtrace1; -1; -3864; -7305; -3863; -3443; -3442
vtrace1; 8; -188; 451; -196; 655; 647
vtrace1; -1; -1; 611; 0; 610; 611
vtrace1; 2087; -42; -1926; -2129; 2290; 203
vtrace1; 1197; -974; -1041; -2171; 2327; 1130
vtrace1; -612; -611; 0; 1; -613; -1
vtrace1; -943; -944; 417; -1; -525; 418
vtrace1; -991; -1982; -991; -991; -991; 0
vtrace1; -301; -3056; -935; -2755; 1519; 1820
vtrace1; -2184; -4368; -4368; -2184; -4368; -2184
vtrace1; -653; -550; 206; 103; -550; 103
vtrace1; 489; -284; -915; -773; 347; -142
vtrace1; -2129; -115; 3601; 2014; -542; 1587
vtrace1; 72; 1077; 6649; 1005; 5716; 5644
vtrace1; 1; -36; 581; -37; 619; 618
vtrace1; 0; -964; -1928; -964; -964; -964
vtrace1; 6; -2129; 532; -2135; 2673; 2667
vtrace1; -2185; -4370; -4370; -2185; -4370; -2185
vtrace1; -1; -997; -1992; -996; -997; -996
vtrace1; 2088; 3582; 5302; 1494; 5896; 3808
vtrace1; -2188; -4376; -4376; -2188; -4376; -2188
vtrace1; -310; -940; -940; -630; -620; -310
vtrace1; -3179; -4305; -2252; -1126; -4305; -1126
vtrace1; -2179; -4358; -5880; -2179; -5880; -3701
vtrace1; 0; -1; 548; -1; 549; 549
vtrace1; -1028; -3157; -4258; -2129; -3157; -2129
vtrace1; -111; -61; 2009; 50; 1848; 1959
vtrace1; -2930; -7423; -4493; -4493; -2930; 0
vtrace1; -298; -297; 790; 1; 491; 789
vtrace1; 315; -841; -829; -1156; 642; 327
vtrace1; -639; -809; 58; -170; -411; 228
vtrace1; -760; -761; 201; -1; -558; 202
vtrace1; 1461; -1104; -1938; -2565; 2088; 627
vtrace1; -4208; -4393; -1198; -185; -5221; -1013
vtrace1; -3037; -5290; -2307; -2253; -3091; -54
vtrace1; 964; 964; 964; 0; 1928; 964
vtrace1; 0; 902; 1804; 902; 902; 902
vtrace1; -4029; -7416; -3387; -3387; -4029; 0
vtrace1; 0; -1; 567; -1; 568; 568
vtrace1; -2347; -1846; 1075; 501; -1773; 574
vtrace1; 2649; -1102; -1399; -3751; 5001; 2352
vtrace1; -920; -478; 1053; 442; -309; 611
vtrace1; -2071; -2076; 2689; -5; 623; 2694
vtrace1; -684; -684; 1; 0; -683; 1
vtrace1; 911; 911; 911; 0; 1822; 911
vtrace1; -694; -694; 0; 0; -694; 0
vtrace1; 0; -804; -650; -804; 154; 154
vtrace1; -3037; -1928; 3816; 1109; -330; 2707
vtrace1; -737; -737; 0; 0; -737; 0
vtrace1; -2518; -4647; -4258; -2129; -4647; -2129
vtrace1; -417; -834; -834; -417; -834; -417
vtrace1; -1967; -1979; 72; -12; -1883; 84
vtrace1; -418; -836; -836; -418; -836; -418
vtrace1; 0; 1021; 2042; 1021; 1021; 1021
vtrace1; -132; -264; 873; -132; 873; 1005
vtrace1; -565; -910; -690; -345; -910; -345
vtrace1; -53; -683; -564; -630; 13; 66
vtrace1; 557; -1805; -450; -2362; 2469; 1912
vtrace1; -2134; -2008; 252; 126; -2008; 126
vtrace1; 250; -600; -810; -850; 290; 40
vtrace1; -2176; -4352; 3468; -2176; 3468; 5644
vtrace1; 1027; 1027; 4312; 0; 5339; 4312
vtrace1; 229; -541; -770; -770; 229; 0
vtrace1; -2176; -6819; -4639; -4643; -2172; 4
vtrace1; -2715; -5430; -6040; -2715; -6040; -3325
vtrace1; -2178; -4356; -3164; -2178; -3164; -986
vtrace1; -1357; -859; 1476; 498; -379; 978
vtrace1; -2480; -4960; -4230; -2480; -4230; -1750
vtrace1; -2252; -4504; -4504; -2252; -4504; -2252
vtrace1; -4494; -4947; -4947; -453; -8988; -4494
vtrace1; 0; -720; -720; -720; 0; 0
vtrace1; -2269; -4538; -4485; -2269; -4485; -2216
vtrace1; -4155; -2832; 3566; 1323; -1912; 2243
vtrace1; -3454; -6908; -3454; -3454; -3454; 0
vtrace1; -2255; -1209; 2303; 1046; -998; 1257
vtrace1; -425; -850; -850; -425; -850; -425
vtrace1; -2301; -3186; 1511; -885; 95; 2396
vtrace1; 1489; -763; -763; -2252; 2978; 1489
vtrace1; -706; -705; 1; 1; -706; 0
vtrace1; -2052; -2018; 68; 34; -2018; 34
vtrace1; 0; -644; -644; -644; 0; 0
vtrace1; -2255; -4510; -4510; -2255; -4510; -2255
vtrace1; -2763; -2763; 2058; 0; -705; 2058
vtrace1; -444; -888; -888; -444; -888; -444
vtrace1; -460; -920; -871; -460; -871; -411
vtrace1; -1262; -3344; -4164; -2082; -3344; -2082
vtrace1; 0; -1; 1950; -1; 1951; 1951
vtrace1; -1062; -536; 1052; 526; -536; 526
vtrace1; 5191; 3012; 3012; -2179; 10382; 5191
vtrace1; -3673; -1831; 3684; 1842; -1831; 1842
vtrace1; 2087; 2087; 4729; 0; 6816; 4729
vtrace1; -880; -880; 226; 0; -654; 226
vtrace1; 695; 1390; 5422; 695; 5422; 4727
vtrace1; -446; -892; -892; -446; -892; -446
vtrace1; -1936; -903; 2046; 1033; -923; 1013
vtrace1; -127; -4559; 760; -4432; 5065; 5192
vtrace1; 0; -835; -701; -835; 134; 134
vtrace1; -2047; -3545; 639; -1498; 90; 2137
vtrace1; -725; -725; 0; 0; -725; 0
vtrace1; -3325; -6650; -3478; -3325; -3478; -153
vtrace1; 0; 983; 1966; 983; 983; 983
vtrace1; 0; -667; -667; -667; 0; 0
vtrace1; -1540; -3080; -3080; -1540; -3080; -1540
vtrace1; -694; -699; 3; -5; -686; 8
vtrace1; -3857; -7714; -4944; -3857; -4944; -1087
vtrace1; 1027; -2592; -958; -3619; 3688; 2661
vtrace1; -2645; -2156; 4072; 489; 938; 3583
vtrace1; -3852; -7704; -4939; -3852; -4939; -1087
vtrace1; 1; -3318; -6147; -3319; -2827; -2828
vtrace1; -822; -827; 202; -5; -615; 207
vtrace1; -1593; -3186; -3186; -1593; -3186; -1593
vtrace1; 1722; -620; -384; -2342; 3680; 1958
vtrace1; -1; -1; 710; 0; 709; 710
vtrace1; 2293; -337; -1554; -2630; 3369; 1076
vtrace1; -647; -648; 0; -1; -646; 1
vtrace1; -1546; -3092; -3092; -1546; -3092; -1546
vtrace1; -1218; -1583; 1868; -365; 1015; 2233
vtrace1; -3749; -7498; -3749; -3749; -3749; 0
vtrace1; 316; -670; -987; -986; 315; -1
vtrace1; -3752; -7504; -3752; -3752; -3752; 0
vtrace1; -1561; -3122; -3122; -1561; -3122; -1561
vtrace1; -1593; -5405; -5931; -3812; -3712; -2119
vtrace1; 0; -16; 672; -16; 688; 688
vtrace1; 1; -328; 675; -329; 1005; 1004
vtrace1; -4058; -4058; -2170; 0; -6228; -2170
vtrace1; 132; -787; -839; -919; 212; 80
vtrace1; 193; -598; -792; -791; 192; -1
vtrace1; -1551; -3102; -3102; -1551; -3102; -1551
vtrace1; -1552; -3104; -3104; -1552; -3104; -1552
vtrace1; 1311; 2622; 5434; 1311; 5434; 4123
vtrace1; -4594; -6713; -3665; -2119; -6140; -1546
vtrace1; 4123; 4033; 4033; -90; 8246; 4123
vtrace1; 1; -328; 688; -329; 1018; 1017
vtrace1; -3189; -5531; -2237; -2342; -3084; 105
vtrace1; -2341; -6149; -3809; -3808; -2342; -1
vtrace1; -1; 628; 6903; 629; 6273; 6274
vtrace1; 1661; 3322; 6009; 1661; 6009; 4348
vtrace1; -4352; -4812; -3884; -460; -7776; -3424
vtrace1; 231; -1870; -206; -2101; 2126; 1895
vtrace1; -2226; -4452; -4647; -2226; -4647; -2421
vtrace1; -1637; -3274; -3274; -1637; -3274; -1637
vtrace1; 109; 53; 6129; -56; 6294; 6185
vtrace1; -294; -2069; 281; -1775; 1762; 2056
vtrace1; -3179; -931; 2423; 2248; -3004; 175
vtrace1; -1618; -3236; -3236; -1618; -3236; -1618
vtrace1; -248; -40; 942; 208; 486; 734
vtrace1; -2179; -4358; -3273; -2179; -3273; -1094
vtrace1; -5709; -6946; -1237; -1237; -5709; 0
vtrace1; -903; -5820; -6598; -4917; -2584; -1681
vtrace1; -1839; -214; 3188; 1625; -276; 1563
vtrace1; -4571; -4570; -2403; 1; -6975; -2404
vtrace1; -1641; -3282; -3282; -1641; -3282; -1641
vtrace1; -1608; -3216; -3216; -1608; -3216; -1608
vtrace1; -804; -804; 98; 0; -706; 98
vtrace1; 0; -840; -840; -840; 0; 0
vtrace1; -921; -920; 146; 1; -776; 145
vtrace1; 0; -884; -883; -884; 1; 1
vtrace1; -1; -1825; -711; -1824; 1112; 1113
vtrace1; -891; -887; 4; 4; -891; 0
vtrace1; 1; -890; -890; -891; 2; 1
vtrace1; 0; -891; -891; -891; 0; 0
vtrace1; 1; -893; -894; -894; 1; 0
vtrace1; -2153; -3436; -3435; -1283; -4305; -2152
vtrace1; 132; -812; -944; -944; 132; 0
vtrace1; -1615; -3230; -3230; -1615; -3230; -1615
vtrace1; -7; 1039; 4214; 1046; 3161; 3168
vtrace1; 0; -4493; -6191; -4493; -1698; -1698
vtrace1; 501; -931; -1830; -1432; 103; -398
vtrace1; 2015; 2015; 4136; 0; 6151; 4136
vtrace1; 1804; 2659; 4394; 855; 5343; 3539
vtrace1; 1129; -672; -417; -1801; 2513; 1384
vtrace1; 2121; 2094; 2094; -27; 4242; 2121
vtrace1; 1; -1005; -823; -1006; 184; 183
vtrace1; 0; -891; -826; -891; 65; 65
vtrace1; -4194; -4194; -109; 0; -4303; -109
vtrace1; -2164; -2164; -2164; 0; -4328; -2164
vtrace1; -1418; -617; 1357; 801; -862; 556
vtrace1; -2121; -4242; -2121; -2121; -2121; 0
vtrace1; 2091; 2090; 2090; -1; 4182; 2091
vtrace1; -534; 2252; 5439; 2786; 2119; 2653
vtrace1; -1035; -3271; -4472; -2236; -3271; -2236
vtrace1; 0; -2168; -4336; -2168; -2168; -2168
vtrace1; 0; -793; -793; -793; 0; 0
vtrace1; 209; 209; 5360; 0; 5569; 5360
vtrace1; -946; -774; 171; 172; -947; -1
vtrace1; 5135; 1784; 1784; -3351; 10270; 5135
vtrace1; -2898; -5796; -3359; -2898; -3359; -461
vtrace1; 0; -2062; -4124; -2062; -2062; -2062
vtrace1; -2170; -4340; -2170; -2170; -2170; 0
vtrace1; -14; 65; 4249; 79; 4156; 4170
vtrace1; -2176; -4352; -2165; -2176; -2165; 11
vtrace1; -4172; -4446; -1299; -274; -5197; -1025
vtrace1; -121; -42; 859; 79; 659; 780
vtrace1; -3944; -3944; -2344; 0; -6288; -2344
vtrace1; 1089; 2367; 4601; 1278; 4412; 3323
vtrace1; -2176; -4352; -2170; -2176; -2170; 6
vtrace1; -124; -248; 801; -124; 801; 925
vtrace1; -2176; -4352; -2173; -2176; -2173; 3
vtrace1; -1711; -910; 6613; 801; 4101; 5812
vtrace1; -1721; -3227; -3910; -1506; -4125; -2404
vtrace1; -1; 2069; 4140; 2070; 2069; 2070
vtrace1; 2586; 2235; 2235; -351; 5172; 2586
vtrace1; 1344; -844; -67; -2188; 3465; 2121
vtrace1; -5709; -6946; -1249; -1237; -5721; -12
vtrace1; -2347; -3453; -3203; -1106; -4444; -2097
vtrace1; -2176; -4352; -2098; -2176; -2098; 78
vtrace1; 2586; 2264; 2264; -322; 5172; 2586
vtrace1; 2070; 2069; 2099; -1; 4170; 2100
vtrace1; 1903; 2407; 3802; 504; 5201; 3298
vtrace1; -2150; -4270; -2130; -2120; -2160; -10
vtrace1; -1; -1; 886; 0; 885; 886
vtrace1; -379; 2303; 5364; 2682; 2303; 2682
vtrace1; -2966; -4622; -4622; -1656; -5932; -2966
vtrace1; -8; -4180; -5510; -4172; -1346; -1338
vtrace1; 4; -4168; -4288; -4172; -112; -116
vtrace1; -6; -2022; -777; -2016; 1233; 1239
vtrace1; -1; -4173; -4173; -4172; -2; -1
vtrace1; -161; -986; -623; -825; 41; 202
vtrace1; -898; -897; 25; 1; -874; 24
vtrace1; -933; -933; 124; 0; -809; 124
vtrace1; -53; -1990; -735; -1937; 1149; 1202
vtrace1; 0; -35; 856; -35; 891; 891
vtrace1; 0; 0; 4185; 0; 4185; 4185
vtrace1; -1785; -2449; 2005; -664; 884; 2669
vtrace1; -53; -4282; -4180; -4229; -4; 49
vtrace1; 0; 0; 4146; 0; 4146; 4146
vtrace1; 884; 1512; 6829; 628; 7085; 6201
vtrace1; -37; -2126; -4178; -2089; -2126; -2089
vtrace1; 5; 10; 4151; 5; 4151; 4146
vtrace1; 0; -140; 824; -140; 964; 964
vtrace1; -2104; -2141; -2141; -37; -4208; -2104
vtrace1; -1900; -1927; 1111; -27; -762; 1138
vtrace1; -2932; -4604; -3344; -1672; -4604; -1672
vtrace1; 377; 2477; 5257; 2100; 3534; 3157
vtrace1; 3447; 3446; 10381; -1; 13829; 10382
vtrace1; -1932; -858; 1096; 1074; -1910; 22
vtrace1; -3009; -6018; -6018; -3009; -6018; -3009
vtrace1; -2089; -4178; -2097; -2089; -2097; -8
vtrace1; 106; -890; -926; -996; 176; 70
vtrace1; -2176; -2235; -2141; -59; -4258; -2082
vtrace1; -170; -4342; -4172; -4172; -170; 0
vtrace1; -952; -951; 2; 1; -951; 1
vtrace1; -2154; -4308; -2166; -2154; -2166; -12
vtrace1; -3538; -3538; -3538; 0; -7076; -3538
vtrace1; 34; 2438; 5611; 2404; 3241; 3207
vtrace1; -2089; -3186; -2191; -1097; -3183; -1094
vtrace1; -1327; -700; 1228; 627; -726; 601
vtrace1; -170; -4351; -4181; -4181; -170; 0
vtrace1; -1008; -1007; 1; 1; -1008; 0
vtrace1; 0; 398; 5590; 398; 5192; 5192
vtrace1; -3331; -6662; -2242; -3331; -2242; 1089
vtrace1; -3067; -6134; -6134; -3067; -6134; -3067
vtrace1; -859; -860; 65; -1; -793; 66
vtrace1; -4527; -2218; 4618; 2309; -2218; 2309
vtrace1; 1; -992; -992; -993; 2; 1
vtrace1; -5; -10; 955; -5; 955; 960
vtrace1; -1018; -1018; 0; 0; -1018; 0
vtrace1; -2218; -3626; 1760; -1408; 950; 3168
vtrace1; 3377; 2256; 2256; -1121; 6754; 3377
vtrace1; 22; -919; -941; -941; 22; 0
vtrace1; -4; -8; 984; -4; 984; 988
vtrace1; 7; -944; -950; -951; 8; 1
vtrace1; -2705; -5410; -3592; -2705; -3592; -887
vtrace1; -975; -964; 11; 11; -975; 0
vtrace1; 0; -991; -990; -991; 1; 1
vtrace1; -1711; -4720; -6018; -3009; -4720; -3009
vtrace1; 80; -1020; -987; -1100; 193; 113
vtrace1; 0; -4129; -4277; -4129; -148; -148
vtrace1; -1593; -1592; 7172; 1; 5578; 7171
vtrace1; -1; 1361; 6373; 1362; 5010; 5011
vtrace1; 0; 1792; 6984; 1792; 5192; 5192
vtrace1; -2179; -4358; -4809; -2179; -4809; -2630
vtrace1; 0; -4817; -7094; -4817; -2277; -2277
vtrace1; -1108; -3284; -3284; -2176; -2216; -1108
vtrace1; -987; -981; 12; 6; -981; 6
vtrace1; -1097; -3273; -3273; -2176; -2194; -1097
vtrace1; -3223; -3951; -3837; -728; -6332; -3109
vtrace1; -1111; -2222; -3284; -1111; -3284; -2173
vtrace1; -2184; -4368; -4858; -2184; -4858; -2674
vtrace1; -3795; -6891; -3886; -3096; -4585; -790
vtrace1; -59; -15; 961; 44; 858; 917
vtrace1; -990; -990; 0; 0; -990; 0
vtrace1; 0; -59; 858; -59; 917; 917
vtrace1; -2179; 1441; 7240; 3620; 1441; 3620
vtrace1; -59; -59; 960; 0; 901; 960
vtrace1; -992; -992; 0; 0; -992; 0
vtrace1; -4172; -4342; -170; -170; -4172; 0
vtrace1; -2158; -4385; -2227; -2227; -2158; 0
vtrace1; -298; -5545; -5495; -5247; -546; -248
vtrace1; -4172; -8344; -8344; -4172; -8344; -4172
vtrace1; -3317; -6634; -1069; -3317; -1069; 2248
vtrace1; -2176; 1075; 6502; 3251; 1075; 3251
vtrace1; -2170; -3228; -3563; -1058; -4675; -2505
vtrace1; -3423; -1849; 3148; 1574; -1849; 1574
vtrace1; -2176; -4352; -2262; -2176; -2262; -86
vtrace1; -2178; -4356; -2154; -2178; -2154; 24
vtrace1; -2176; -4352; -2179; -2176; -2179; -3
vtrace1; -2176; -4352; -2178; -2176; -2178; -2
vtrace1; -2179; -4358; -2155; -2179; -2155; 24
vtrace1; -2362; -4724; -4724; -2362; -4724; -2362
vtrace1; -59; -53; 961; 6; 896; 955
vtrace1; 908; 1816; 8079; 908; 8079; 7171
vtrace1; -2176; -4352; -2182; -2176; -2182; -6
vtrace1; -3845; -7690; -3844; -3845; -3844; 1
vtrace1; 2149; 2150; 4903; 1; 7051; 4902
vtrace1; -2177; -4354; -2145; -2177; -2145; 32
vtrace1; -2178; -4356; -2146; -2178; -2146; 32
vtrace1; -2178; -4356; -2168; -2178; -2168; 10
vtrace1; 1114; 2228; 4640; 1114; 4640; 3526
vtrace1; -7; -7; 942; 0; 935; 942
vtrace1; -2176; -4352; -2240; -2176; -2240; -64
vtrace1; -2318; -4636; -4636; -2318; -4636; -2318
vtrace1; -872; 2722; 7188; 3594; 2722; 3594
vtrace1; 774; -5828; -6602; -6602; 774; 0
vtrace1; -4352; -4352; -25; 0; -4377; -25
vtrace1; -1098; -3220; -4626; -2122; -3602; -2504
vtrace1; -3054; -4280; -1370; -1226; -3198; -144
vtrace1; -3035; -4823; -4823; -1788; -6070; -3035
vtrace1; 627; -731; -870; -1358; 1115; 488
vtrace1; -91; 2147; 4476; 2238; 2147; 2238
vtrace1; -2703; -903; 3156; 1800; -1347; 1356
vtrace1; -4312; -4312; -1443; 0; -5755; -1443
vtrace1; -3751; -6320; -2002; -2569; -3184; 567
vtrace1; -2362; -687; 3350; 1675; -687; 1675
vtrace1; -2253; -4506; -3459; -2253; -3459; -1206
vtrace1; 0; -37; 955; -37; 992; 992
vtrace1; -2060; -4309; -2266; -2249; -2077; -17
vtrace1; 77; -438; 5638; -515; 6230; 6153
vtrace1; -3179; -4323; -1278; -1144; -3313; -134
vtrace1; -2064; -489; 3150; 1575; -489; 1575
vtrace1; 992; 991; 4175; -1; 5168; 4176
vtrace1; -16; 1624; 5766; 1640; 4110; 4126
vtrace1; -170; 2471; 5282; 2641; 2471; 2641
vtrace1; -2206; -3276; -2140; -1070; -3276; -1070
vtrace1; 2029; 2028; 5134; -1; 7164; 5135
vtrace1; -1751; -3879; -5411; -2128; -5034; -3283
vtrace1; -5; -10; 5187; -5; 5187; 5192
vtrace1; -425; -3101; -4713; -2676; -2462; -2037
vtrace1; 3663; 1484; 1484; -2179; 7326; 3663
vtrace1; -2850; -4901; -4901; -2051; -5700; -2850
vtrace1; -10; -20; 5181; -10; 5181; 5191
vtrace1; -1; -2237; -4357; -2236; -2122; -2121
vtrace1; 3642; 1464; 1464; -2178; 7284; 3642
vtrace1; -3176; -3207; -1185; -31; -4330; -1154
vtrace1; -1742; -3484; -3345; -1742; -3345; -1603
vtrace1; -2180; -4449; -2269; -2269; -2180; 0
vtrace1; 881; -6331; -6631; -7212; 1462; 581
vtrace1; -1126; -3221; -3260; -2095; -2291; -1165
vtrace1; -3812; -5405; -2663; -1593; -4882; -1070
vtrace1; -4730; -4729; -425; 1; -5156; -426
vtrace1; -1222; -2186; 875; -964; 617; 1839
vtrace1; -10; 1099; 5125; 1109; 4006; 4016
vtrace1; -2195; -3498; -3498; -1303; -4390; -2195
vtrace1; 0; -4479; -4480; -4479; -1; -1
vtrace1; -2178; -2178; -2178; 0; -4356; -2178
vtrace1; -1552; -2143; -2143; -591; -3104; -1552
vtrace1; -1845; -3463; -3236; -1618; -3463; -1618
vtrace1; -2179; -4358; -2177; -2179; -2177; 2
vtrace1; 1362; 1943; 4427; 581; 5208; 3846
vtrace1; 3928; 3928; 3928; 0; 7856; 3928
vtrace1; 339; 308; 4129; -31; 4499; 4160
vtrace1; -2227; -4454; -2227; -2227; -2227; 0
vtrace1; 0; -4172; -5142; -4172; -970; -970
vtrace1; -2296; -2296; -2252; 0; -4548; -2252
vtrace1; -2198; -4396; -2198; -2198; -2198; 0
vtrace1; -2178; -3288; -2220; -1110; -3288; -1110
vtrace1; 102; 2286; 5681; 2184; 3599; 3497
vtrace1; -2179; -3289; -2220; -1110; -3289; -1110
vtrace1; 0; -6602; -6602; -6602; 0; 0
vtrace1; -3391; -6782; -1033; -3391; -1033; 2358
vtrace1; 2303; 2072; 2162; -231; 4696; 2393
vtrace1; 1442; 1346; 3706; -96; 5244; 3802
vtrace1; -1681; -3362; -3362; -1681; -3362; -1681
vtrace1; -2204; -4408; -2203; -2204; -2203; 1
vtrace1; -1668; -3336; -3340; -1668; -3340; -1672
vtrace1; 2707; 1618; 2404; -1089; 6200; 3493
vtrace1; 1594; -585; -585; -2179; 3188; 1594
vtrace1; 1; 1319; 4456; 1318; 3139; 3138
vtrace1; 2192; 1742; 4277; -450; 6919; 4727
vtrace1; 0; -4194; -5892; -4194; -1698; -1698
vtrace1; -1; 2604; 5210; 2605; 2604; 2605
vtrace1; -3773; -4719; -1332; -946; -4159; -386
vtrace1; -826; -5122; -4346; -4296; -876; -50
vtrace1; -2174; -4348; -2315; -2174; -2315; -141
vtrace1; -2129; -932; 2394; 1197; -932; 1197
vtrace1; -508; -3135; -4731; -2627; -2612; -2104
vtrace1; 0; -3749; -5811; -3749; -2062; -2062
vtrace1; -242; 1775; 5393; 2017; 3134; 3376
vtrace1; 611; 2465; 4584; 1854; 3341; 2730
vtrace1; -3774; -7548; -1401; -3774; -1401; 2373
vtrace1; -2179; -4358; -2295; -2179; -2295; -116
vtrace1; -2178; -4356; -2254; -2178; -2254; -76
vtrace1; -2176; -4352; -2323; -2176; -2323; -147
vtrace1; -2695; -5333; -3827; -2638; -3884; -1189
vtrace1; -2170; -5773; -3611; -3603; -2178; -8
vtrace1; -1190; -2380; -3312; -1190; -3312; -2122
vtrace1; -481; 27; 4236; 508; 3247; 3728
vtrace1; -4591; -5317; -615; -726; -4480; 111
vtrace1; -2178; -4356; -2242; -2178; -2242; -64
vtrace1; -235; 2108; 4701; 2343; 2123; 2358
vtrace1; -2101; -4370; -3751; -2269; -3583; -1482
vtrace1; -2179; -4358; -2182; -2179; -2182; -3
vtrace1; -1028; -3190; -2161; -2162; -1027; 1
vtrace1; -4918; -9836; -9836; -4918; -9836; -4918
vtrace1; -498; 2055; 5716; 2553; 2665; 3163
vtrace1; -1094; -3213; -3402; -2119; -2377; -1283
vtrace1; -2540; -4793; -3364; -2253; -3651; -1111
vtrace1; -1669; -5199; -3530; -3530; -1669; 0
vtrace1; -2179; -4358; -2189; -2179; -2189; -10
vtrace1; -631; -2695; -4570; -2064; -3137; -2506
vtrace1; -1028; -3200; -2171; -2172; -1027; 1
vtrace1; 156; 312; 4341; 156; 4341; 4185
vtrace1; 3642; 2885; 2885; -757; 7284; 3642
vtrace1; -3364; -3162; -1117; 202; -4683; -1319
vtrace1; -2176; -4352; -3716; -2176; -3716; -1540
vtrace1; -3083; -3026; -2062; 57; -5202; -2119
vtrace1; -2342; -4684; -2141; -2342; -2141; 201
vtrace1; -3666; -7149; -2909; -3483; -3092; 574
vtrace1; -2452; -5214; -2762; -2762; -2452; 0
vtrace1; -2178; -4356; -2205; -2178; -2205; -27
vtrace1; 0; -3284; -5220; -3284; -1936; -1936
vtrace1; -1781; -3562; -3562; -1781; -3562; -1781
vtrace1; -1747; -3494; -3494; -1747; -3494; -1747
vtrace1; 654; 2059; 3839; 1405; 3088; 2434
vtrace1; -1097; -3216; -2119; -2119; -1097; 0
vtrace1; -2104; -2093; -1048; 11; -3163; -1059
vtrace1; -1448; -4457; -4457; -3009; -2896; -1448
vtrace1; -2100; -2100; -1073; 0; -3173; -1073
vtrace1; -4730; -5244; -514; -514; -4730; 0
vtrace1; 2303; 2303; 2303; 0; 4606; 2303
vtrace1; 0; 2303; 4606; 2303; 2303; 2303
vtrace1; -2630; -2630; -2595; 0; -5225; -2595
vtrace1; -224; 2137; 4722; 2361; 2137; 2361
vtrace1; -2645; -2645; -2645; 0; -5290; -2645
vtrace1; -1750; -3500; -3500; -1750; -3500; -1750
vtrace1; -4014; -5550; -1196; -1536; -3674; 340
vtrace1; -2176; -4352; -3737; -2176; -3737; -1561
vtrace1; 2494; 3136; 4018; 642; 5870; 3376
vtrace1; 275; 1309; 5578; 1034; 4819; 4544
vtrace1; -1788; -4186; -3449; -2398; -2839; -1051
vtrace1; -3474; -3546; -2385; -72; -5787; -2313
vtrace1; -397; -2412; -4183; -2015; -2565; -2168
vtrace1; 70; 2239; 4512; 2169; 2413; 2343
vtrace1; -2752; -862; 3780; 1890; -862; 1890
vtrace1; -7212; -2020; 10384; 5192; -2020; 5192
vtrace1; -125; -3286; -3160; -3161; -124; 1
vtrace1; -4584; -4584; -1; 0; -4585; -1
vtrace1; -292; -4144; -4939; -3852; -1379; -1087
vtrace1; -2176; -4352; -1074; -2176; -1074; 1102
vtrace1; -2176; -4352; -1073; -2176; -1073; 1103
vtrace1; -2322; -4558; -2190; -2236; -2276; 46
vtrace1; -292; -4149; -4944; -3857; -1379; -1087
vtrace1; -3732; -6260; -2870; -2528; -4074; -342
vtrace1; -1; -4495; -5192; -4494; -699; -698
vtrace1; -1449; -2808; -3127; -1359; -3217; -1768
vtrace1; -2715; -5430; -1054; -2715; -1054; 1661
vtrace1; 2356; 2221; 2221; -135; 4712; 2356
vtrace1; -4608; -4608; -111; 0; -4719; -111
vtrace1; -3236; -3261; -2035; -25; -5246; -2010
vtrace1; -81; 4004; 8170; 4085; 4004; 4085
vtrace1; 2626; 2626; 2626; 0; 5252; 2626
vtrace1; 1; 1138; 3291; 1137; 2155; 2154
vtrace1; 737; -5227; -5991; -5964; 710; -27
vtrace1; -841; 2196; 6074; 3037; 2196; 3037
vtrace1; -5463; -5981; -496; -518; -5441; 22
vtrace1; 2662; 2662; 2662; 0; 5324; 2662
vtrace1; -1029; -2058; -2058; -1029; -2058; -1029
vtrace1; 0; 2228; 4583; 2228; 2355; 2355
vtrace1; 1077; 1297; 4188; 220; 5045; 3968
vtrace1; 0; 2568; 5136; 2568; 2568; 2568
vtrace1; -2255; -4587; -2332; -2332; -2255; 0
vtrace1; -5032; -5591; -219; -559; -4692; 340
vtrace1; 0; -2645; -5290; -2645; -2645; -2645
vtrace1; -2627; -5225; -2599; -2598; -2628; -1
vtrace1; -1046; -2092; -2092; -1046; -2092; -1046
vtrace1; -4172; -3312; -467; 860; -5499; -1327
vtrace1; -1070; -2140; -2140; -1070; -2140; -1070
vtrace1; -3062; -3158; -192; -96; -3158; -96
vtrace1; -2178; -4354; -3722; -2176; -3724; -1546
vtrace1; -3424; -4600; -1176; -1176; -3424; 0
vtrace1; -1036; -2072; -2072; -1036; -2072; -1036
vtrace1; 2682; 2682; 2682; 0; 5364; 2682
vtrace1; -1; -4595; -4595; -4594; -2; -1
vtrace1; -2097; -3319; -1222; -1222; -2097; 0
vtrace1; 8; 2246; 4574; 2238; 2344; 2336
vtrace1; 157; 164; 5053; 7; 5203; 5046
vtrace1; 0; 2626; 5252; 2626; 2626; 2626
vtrace1; -3795; -6665; -2866; -2870; -3791; 4
vtrace1; -3619; -1588; 8232; 2031; 2582; 6201
vtrace1; -2122; -3862; -3862; -1740; -4244; -2122
vtrace1; -2150; -3758; -3216; -1608; -3758; -1608
vtrace1; -2176; -3769; -3186; -1593; -3769; -1593
vtrace1; -807; -5301; -4494; -4494; -807; 0
vtrace1; -4939; -5152; 996; -213; -3730; 1209
vtrace1; -247; -3391; -3144; -3144; -247; 0
vtrace1; 2121; 1676; 4554; -445; 7120; 4999
vtrace1; -2178; -4356; -2363; -2178; -2363; -185
vtrace1; -5247; -3629; 554; 1618; -6311; -1064
vtrace1; -2179; -4358; -3816; -2179; -3816; -1637
vtrace1; 503; 1006; 5557; 503; 5557; 5054
vtrace1; -1222; -3409; -3409; -2187; -2444; -1222
vtrace1; 16; 594; 5257; 578; 4695; 4679
vtrace1; -1818; -4159; -2728; -2341; -2205; -387
vtrace1; -2104; -5642; -3276; -3538; -1842; 262
vtrace1; -1125; -2250; -2250; -1125; -2250; -1125
vtrace1; -1092; -2184; -2184; -1092; -2184; -1092
vtrace1; -1108; -2216; -2216; -1108; -2216; -1108
vtrace1; -1094; -2188; -2188; -1094; -2188; -1094
vtrace1; 0; -4643; -5310; -4643; -667; -667
vtrace1; -1039; -3801; -4975; -2762; -3252; -2213
vtrace1; -1110; -2220; -2220; -1110; -2220; -1110
vtrace1; -2236; -3271; -1034; -1035; -2235; 1
vtrace1; -1111; -2222; -2222; -1111; -2222; -1111
vtrace1; -1112; -2224; -2224; -1112; -2224; -1112
vtrace1; -2183; -3228; -1045; -1045; -2183; 0
vtrace1; 2115; 2218; 2585; 103; 4597; 2482
vtrace1; 0; -1232; 6663; -1232; 7895; 7895
vtrace1; -1097; -2194; -2194; -1097; -2194; -1097
vtrace1; 1997; 2188; 2639; 191; 4445; 2448
vtrace1; -1098; -2196; -2196; -1098; -2196; -1098
vtrace1; -3109; -3108; -1551; 1; -4661; -1552
vtrace1; -1133; -2266; -2266; -1133; -2266; -1133
vtrace1; -1870; -5408; -3538; -3538; -1870; 0
vtrace1; 1; -5451; -5451; -5452; 2; 1
vtrace1; -4527; -5326; -799; -799; -4527; 0
vtrace1; 0; -5499; -5499; -5499; 0; 0
vtrace1; 3334; 1944; 3337; -1390; 8061; 4727
vtrace1; -4788; -4668; 780; 120; -4128; 660
vtrace1; -3998; -3998; -1395; 0; -5393; -1395
vtrace1; -3732; -3513; -187; 219; -4138; -406
vtrace1; 1195; 1195; 2128; 0; 3323; 2128
vtrace1; -2179; -4358; -3731; -2179; -3731; -1552
vtrace1; -2119; -2117; -1275; 2; -3396; -1277
vtrace1; 2334; 1834; 3621; -500; 6455; 4121
vtrace1; 1140; 2280; 4991; 1140; 4991; 3851
vtrace1; -2122; -2121; -1173; 1; -3296; -1174
vtrace1; 64; 151; 3254; 87; 3231; 3167
vtrace1; -5027; -4215; 941; 812; -4898; 129
vtrace1; -2179; -4358; -1098; -2179; -1098; 1081
vtrace1; 3956; 2882; 2882; -1074; 7912; 3956
vtrace1; 955; 1727; 5010; 772; 5193; 4238
vtrace1; -2178; -4356; -1144; -2178; -1144; 1034
vtrace1; -2252; -3804; -3804; -1552; -4504; -2252
vtrace1; -773; -4400; -3919; -3627; -1065; -292
vtrace1; 2690; 2682; 2682; -8; 5380; 2690
vtrace1; -2873; -5746; -3869; -2873; -3869; -996
vtrace1; 1826; -3416; -5242; -5242; 1826; 0
vtrace1; -2781; -3437; -1273; -656; -3398; -617
vtrace1; -3266; -4677; -1411; -1411; -3266; 0
vtrace1; 0; 0; 3251; 0; 3251; 3251
vtrace1; -1809; -215; 7238; 1594; 3835; 5644
vtrace1; -2178; -4356; -1075; -2178; -1075; 1103
vtrace1; -2179; -4358; -1076; -2179; -1076; 1103
vtrace1; -1060; -2600; -3669; -1540; -3189; -2129
vtrace1; -1637; -3815; -3815; -2178; -3274; -1637
vtrace1; 1882; 439; 2827; -1443; 6152; 4270
vtrace1; -1232; -3459; -3459; -2227; -2464; -1232
vtrace1; -2179; -4358; -1083; -2179; -1083; 1096
vtrace1; -2342; -2342; -1094; 0; -3436; -1094
vtrace1; -4229; -4659; -483; -430; -4282; -53
vtrace1; 1159; -3160; -4534; -4319; 944; -215
vtrace1; -3351; -6702; -2691; -3351; -2691; 660
vtrace1; -2179; -3725; -3092; -1546; -3725; -1546
vtrace1; -2410; -4820; -2331; -2410; -2331; 79
vtrace1; 1; -4171; -4743; -4172; -570; -571
vtrace1; -1546; -3731; -3731; -2185; -3092; -1546
vtrace1; 1; 1575; 4724; 1574; 3151; 3150
vtrace1; -832; -6682; -5919; -5850; -901; -69
vtrace1; 2293; 1342; 1110; -951; 4354; 2061
vtrace1; -1; -2406; -4810; -2405; -2406; -2405
vtrace1; -1608; -4155; -2547; -2547; -1608; 0
vtrace1; -4155; -4155; 0; 0; -4155; 0
vtrace1; -2715; 927; 8833; 3642; 2476; 5191
vtrace1; -721; -2446; -3263; -1725; -2259; -1538
vtrace1; 1; -4265; -6075; -4266; -1808; -1809
vtrace1; -2129; -2128; -1985; 1; -4115; -1986
vtrace1; -3396; -5638; -1382; -2242; -2536; 860
vtrace1; -3619; -7238; -7238; -3619; -7238; -3619
vtrace1; -1349; -3956; -3434; -2607; -2176; -827
vtrace1; -939; -2189; -2500; -1250; -2189; -1250
vtrace1; 820; 1640; 6012; 820; 6012; 5192
vtrace1; -406; 1685; 5820; 2091; 3323; 3729
vtrace1; -4116; -4116; 0; 0; -4116; 0
vtrace1; -3359; -5040; -3362; -1681; -5040; -1681
vtrace1; -2722; -2722; -2722; 0; -5444; -2722
vtrace1; 0; -2392; -4784; -2392; -2392; -2392
vtrace1; 581; 1162; 2130; 581; 2130; 1549
vtrace1; -3653; -3653; -509; 0; -4162; -509
vtrace1; -2791; -5582; -2787; -2791; -2787; 4
vtrace1; -4155; -8786; -8786; -4631; -8310; -4155
vtrace1; 0; -4155; -4155; -4155; 0; 0
vtrace1; -2178; -3796; -3236; -1618; -3796; -1618
vtrace1; -2213; -5632; -2647; -3419; -1441; 772
vtrace1; -3121; -4860; -1739; -1739; -3121; 0
vtrace1; -1378; -4903; -3525; -3525; -1378; 0
vtrace1; 191; 281; 3200; 90; 3301; 3110
vtrace1; -546; -4139; -3571; -3593; -524; 22
vtrace1; 65; -4292; -3458; -4357; 964; 899
vtrace1; 2793; 2779; 2779; -14; 5586; 2793
vtrace1; -2775; -2775; -2775; 0; -5550; -2775
vtrace1; -1600; -4674; -3075; -3074; -1601; -1
vtrace1; 0; -2629; -4809; -2629; -2180; -2180
vtrace1; -7175; -7305; 2496; -130; -4549; 2626
vtrace1; -3109; -6218; -3042; -3109; -3042; 67
vtrace1; -58; -4523; -4819; -4465; -412; -354
vtrace1; 5135; 1006; 1006; -4129; 10270; 5135
vtrace1; 2568; 1456; 1456; -1112; 5136; 2568
vtrace1; 0; -2750; -4860; -2750; -2110; -2110
vtrace1; 445; -2487; -4604; -2932; -1227; -1672
vtrace1; -3683; -7366; -7366; -3683; -7366; -3683
vtrace1; -2178; -4356; -3858; -2178; -3858; -1680
vtrace1; -2179; -4358; -3859; -2179; -3859; -1680
vtrace1; -2271; -3519; -1247; -1248; -2270; 1
vtrace1; 3284; 1112; 131; -2172; 5587; 2303
vtrace1; -2252; -3615; -1189; -1363; -2078; 174
vtrace1; -993; -4104; -3112; -3111; -994; -1
vtrace1; -2495; -2125; -1654; 370; -4519; -2024
vtrace1; -3701; -7402; -7402; -3701; -7402; -3701
vtrace1; -160; -4126; -3967; -3966; -161; -1
vtrace1; -614; -615; 5385; -1; 4772; 5386
vtrace1; -2; 1072; 2148; 1074; 1072; 1074
vtrace1; -1; 1072; 2146; 1073; 1072; 1073
vtrace1; -1145; -3310; -2367; -2165; -1347; -202
vtrace1; -445; -62; 5369; 383; 4541; 4986
vtrace1; 5; 0; 2149; -5; 2159; 2154
vtrace1; -2178; -5334; -2599; -3156; -1621; 557
vtrace1; -2296; -2597; -2587; -301; -4582; -2286
vtrace1; -639; -2980; -4159; -2341; -2457; -1818
vtrace1; -1445; -687; 4309; 758; 2106; 3551
vtrace1; -2154; -3510; -1372; -1356; -2170; -16
vtrace1; 763; 307; 3444; -456; 4663; 3900
vtrace1; -2176; -4352; -2757; -2176; -2757; -581
vtrace1; -1012; -5930; -5930; -4918; -2024; -1012
vtrace1; -298; -146; 6426; 152; 5976; 6274
vtrace1; 0; 0; 3377; 0; 3377; 3377
vtrace1; -1; 2295; 4937; 2296; 2640; 2641
vtrace1; 191; 1151; 3273; 960; 2504; 2313
vtrace1; -2176; -4352; -2762; -2176; -2762; -586
vtrace1; 1912; 1307; 2217; -605; 4734; 2822
vtrace1; -1809; -3618; -3618; -1809; -3618; -1809
vtrace1; 1; -2564; -4173; -2565; -1607; -1608
vtrace1; -8; -2127; -2119; -2119; -8; 0
vtrace1; -2176; -4352; -2767; -2176; -2767; -591
vtrace1; 907; -190; 4547; -1097; 6551; 5644
vtrace1; -2176; -4352; -2809; -2176; -2809; -633
vtrace1; 0; -2802; -4945; -2802; -2143; -2143
vtrace1; -2025; -2611; -2194; -586; -3633; -1608
vtrace1; -1634; -3780; -3227; -2146; -2715; -1081
vtrace1; -1445; -5910; -4739; -4465; -1719; -274
vtrace1; -14; 5177; 10382; 5191; 5177; 5191
vtrace1; 0; -2120; -2134; -2120; -14; -14
vtrace1; -2603; -2860; -2860; -257; -5206; -2603
vtrace1; -1179; -3267; -2258; -2088; -1349; -170
vtrace1; 1; 0; 2136; -1; 2138; 2137
vtrace1; 2296; 4592; 9467; 2296; 9467; 7171
vtrace1; -2170; -4340; -2746; -2170; -2746; -576
vtrace1; 145; -4212; -4357; -4357; 145; 0
vtrace1; -1062; -1062; -1062; 0; -2124; -1062
vtrace1; -2120; -2120; -111; 0; -2231; -111
vtrace1; 0; 2129; 4855; 2129; 2726; 2726
vtrace1; -2289; -2590; -2587; -301; -4575; -2286
vtrace1; -92; -1191; -2123; -1099; -1116; -1024
vtrace1; 0; -2053; -2108; -2053; -55; -55
vtrace1; -2172; -2173; -1; -1; -2172; 0
vtrace1; 528; 2776; 5634; 2248; 3914; 3386
vtrace1; -239; -240; 4377; -1; 4139; 4378
vtrace1; -1097; -1097; -1097; 0; -2194; -1097
vtrace1; 2163; 1604; 2123; -559; 4845; 2682
vtrace1; -4228; -4117; 111; 111; -4228; 0
vtrace1; 1834; 2072; 2347; 238; 3943; 2109
vtrace1; -2062; -2062; -9; 0; -2071; -9
vtrace1; -1111; -2222; -1111; -1111; -1111; 0
vtrace1; -1371; -3491; -2855; -2120; -2106; -735
vtrace1; 0; 80; 3456; 80; 3376; 3376
vtrace1; -1111; -1111; -1111; 0; -2222; -1111
vtrace1; 1084; 1053; 1053; -31; 2168; 1084
vtrace1; 2798; 1879; 1453; -919; 5170; 2372
vtrace1; -1288; -2898; -3540; -1610; -3218; -1930
vtrace1; 2535; 1471; 3062; -1064; 6661; 4126
vtrace1; -4266; -5802; -1292; -1536; -4022; 244
vtrace1; 0; -1145; -2290; -1145; -1145; -1145
vtrace1; -2645; -4263; -223; -1618; -1250; 1395
vtrace1; -1069; -2163; -1095; -1094; -1070; -1
vtrace1; 0; 1074; 2148; 1074; 1074; 1074
vtrace1; -7; -1077; -2140; -1070; -1077; -1070
vtrace1; -4479; -4307; 172; 172; -4479; 0
vtrace1; 1; 1353; 3473; 1352; 2122; 2121
vtrace1; -887; 2223; 5772; 3110; 1775; 2662
vtrace1; 0; 0; 2153; 0; 2153; 2153
vtrace1; -2168; -2179; -11; -11; -2168; 0
vtrace1; -2755; -5899; -2131; -3144; -1742; 1013
vtrace1; 3514; 1351; 1351; -2163; 7028; 3514
vtrace1; -2176; -4352; -47; -2176; -47; 2129
vtrace1; -2176; -4352; -46; -2176; -46; 2130
vtrace1; -2167; -4334; -13; -2167; -13; 2154
vtrace1; -1; -3504; -3503; -3503; -1; 0
vtrace1; -3223; -5449; -282; -2226; -1279; 1944
vtrace1; -3619; -2479; -610; 1140; -5369; -1750
vtrace1; -3222; -4168; -946; -946; -3222; 0
vtrace1; 725; -2451; -4274; -3176; -373; -1098
vtrace1; -944; -2365; -3289; -1421; -2812; -1868
vtrace1; 0; 3038; 6899; 3038; 3861; 3861
vtrace1; -2775; -5550; -2891; -2775; -2891; -116
vtrace1; 0; -2135; -2188; -2135; -53; -53
vtrace1; 0; 46; 2167; 46; 2121; 2121
vtrace1; 220; 118; 4699; -102; 5021; 4801
vtrace1; 2356; -4846; -7212; -7202; 2346; -10
vtrace1; 1493; 1492; 2148; -1; 3642; 2149
vtrace1; -1629; -3258; -2587; -1629; -2587; -958
vtrace1; -1; 1095; 2192; 1096; 1095; 1096
vtrace1; 0; -2188; -3519; -2188; -1331; -1331
vtrace1; -2244; -2244; -1403; 0; -3647; -1403
vtrace1; -97; 477; 4276; 574; 3605; 3702
vtrace1; 2356; 1202; 1202; -1154; 4712; 2356
vtrace1; 1; 2; 2130; 1; 2130; 2129
vtrace1; -2301; -4904; -2604; -2603; -2302; -1
vtrace1; 2306; 1276; 2643; -1030; 5979; 3673
vtrace1; -2289; -4439; -1975; -2150; -2114; 175
vtrace1; -1706; -3529; -3864; -1823; -3747; -2041
vtrace1; -2176; -2212; -72; -36; -2212; -36
vtrace1; -449; -31; 5385; 418; 4518; 4967
vtrace1; -1073; -2146; -1129; -1073; -1129; -56
vtrace1; -1026; -2052; -1027; -1026; -1027; -1
vtrace1; 602; 1492; 3629; 890; 3341; 2739
vtrace1; -2129; -3261; -1442; -1132; -2439; -310
vtrace1; -1116; -1116; -1070; 0; -2186; -1070
vtrace1; -2176; -4352; -1481; -2176; -1481; 695
vtrace1; 25; -2717; -4919; -2742; -2152; -2177
vtrace1; -287; -4459; -4630; -4172; -745; -458
vtrace1; -1868; -3736; -3736; -1868; -3736; -1868
vtrace1; -1; -2144; -2144; -2143; -2; -1
vtrace1; 1318; 2598; 4922; 1280; 4960; 3642
vtrace1; -703; -5297; -4876; -4594; -985; -282
vtrace1; -2049; -2050; -54; -1; -2102; -53
vtrace1; -613; 433; 4769; 1046; 3110; 3723
vtrace1; 713; 1914; 3571; 1201; 3083; 2370
vtrace1; 519; -2429; -4742; -2948; -1275; -1794
vtrace1; -226; -2588; -4724; -2362; -2588; -2362
vtrace1; -816; -3504; -2149; -2688; -277; 539
vtrace1; 0; 0; 2069; 0; 2069; 2069
vtrace1; 2605; 1624; 1624; -981; 5210; 2605
vtrace1; -2064; -2064; -1463; 0; -3527; -1463
vtrace1; -3541; -3541; -113; 0; -3654; -113
vtrace1; -1; 1113; 2228; 1114; 1113; 1114
vtrace1; -1145; -2290; -1148; -1145; -1148; -3
vtrace1; -922; -4457; -2673; -3535; -60; 862
vtrace1; 0; 0; 3531; 0; 3531; 3531
vtrace1; 0; 0; 3529; 0; 3529; 3529
vtrace1; -2471; -4942; -2471; -2471; -2471; 0
vtrace1; -2515; -5030; -2515; -2515; -2515; 0
vtrace1; -2452; -2452; -2452; 0; -4904; -2452
vtrace1; -610; 1059; 4103; 1669; 1824; 2434
vtrace1; 0; -5695; -5694; -5695; 1; 1
vtrace1; 0; 0; 3539; 0; 3539; 3539
vtrace1; 1625; 1340; 1340; -285; 3250; 1625
vtrace1; 110; 110; 2109; 0; 2219; 2109
vtrace1; -2215; -2098; -1393; 117; -3725; -1510
vtrace1; -1154; -2308; -2308; -1154; -2308; -1154
vtrace1; 0; -1; 4271; -1; 4272; 4272
vtrace1; -2178; -2289; -111; -111; -2178; 0
vtrace1; 0; -3313; -5018; -3313; -1705; -1705
vtrace1; -1745; -2326; -1162; -581; -2326; -581
vtrace1; 126; 1662; 4104; 1536; 2694; 2568
vtrace1; 2356; -4819; -6653; -7175; 2878; 522
vtrace1; 2356; 1259; 1259; -1097; 4712; 2356
vtrace1; -506; -2327; -2427; -1821; -1112; -606
vtrace1; -2269; -4538; -2777; -2269; -2777; -508
vtrace1; -2703; -2897; -2897; -194; -5406; -2703
vtrace1; -4172; -5562; -812; -1390; -3594; 578
vtrace1; -2135; -4270; -1505; -2135; -1505; 630
vtrace1; -91; -3842; -4189; -3751; -529; -438
vtrace1; -4918; -3143; 659; 1775; -6034; -1116
vtrace1; -2725; -2903; -2900; -178; -5447; -2722
vtrace1; 115; -5127; -2370; -5242; 2987; 2872
vtrace1; -1158; -3778; -4469; -2620; -3007; -1849
vtrace1; 79; -3324; -3701; -3403; -219; -298
vtrace1; -1371; -4990; -3619; -3619; -1371; 0
vtrace1; -2528; -5056; -2527; -2528; -2527; 1
vtrace1; -31; -1128; -2208; -1097; -1142; -1111
vtrace1; -916; -2763; -4014; -1847; -3083; -2167
vtrace1; -3351; -6702; -213; -3351; -213; 3138
vtrace1; -2176; -4352; -2862; -2176; -2862; -686
vtrace1; -1210; -2420; -2420; -1210; -2420; -1210
vtrace1; -1200; -1200; -1110; 0; -2310; -1110
vtrace1; 2356; 1211; 1211; -1145; 4712; 2356
vtrace1; -3468; -4199; -784; -731; -3521; -53
vtrace1; -2734; -2885; -2885; -151; -5468; -2734
vtrace1; 0; -3677; -4998; -3677; -1321; -1321
vtrace1; -1289; -4277; -2988; -2988; -1289; 0
vtrace1; -1248; -3590; -3732; -2342; -2638; -1390
vtrace1; 407; 564; 3101; 157; 3351; 2944
vtrace1; 581; 1162; 3719; 581; 3719; 3138
vtrace1; -2176; -2182; -12; -6; -2182; -6
vtrace1; 1822; -3096; -4780; -4918; 1960; 138
vtrace1; -201; -2363; -2161; -2162; -200; 1
vtrace1; -7231; -7267; 3584; -36; -3611; 3620
vtrace1; -1; -1109; -2216; -1108; -1109; -1108
vtrace1; -7212; -7248; 3584; -36; -3592; 3620
vtrace1; -1165; -2330; -2330; -1165; -2330; -1165
vtrace1; -4705; -4440; 265; 265; -4705; 0
vtrace1; -1641; -2751; 5164; -1110; 4633; 6274
vtrace1; 877; 877; 4756; 0; 5633; 4756
vtrace1; -3769; -6101; -2485; -2332; -3922; -153
vtrace1; 2707; 2671; 3019; -36; 5762; 3055
vtrace1; -1173; -1173; -1032; 0; -2205; -1032
vtrace1; -1184; -2368; -2368; -1184; -2368; -1184
vtrace1; 0; -2104; -2333; -2104; -229; -229
vtrace1; -2124; -380; 6462; 1744; 2594; 4718
vtrace1; -3351; -2189; 8333; 1162; 3820; 7171
vtrace1; -3331; 847; 8356; 4178; 847; 4178
vtrace1; -4939; -7457; -6269; -2518; -8690; -3751
vtrace1; -4341; -10531; -6189; -6190; -4340; 1
vtrace1; -116; -2344; -2227; -2228; -115; 1
vtrace1; -2481; -2482; -2482; -1; -4962; -2481
vtrace1; -1620; -2162; 5283; -542; 4205; 5825
vtrace1; 0; -2444; -3666; -2444; -1222; -1222
vtrace1; -1869; -1869; 4171; 0; 2302; 4171
vtrace1; -1126; -2252; -1153; -1126; -1153; -27
vtrace1; 0; 0; 2276; 0; 2276; 2276
vtrace1; 0; 1259; 5012; 1259; 3753; 3753
vtrace1; -2179; -4358; -2752; -2179; -2752; -573
vtrace1; 0; 1708; 4334; 1708; 2626; 2626
vtrace1; 244; -5036; -5178; -5280; 346; 102
vtrace1; -5; 73; 2316; 78; 2233; 2238
vtrace1; 1678; 1208; 1208; -470; 3356; 1678
vtrace1; -2081; -3741; -1660; -1660; -2081; 0
vtrace1; -7202; -7125; 154; 77; -7125; 77
vtrace1; -2052; -2163; -240; -111; -2181; -129
vtrace1; -1312; -3307; -3031; -1995; -2348; -1036
vtrace1; 1; 2; 2249; 1; 2249; 2248
vtrace1; -1236; -2472; -2472; -1236; -2472; -1236
vtrace1; -2630; -2630; -1097; 0; -3727; -1097
vtrace1; -2095; -4442; -2871; -2347; -2619; -524
vtrace1; -1026; -2346; -2640; -1320; -2346; -1320
vtrace1; 242; 241; 3573; -1; 3816; 3574
vtrace1; 0; -4374; -4374; -4374; 0; 0
vtrace1; -2228; -5025; -2913; -2797; -2344; -116
vtrace1; -2870; -5740; -2870; -2870; -2870; 0
vtrace1; -2178; -4356; -41; -2178; -41; 2137
vtrace1; -2009; -5484; -2986; -3475; -1520; 489
vtrace1; -2179; -4358; -42; -2179; -42; 2137
vtrace1; -628; -3769; -3129; -3141; -616; 12
vtrace1; -763; -4376; -3613; -3613; -763; 0
vtrace1; 2351; 1281; 1281; -1070; 4702; 2351
vtrace1; 0; -2646; -3691; -2646; -1045; -1045
vtrace1; -2052; -2052; -1560; 0; -3612; -1560
vtrace1; -605; 1567; 4344; 2172; 1567; 2172
vtrace1; -2306; -3614; -1308; -1308; -2306; 0
vtrace1; -1250; -2508; -2534; -1258; -2526; -1276
vtrace1; -1974; -3352; -1105; -1378; -1701; 273
vtrace1; -1226; -2452; -2452; -1226; -2452; -1226
vtrace1; -150; -2270; -2121; -2120; -151; -1
vtrace1; 0; 1; 2229; 1; 2228; 2228
vtrace1; -4172; -3664; 508; 508; -4172; 0
vtrace1; -2295; -1973; 5294; 322; 2677; 4972
vtrace1; -991; -2465; -3415; -1474; -2932; -1941
vtrace1; 2343; 1306; 1319; -1037; 4699; 2356
vtrace1; 0; 0; 2190; 0; 2190; 2190
vtrace1; -2176; -4352; -1575; -2176; -1575; 601
vtrace1; -2179; -4358; -58; -2179; -58; 2121
vtrace1; -801; -2954; -4275; -2153; -2923; -2122
vtrace1; -4479; -4480; 63; -1; -4415; 64
vtrace1; -970; -3099; -2720; -2129; -1561; -591
vtrace1; 0; 1079; 2239; 1079; 1160; 1160
vtrace1; -2179; 490; 5338; 2669; 490; 2669
vtrace1; 1690; -2606; -6132; -4296; -146; -1836
vtrace1; -11; -2190; -2190; -2179; -22; -11
vtrace1; -2095; -2625; -2877; -530; -4442; -2347
vtrace1; -12; -2191; -2191; -2179; -24; -12
vtrace1; -4668; -10120; -7198; -5452; -6414; -1746
vtrace1; 1008; 1008; 3453; 0; 4461; 3453
vtrace1; -2174; -4348; -1544; -2174; -1544; 630
vtrace1; -1371; -2742; -2327; -1371; -2327; -956
vtrace1; -839; -3121; -2282; -2282; -839; 0
vtrace1; -1; -2470; -4357; -2469; -1889; -1888
vtrace1; -793; -2929; -4272; -2136; -2929; -2136
vtrace1; -1037; -2074; -1169; -1037; -1169; -132
vtrace1; -1034; -5026; -3992; -3992; -1034; 0
vtrace1; 159; 159; 2070; 0; 2229; 2070
vtrace1; -2257; -2291; -35; -34; -2258; -1
vtrace1; -27; -2205; -2205; -2178; -54; -27
vtrace1; -2179; 389; 5136; 2568; 389; 2568
vtrace1; -2298; -4596; -2923; -2298; -2923; -625
vtrace1; 72; -79; 5041; -151; 5264; 5192
vtrace1; 1765; 1766; 2606; 1; 4370; 2605
vtrace1; -1167; -3317; -1156; -2150; -173; 994
vtrace1; 0; -2635; -3735; -2635; -1100; -1100
vtrace1; -3140; -6280; -1938; -3140; -1938; 1202
vtrace1; -1629; -3999; -2105; -2370; -1364; 265
vtrace1; 2306; 754; 2090; -1552; 5948; 3642
vtrace1; -3635; -3738; -104; -103; -3636; -1
vtrace1; 3178; 1990; 1990; -1188; 6356; 3178
vtrace1; -2699; -4170; -1662; -1471; -2890; -191
vtrace1; -1; 71; 2426; 72; 2353; 2354
vtrace1; 0; -2898; -5796; -2898; -2898; -2898
vtrace1; 55; -2696; -3101; -2751; -295; -350
vtrace1; -2404; -2404; -1; 0; -2405; -1
vtrace1; 1; 23; 3642; 22; 3621; 3620
vtrace1; -518; -1036; -1036; -518; -1036; -518
vtrace1; 22; 44; 3664; 22; 3664; 3642
vtrace1; -2234; -2233; -238; 1; -2473; -239
vtrace1; -2269; -4538; -1508; -2269; -1508; 761
vtrace1; -1; 458; 3116; 459; 2656; 2657
vtrace1; -1100; -2478; -1378; -1378; -1100; 0
vtrace1; 0; 0; 3605; 0; 3605; 3605
vtrace1; -1; 0; 2307; 1; 2305; 2306
vtrace1; 1; -2317; -2392; -2318; -73; -74
vtrace1; -771; -4647; -2283; -3876; 822; 1593
vtrace1; -2528; -2529; -1253; -1; -3780; -1252
vtrace1; -571; -1142; -1142; -571; -1142; -571
vtrace1; 1434; 1189; 1623; -245; 3302; 1868
vtrace1; -4532; -4532; 0; 0; -4532; 0
vtrace1; 2322; 12; 12; -2310; 4644; 2322
vtrace1; -2932; -5736; -1604; -2804; -1732; 1200
vtrace1; -787; 1895; 5364; 2682; 1895; 2682
vtrace1; 2750; 1658; 1697; -1092; 5539; 2789
