vtrace1; I a; I ab; I bc; I b; I ac; I c
vtrace1; 24; 48; 562; 24; 562; 538
vtrace1; 3281; 3280; 3280; -1; 6562; 3281
vtrace1; 0; -1157; -2314; -1157; -1157; -1157
vtrace1; -1071; -1064; -306; 7; -1384; -313
vtrace1; 1; 814; 3017; 813; 2205; 2204
vtrace1; 24; 48; 542; 24; 542; 518
vtrace1; -3539; -7078; -7078; -3539; -7078; -3539
vtrace1; -394; -549; -175; -155; -414; -20
vtrace1; 622; -1710; 840; -2332; 3794; 3172
vtrace1; 1544; 2062; 3100; 518; 4126; 2582
vtrace1; -2588; -5898; -5898; -3310; -5176; -2588
vtrace1; -1; -743; 1385; -742; 2126; 2127
vtrace1; 4; -18; -22; -22; 4; 0
vtrace1; 1725; 1705; 1705; -20; 3450; 1725
vtrace1; -2588; -5176; -5176; -2588; -5176; -2588
vtrace1; 4233; 4232; 4232; -1; 8466; 4233
vtrace1; -555; -1378; -786; -823; -518; 37
vtrace1; 0; -3213; 1020; -3213; 4233; 4233
vtrace1; 1; -1236; 338; -1237; 1576; 1575
vtrace1; 1125; -3371; -2448; -4496; 3173; 2048
vtrace1; -2284; -4755; -2472; -2471; -2285; -1
vtrace1; -1707; -3414; -1705; -1707; -1705; 2
vtrace1; 0; -2186; 2047; -2186; 4233; 4233
vtrace1; -1341; -251; 981; 1090; -1450; -109
vtrace1; -1528; -3056; 3124; -1528; 3124; 4652
vtrace1; 717; -3544; -5134; -4261; -156; -873
vtrace1; 1703; 668; 668; -1035; 3406; 1703
vtrace1; -109; -60; 2799; 49; 2641; 2750
vtrace1; 0; -145; -281; -145; -136; -136
vtrace1; -2574; -5148; -2550; -2574; -2550; 24
vtrace1; 1; -364; -452; -365; -86; -87
vtrace1; -1851; -1833; 36; 18; -1833; 18
vtrace1; 197; -349; -541; -546; 202; 5
vtrace1; -109; 1442; 3102; 1551; 1442; 1551
vtrace1; -4127; -3978; 667; 149; -3609; 518
vtrace1; -3793; -2090; 3406; 1703; -2090; 1703
vtrace1; 1475; 1475; 2626; 0; 4101; 2626
vtrace1; -1599; -1451; 207; 148; -1540; 59
vtrace1; -5588; -5570; 36; 18; -5570; 18
vtrace1; -1310; -2620; 357; -1310; 357; 1667
vtrace1; -1; 0; 1736; 1; 1734; 1735
vtrace1; -82; -164; 3182; -82; 3182; 3264
vtrace1; -1119; -1119; 0; 0; -1119; 0
vtrace1; -2056; -4112; -1988; -2056; -1988; 68
vtrace1; 1314; -438; -1751; -1752; 1315; 1
vtrace1; -2957; -2957; 623; 0; -2334; 623
vtrace1; -3; 1572; 3150; 1575; 1572; 1575
vtrace1; -1071; -1858; -1650; -787; -1934; -863
vtrace1; -483; -386; 194; 97; -386; 97
vtrace1; 1801; -3139; -4906; -4940; 1835; 34
vtrace1; -3432; -1967; 4060; 1465; -837; 2595
vtrace1; -555; -556; 1592; -1; 1038; 1593
vtrace1; -4261; -4317; 130; -56; -4075; 186
vtrace1; 1134; 2678; 5663; 1544; 5253; 4119
vtrace1; 1111; 997; 997; -114; 2222; 1111
vtrace1; 8; -2158; 988; -2166; 3162; 3154
vtrace1; -8; -8; 3735; 0; 3727; 3735
vtrace1; -1157; -3295; -4276; -2138; -3295; -2138
vtrace1; 0; -3158; -3108; -3158; 50; 50
vtrace1; -3482; -2446; 4136; 1036; -382; 3100
vtrace1; -1135; -2270; -2337; -1135; -2337; -1202
vtrace1; -2838; -1748; 2180; 1090; -1748; 1090
vtrace1; -1215; -2430; -1215; -1215; -1215; 0
vtrace1; 400; -1250; 601; -1650; 2651; 2251
vtrace1; -1635; -3270; -3270; -1635; -3270; -1635
vtrace1; -2134; -7479; -3794; -5345; -583; 1551
vtrace1; -477; 146; 1246; 623; 146; 623
vtrace1; -1; -174; 385; -173; 557; 558
vtrace1; -2613; -2614; 2594; -1; -18; 2595
vtrace1; -2261; -4522; -2197; -2261; -2197; 64
vtrace1; -1686; -3372; -3372; -1686; -3372; -1686
vtrace1; 538; 497; 1534; -41; 2113; 1575
vtrace1; 0; -5060; -2478; -5060; 2582; 2582
vtrace1; -12; -11; 2127; 1; 2114; 2126
vtrace1; -2178; -3801; -1623; -1623; -2178; 0
vtrace1; 38; -2965; -2815; -3003; 226; 188
vtrace1; -2014; -2014; 623; 0; -1391; 623
vtrace1; 0; 1249; 2498; 1249; 1249; 1249
vtrace1; 39; -2176; -2156; -2215; 98; 59
vtrace1; -2982; -2981; 3009; 1; 26; 3008
vtrace1; 518; -3125; -3683; -3643; 478; -40
vtrace1; 49; -2144; -2167; -2193; 75; 26
vtrace1; 24; 48; 647; 24; 647; 623
vtrace1; 2053; 368; 368; -1685; 4106; 2053
vtrace1; 1918; -1084; -1268; -3002; 3652; 1734
vtrace1; -23; 26; 1141; 49; 1069; 1092
vtrace1; -2361; -184; 4354; 2177; -184; 2177
vtrace1; -155; 2046; 4307; 2201; 1951; 2106
vtrace1; -155; -310; 979; -155; 979; 1134
vtrace1; -4261; -7955; -3688; -3694; -4255; 6
vtrace1; -20; -40; 4213; -20; 4213; 4233
vtrace1; -1396; -3984; -6; -2588; 1186; 2582
vtrace1; -1071; 984; 4181; 2055; 1055; 2126
vtrace1; -6; 170; 1727; 176; 1545; 1551
vtrace1; 2845; -850; -1444; -3695; 5096; 2251
vtrace1; -2714; -3871; -2314; -1157; -3871; -1157
vtrace1; -3643; -7286; -471; -3643; -471; 3172
vtrace1; -3987; -4132; 1560; -145; -2282; 1705
vtrace1; -1606; -3212; -3212; -1606; -3212; -1606
vtrace1; 1; 0; 2749; -1; 2751; 2750
vtrace1; -624; -614; 1561; 10; 927; 1551
vtrace1; -107; -214; 2519; -107; 2519; 2626
vtrace1; 0; -684; 1364; -684; 2048; 2048
vtrace1; -2268; -1373; 2630; 895; -533; 1735
vtrace1; 590; -583; -635; -1173; 1128; 538
vtrace1; -2215; -2364; -157; -149; -2223; -8
vtrace1; 2053; 1364; 1364; -689; 4106; 2053
vtrace1; 1667; 1667; 1667; 0; 3334; 1667
vtrace1; 0; -3977; -3139; -3977; 838; 838
vtrace1; -2777; -2949; -344; -172; -2949; -172
vtrace1; -805; -1610; -1610; -805; -1610; -805
vtrace1; -1829; -3658; -3658; -1829; -3658; -1829
vtrace1; -3573; -2520; -275; 1053; -4901; -1328
vtrace1; -110; -220; 1483; -110; 1483; 1593
vtrace1; -243; 2204; 5711; 2447; 3021; 3264
vtrace1; -12; 1025; 3090; 1037; 2041; 2053
vtrace1; -3693; -7386; -7386; -3693; -7386; -3693
vtrace1; -546; -4100; -4689; -3554; -1681; -1135
vtrace1; 0; -59; -118; -59; -59; -59
vtrace1; -720; -1922; -2404; -1202; -1922; -1202
vtrace1; 563; -1144; -1683; -1707; 587; 24
vtrace1; -1039; -3408; -3408; -2369; -2078; -1039
vtrace1; -87; 2712; 5899; 2799; 3013; 3100
vtrace1; -1611; -3222; -3222; -1611; -3222; -1611
vtrace1; -2693; -2690; 2598; 3; -98; 2595
vtrace1; 1; -949; -1099; -950; -148; -149
vtrace1; 66; -1741; -1807; -1807; 66; 0
vtrace1; -601; -1202; -1202; -601; -1202; -601
vtrace1; -204; -2122; -1919; -1918; -205; -1
vtrace1; -787; -1574; -1574; -787; -1574; -787
vtrace1; -4612; -6750; -4276; -2138; -6750; -2138
vtrace1; -2452; -2700; -1319; -248; -3523; -1071
vtrace1; -1; 0; 80; 1; 78; 79
vtrace1; -149; -298; 934; -149; 934; 1083
vtrace1; -1202; -1203; -1203; -1; -2404; -1202
vtrace1; -973; -3080; -1797; -2107; -663; 310
vtrace1; 2158; 105; 697; -2053; 4908; 2750
vtrace1; 286; 572; 1119; 286; 1119; 833
vtrace1; -2134; -3205; 1511; -1071; 448; 2582
vtrace1; 1092; -2463; -1838; -3555; 2809; 1717
vtrace1; 286; 294; 2056; 8; 2334; 2048
vtrace1; -287; -1098; -1098; -811; -574; -287
vtrace1; -41; -82; 1534; -41; 1534; 1575
vtrace1; -5226; -5226; 939; 0; -4287; 939
vtrace1; 376; 376; 2053; 0; 2429; 2053
vtrace1; 1255; 2094; 3993; 839; 4409; 3154
vtrace1; 66; 629; 2089; 563; 1592; 1526
vtrace1; 2127; 2094; 2717; -33; 4877; 2750
vtrace1; 0; -5329; -2175; -5329; 3154; 3154
vtrace1; -2107; -1821; -687; 286; -3080; -973
vtrace1; -145; -290; 938; -145; 938; 1083
vtrace1; -1; -2; -1; -1; -1; 0
vtrace1; 1735; 723; 723; -1012; 3470; 1735
vtrace1; -1; 1536; 3074; 1537; 1536; 1537
vtrace1; -3847; -3822; 24; 25; -3848; -1
vtrace1; -519; -481; 48; 38; -509; 10
vtrace1; -145; 187; 937; 332; 460; 605
vtrace1; -1; -1; -1; 0; -2; -1
vtrace1; 0; -1; -2; -1; -1; -1
vtrace1; -2654; -5308; -5308; -2654; -5308; -2654
vtrace1; -136; -331; -254; -195; -195; -59
vtrace1; 0; 0; 2797; 0; 2797; 2797
vtrace1; 186; -4694; -4694; -4880; 372; 186
vtrace1; -1035; 1640; 5350; 2675; 1640; 2675
vtrace1; 7; -1772; 274; -1779; 2060; 2053
vtrace1; 0; -1135; -2270; -1135; -1135; -1135
vtrace1; -2128; -5944; -7632; -3816; -5944; -3816
vtrace1; -778; -1556; -1556; -778; -1556; -778
vtrace1; 1390; 2780; 5509; 1390; 5509; 4119
vtrace1; -1; 36; 1074; 37; 1036; 1037
vtrace1; 0; -2716; -3851; -2716; -1135; -1135
vtrace1; 478; -1663; -892; -2141; 1727; 1249
vtrace1; 972; 1037; 1190; 65; 2097; 1125
vtrace1; -3816; -7632; -7632; -3816; -7632; -3816
vtrace1; -1; 5; 12; 6; 5; 6
vtrace1; -3459; -5485; -6171; -2026; -7604; -4145
vtrace1; -1; 1029; 2060; 1030; 1029; 1030
vtrace1; -1859; -3718; -266; -1859; -266; 1593
vtrace1; -1157; -1107; 100; 50; -1107; 50
vtrace1; -5226; -5225; -1038; 1; -6265; -1039
vtrace1; 964; 177; 177; -787; 1928; 964
vtrace1; -2215; -2235; -2235; -20; -4430; -2215
vtrace1; -4612; -4094; 1036; 518; -4094; 518
vtrace1; -2216; -139; 6729; 2077; 2436; 4652
vtrace1; 2675; 2674; 2674; -1; 5350; 2675
vtrace1; 0; -2163; -4326; -2163; -2163; -2163
vtrace1; -397; -601; 3955; -204; 3762; 4159
vtrace1; 1288; -3629; -3800; -4917; 2405; 1117
vtrace1; -2278; -341; 1792; 1937; -2423; -145
vtrace1; -1792; -1792; 538; 0; -1254; 538
vtrace1; 563; 543; 543; -20; 1126; 563
vtrace1; -3311; -3286; 2078; 25; -1258; 2053
vtrace1; -1109; -2218; -1083; -1109; -1083; 26
vtrace1; -6062; -6062; 839; 0; -5223; 839
vtrace1; -5226; -5226; -1149; 0; -6375; -1149
vtrace1; -2215; -2113; 106; 102; -2211; 4
vtrace1; -1652; -1859; -157; -207; -1602; 50
vtrace1; -2793; -5586; -5586; -2793; -5586; -2793
vtrace1; 320; 1756; 4881; 1436; 3765; 3445
vtrace1; -172; -344; -192; -172; -192; -20
vtrace1; -41; -41; -41; 0; -82; -41
vtrace1; 0; 1734; 6866; 1734; 5132; 5132
vtrace1; -601; -1750; -2298; -1149; -1750; -1149
vtrace1; -4657; -3143; 1522; 1514; -4649; 8
vtrace1; 64; 63; 63; -1; 128; 64
vtrace1; 0; 0; 1705; 0; 1705; 1705
vtrace1; -1594; -1676; 5050; -82; 3538; 5132
vtrace1; -783; -1566; -1566; -783; -1566; -783
vtrace1; -953; -967; 549; -14; -390; 563
vtrace1; -22; 4097; 8238; 4119; 4097; 4119
vtrace1; 186; 187; 2205; 1; 2390; 2204
vtrace1; 0; 1733; 4483; 1733; 2750; 2750
vtrace1; -1780; -1780; 518; 0; -1262; 518
vtrace1; 24; 48; 2793; 24; 2793; 2769
vtrace1; -1135; -1222; -66; -87; -1114; 21
vtrace1; -558; -1116; -558; -558; -558; 0
vtrace1; 24; 48; 1729; 24; 1729; 1705
vtrace1; -2134; 313; 5640; 2447; 1059; 3193
vtrace1; 22; 44; 1757; 22; 1757; 1735
vtrace1; -970; -971; 4158; -1; 3189; 4159
vtrace1; -2288; -4299; -2011; -2011; -2288; 0
vtrace1; 3100; 3092; 3092; -8; 6200; 3100
vtrace1; -1052; -1052; -1052; 0; -2104; -1052
vtrace1; 0; -2625; -499; -2625; 2126; 2126
vtrace1; -5105; -9061; -2221; -3956; -3370; 1735
vtrace1; 24; 48; 1759; 24; 1759; 1735
vtrace1; 0; 1735; 3470; 1735; 1735; 1735
vtrace1; -1918; -3681; -2767; -1763; -2922; -1004
vtrace1; -1741; -6353; -4757; -4612; -1886; -145
vtrace1; -1188; -583; 2310; 605; 517; 1705
vtrace1; -1519; -1539; -1013; -20; -2512; -993
vtrace1; 0; -5329; -5328; -5329; 1; 1
vtrace1; 2204; 2090; 2636; -114; 4954; 2750
vtrace1; -4612; -2838; 1838; 1774; -4548; 64
vtrace1; 22; 44; 1727; 22; 1727; 1705
vtrace1; -2215; -1651; 2768; 564; -11; 2204
vtrace1; 18; -2116; -2216; -2134; -64; -82
vtrace1; -37; -3526; -389; -3489; 3063; 3100
vtrace1; -1; 4118; 8238; 4119; 4118; 4119
vtrace1; -157; -1292; -934; -1135; 44; 201
vtrace1; -2580; -3056; 82; -476; -2022; 558
vtrace1; 201; 402; 2680; 201; 2680; 2479
vtrace1; 563; 2288; 4302; 1725; 3140; 2577
vtrace1; -1; -2118; -2157; -2117; -41; -40
vtrace1; -2193; -5106; -5106; -2913; -4386; -2193
vtrace1; 2; 4; 66; 2; 66; 64
vtrace1; -5357; -5493; 402; -136; -4819; 538
vtrace1; 0; -3828; -3205; -3828; 623; 623
vtrace1; 0; -1202; -1199; -1202; 3; 3
vtrace1; 24; 48; 3759; 24; 3759; 3735
vtrace1; 50; 1740; 3796; 1690; 2156; 2106
vtrace1; 1537; -2846; -4061; -4383; 1859; 322
vtrace1; -4127; -3569; 559; 558; -4126; 1
vtrace1; 0; -2471; -2911; -2471; -440; -440
vtrace1; -3977; -7954; -7954; -3977; -7954; -3977
vtrace1; 785; 785; 3063; 0; 3848; 3063
vtrace1; -1975; -1776; 177; 199; -1997; -22
vtrace1; -2546; -2547; -1; -1; -2546; 0
vtrace1; -345; -690; -494; -345; -494; -149
vtrace1; -3693; -5660; -5660; -1967; -7386; -3693
vtrace1; 201; -624; 2347; -825; 3373; 3172
vtrace1; 59; 58; 507; -1; 567; 508
vtrace1; 2; -3793; -3257; -3795; 540; 538
vtrace1; -3486; -5063; 1704; -1577; -205; 3281
vtrace1; -261; -193; 5200; 68; 4871; 5132
vtrace1; 23; 46; 120; 23; 120; 97
vtrace1; 22; 44; 101; 22; 101; 79
vtrace1; 22; 44; 2149; 22; 2149; 2127
vtrace1; 4; 320; 3509; 316; 3197; 3193
vtrace1; 22; 44; 1147; 22; 1147; 1125
vtrace1; -22; -762; -849; -740; -131; -109
vtrace1; -612; -632; -175; -20; -767; -155
vtrace1; 22; 44; 3194; 22; 3194; 3172
vtrace1; 22; 2070; 4174; 2048; 2148; 2126
vtrace1; 0; 0; 37; 0; 37; 37
vtrace1; 49; -552; -600; -601; 50; 1
vtrace1; -8; -1143; -1143; -1135; -16; -8
vtrace1; 188; -358; -358; -546; 376; 188
vtrace1; 24; 48; 121; 24; 121; 97
vtrace1; 0; -2140; 2512; -2140; 4652; 4652
vtrace1; 24; 48; 103; 24; 103; 79
vtrace1; 23; 46; 1148; 23; 1148; 1125
vtrace1; -1149; -2298; -24; -1149; -24; 1125
vtrace1; 28; 28; 97; 0; 125; 97
vtrace1; -4145; -8290; -8290; -4145; -8290; -4145
vtrace1; -1; -2; 2625; -1; 2625; 2626
vtrace1; -1039; 512; 2490; 1551; -100; 939
vtrace1; -1149; -2497; -2497; -1348; -2298; -1149
vtrace1; -155; 1512; 3334; 1667; 1512; 1667
vtrace1; 11; 22; 1122; 11; 1122; 1111
vtrace1; -546; -546; 1293; 0; 747; 1293
vtrace1; 1582; -3644; -3120; -5226; 3688; 2106
vtrace1; -3440; -2627; 815; 813; -3438; 2
vtrace1; -927; -920; 2060; 7; 1126; 2053
vtrace1; 22; 44; 86; 22; 86; 64
vtrace1; -6; -155; 884; -149; 1027; 1033
vtrace1; 0; 0; 1; 0; 1; 1
vtrace1; 1; 1; 2048; 0; 2049; 2048
vtrace1; -2593; -5186; -4727; -2593; -4727; -2134
vtrace1; 0; 0; 0; 0; 0; 0
vtrace1; 0; 0; 2048; 0; 2048; 2048
vtrace1; 0; 1; 2; 1; 1; 1
vtrace1; 22; 44; 1112; 22; 1112; 1090
vtrace1; -1; -2; -2; -1; -2; -1
vtrace1; -4200; -1623; 2614; 2577; -4163; 37
vtrace1; -3743; -2494; 2286; 1249; -2706; 1037
vtrace1; 0; 1134; 2268; 1134; 1134; 1134
vtrace1; 1; 334; 3163; 333; 2831; 2830
vtrace1; -38; -76; -76; -38; -76; -38
vtrace1; 0; 0; 1030; 0; 1030; 1030
vtrace1; -746; -1817; -2142; -1071; -1817; -1071
vtrace1; 0; 0; 50; 0; 50; 50
vtrace1; -1202; 1419; 5775; 2621; 1952; 3154
vtrace1; -1772; -3544; -1886; -1772; -1886; -114
vtrace1; 49; 49; 1134; 0; 1183; 1134
vtrace1; 0; 2; 51; 2; 49; 49
vtrace1; -40; -80; -80; -40; -80; -40
vtrace1; 2126; 1865; 3474; -261; 5861; 3735
vtrace1; -1964; -2524; -523; -560; -1927; 37
vtrace1; 518; 1036; 4677; 518; 4677; 4159
vtrace1; 0; -1039; -416; -1039; 623; 623
vtrace1; 0; 7; 14; 7; 7; 7
vtrace1; -849; -858; 6; -9; -834; 15
vtrace1; -29; -58; -69; -29; -69; -40
vtrace1; 0; -974; 1079; -974; 2053; 2053
vtrace1; 25; 50; 1117; 25; 1117; 1092
vtrace1; -20; -40; -40; -20; -40; -20
vtrace1; -1611; -1593; 1108; 18; -521; 1090
vtrace1; 518; 518; 518; 0; 1036; 518
vtrace1; 2048; -1929; -3959; -3977; 2066; 18
vtrace1; 22; 44; 5154; 22; 5154; 5132
vtrace1; 6; 6; 6; 0; 12; 6
vtrace1; 17; 34; 4136; 17; 4136; 4119
vtrace1; -558; -1104; 18; -546; 6; 564
vtrace1; 0; 0; 1083; 0; 1083; 1083
vtrace1; -1013; -1013; -601; 0; -1614; -601
vtrace1; -2058; -1540; 3268; 518; 692; 2750
vtrace1; 1; 1; 59; 0; 60; 59
vtrace1; -6; -12; -12; -6; -12; -6
vtrace1; 3593; 3593; 3593; 0; 7186; 3593
vtrace1; -2944; -5888; -5888; -2944; -5888; -2944
vtrace1; -41; -82; -82; -41; -82; -41
vtrace1; -4940; -5192; 1952; -252; -2736; 2204
vtrace1; -8; -16; -16; -8; -16; -8
vtrace1; -3931; -3930; 1735; 1; -2197; 1734
vtrace1; 3600; 1414; -80; -2186; 5706; 2106
vtrace1; 35; 70; 2141; 35; 2141; 2106
vtrace1; 0; -4595; -5634; -4595; -1039; -1039
vtrace1; 22; 44; 4181; 22; 4181; 4159
vtrace1; -21; -42; -42; -21; -42; -21
vtrace1; 1; -4611; -4612; -4612; 1; 0
vtrace1; -22; -44; -44; -22; -44; -22
vtrace1; -4612; -4611; 1091; 1; -3522; 1090
vtrace1; -2186; -2094; 70; 92; -2208; -22
vtrace1; -1035; -1036; -1036; -1; -2070; -1035
vtrace1; 22; 44; 2070; 22; 2070; 2048
vtrace1; -1635; -1117; 1036; 518; -1117; 518
vtrace1; -23; -46; -46; -23; -46; -23
vtrace1; -87; -88; -88; -1; -174; -87
vtrace1; -3022; 1137; 8318; 4159; 1137; 4159
vtrace1; -921; 1161; 6241; 2082; 3238; 4159
vtrace1; -1234; -2546; -1312; -1312; -1234; 0
vtrace1; -2107; -4214; -4214; -2107; -4214; -2107
vtrace1; -59; -118; -118; -59; -118; -59
vtrace1; -1052; -3134; 2570; -2082; 3600; 4652
vtrace1; -41; -47; -47; -6; -82; -41
vtrace1; 5132; 5132; 5132; 0; 10264; 5132
vtrace1; 50; 100; 5182; 50; 5182; 5132
vtrace1; 0; 5132; 10264; 5132; 5132; 5132
vtrace1; -9; -18; -18; -9; -18; -9
vtrace1; -3693; -3694; -3694; -1; -7386; -3693
vtrace1; 22; 44; 1052; 22; 1052; 1030
vtrace1; -1784; -3568; -2836; -1784; -2836; -1052
vtrace1; 24; 48; 2072; 24; 2072; 2048
vtrace1; -5329; -5279; 30; 50; -5349; -20
vtrace1; 1111; 2222; 4211; 1111; 4211; 3100
vtrace1; -8; -7; 229; 1; 220; 228
vtrace1; -1012; -2024; -962; -1012; -962; 50
vtrace1; -1035; -2070; -2070; -1035; -2070; -1035
vtrace1; -11; -22; -22; -11; -22; -11
vtrace1; -1071; -2142; -2142; -1071; -2142; -1071
vtrace1; -2471; -4942; -2470; -2471; -2470; 1
vtrace1; -498; -498; -498; 0; -996; -498
vtrace1; -2973; -1068; 2469; 1905; -2409; 564
vtrace1; -2138; -4297; 610; -2159; 631; 2769
vtrace1; -2107; -2108; -2108; -1; -4214; -2107
vtrace1; -2376; 206; 5164; 2582; 206; 2582
vtrace1; -4145; -7511; 227; -3366; -552; 3593
vtrace1; 1801; -2140; -1315; -3941; 4427; 2626
vtrace1; -1538; -3753; -4430; -2215; -3753; -2215
vtrace1; -722; -525; 1931; 197; 1012; 1734
vtrace1; 0; -4402; -2578; -4402; 1824; 1824
vtrace1; -2163; -2204; 3694; -41; 1572; 3735
vtrace1; 2507; 1472; 1071; -1035; 4613; 2106
vtrace1; -1052; -2104; -2104; -1052; -2104; -1052
vtrace1; -41; 798; 2276; 839; 1396; 1437
vtrace1; 1551; 1772; 2327; 221; 3657; 2106
vtrace1; -783; -1932; -24; -1149; 342; 1125
vtrace1; -4223; -4224; -39; -1; -4261; -38
vtrace1; -2160; -2201; -2148; -41; -4267; -2107
vtrace1; -4509; -4515; -12; -6; -4515; -6
vtrace1; -3315; -3129; 372; 186; -3129; 186
vtrace1; -1202; -2404; -2404; -1202; -2404; -1202
vtrace1; 0; 930; 4523; 930; 3593; 3593
vtrace1; -1686; -1687; 1536; -1; -149; 1537
vtrace1; -4612; -9224; -4094; -4612; -4094; 518
vtrace1; -1039; -2078; -2078; -1039; -2078; -1039
vtrace1; -895; -1031; 4097; -136; 3338; 4233
vtrace1; -5226; -4123; -1112; 1103; -7441; -2215
vtrace1; -2434; -4091; -2859; -1657; -3636; -1202
vtrace1; -1829; -990; 1678; 839; -990; 839
vtrace1; -1010; -1010; 3; 0; -1007; 3
vtrace1; 3; 313; 1196; 310; 889; 886
vtrace1; -249; -1229; 1789; -980; 2520; 2769
vtrace1; 21; 1138; 2842; 1117; 1746; 1725
vtrace1; -313; -1260; -1548; -947; -914; -601
vtrace1; -4261; -8522; -8522; -4261; -8522; -4261
vtrace1; 0; -929; -922; -929; 7; 7
vtrace1; -624; -738; 2442; -114; 1932; 2556
vtrace1; -329; -1215; -1000; -886; -443; -114
vtrace1; -4127; -8254; -8254; -4127; -8254; -4127
vtrace1; -3386; -5346; -826; -1960; -2252; 1134
vtrace1; -1906; -3812; 1358; -1906; 1358; 3264
vtrace1; -1635; -1658; 26; -23; -1586; 49
vtrace1; -1149; -2297; 519; -1148; 518; 1667
vtrace1; -3643; -2803; 1776; 840; -2707; 936
vtrace1; 599; 1198; 2333; 599; 2333; 1734
vtrace1; 162; 162; 2769; 0; 2931; 2769
vtrace1; -428; -1866; 287; -1438; 1297; 1725
vtrace1; 397; -3893; -5439; -4290; -752; -1149
vtrace1; -2215; -4430; -4430; -2215; -4430; -2215
vtrace1; -145; -290; -290; -145; -290; -145
vtrace1; -204; -4062; -4007; -3858; -353; -149
vtrace1; -640; 504; 4316; 1144; 2532; 3172
vtrace1; -2193; -4386; -4386; -2193; -4386; -2193
vtrace1; -2144; -2145; 557; -1; -1586; 558
vtrace1; -1606; -1588; 17; 18; -1607; -1
vtrace1; 0; 1653; 4279; 1653; 2626; 2626
vtrace1; -1071; -3264; -2459; -2193; -1337; -266
vtrace1; 1085; -152; -1351; -1237; 971; -114
vtrace1; -118; -2174; -3095; -2056; -1157; -1039
vtrace1; -2268; 179; 4181; 2447; -534; 1734
vtrace1; 0; -109; 1466; -109; 1575; 1575
vtrace1; 79; -868; -627; -947; 399; 320
vtrace1; -109; -218; 1616; -109; 1616; 1725
vtrace1; 1; -918; 1208; -919; 2128; 2127
vtrace1; -2799; -2972; 864; -173; -1762; 1037
vtrace1; -2145; -4290; -4290; -2145; -4290; -2145
vtrace1; -5226; -6972; -6972; -1746; -10452; -5226
vtrace1; -1; -2; 2046; -1; 2046; 2047
vtrace1; -16; 57; 3337; 73; 3248; 3264
vtrace1; -1157; -2314; -2314; -1157; -2314; -1157
vtrace1; -1202; -1184; -96; 18; -1316; -114
vtrace1; -1354; -2708; 1905; -1354; 1905; 3259
vtrace1; -2215; -630; 1682; 1585; -2118; 97
vtrace1; -136; -272; -272; -136; -272; -136
vtrace1; -114; -228; -228; -114; -228; -114
vtrace1; 0; -1; 3263; -1; 3264; 3264
vtrace1; -2493; -1285; 1212; 1208; -2489; 4
vtrace1; -172; -344; -344; -172; -344; -172
vtrace1; 2589; 983; 976; -1606; 5171; 2582
vtrace1; -149; -298; -298; -149; -298; -149
vtrace1; -1942; -3884; -3628; -1942; -3628; -1686
vtrace1; -2163; -4326; -4326; -2163; -4326; -2163
vtrace1; -907; -216; 711; 691; -887; 20
vtrace1; -115; -229; -228; -114; -229; -114
vtrace1; -3140; -6280; -2517; -3140; -2517; 623
vtrace1; -41; -63; 942; -22; 923; 964
vtrace1; -155; -310; -300; -155; -300; -145
vtrace1; 38; 76; 3210; 38; 3210; 3172
vtrace1; 2414; 280; -1511; -2134; 3037; 623
vtrace1; 0; 837; 2885; 837; 2048; 2048
vtrace1; -2186; -4372; -4372; -2186; -4372; -2186
vtrace1; -4107; -6761; -5308; -2654; -6761; -2654
vtrace1; -1199; 376; 3150; 1575; 376; 1575
vtrace1; -4200; -9554; -2254; -5354; -1100; 3100
vtrace1; -4961; -3385; 1583; 1576; -4954; 7
vtrace1; -38; -3701; -1615; -3663; 2010; 2048
vtrace1; -1767; -1144; 1246; 623; -1144; 623
vtrace1; -1686; -4918; -4918; -3232; -3372; -1686
vtrace1; -4200; -8400; -8400; -4200; -8400; -4200
vtrace1; -82; -164; -164; -82; -164; -82
vtrace1; 4119; 2484; 2484; -1635; 8238; 4119
vtrace1; -1; -4384; -5620; -4383; -1238; -1237
vtrace1; 522; -1178; -107; -1700; 2115; 1593
vtrace1; 0; -783; -225; -783; 558; 558
vtrace1; -59; -118; -168; -59; -168; -109
vtrace1; 49; 69; 3120; 20; 3149; 3100
vtrace1; -2134; -4369; -1145; -2235; -1044; 1090
vtrace1; 1083; 1151; 3261; 68; 4276; 3193
vtrace1; 49; -1808; -1299; -1857; 607; 558
vtrace1; -2092; -6353; -4260; -4261; -2091; 1
vtrace1; -4406; -3848; 2151; 558; -2813; 1593
vtrace1; -1105; -482; 622; 623; -1106; -1
vtrace1; -4612; -4666; -31; -54; -4589; 23
vtrace1; -2193; -5885; -5885; -3692; -4386; -2193
vtrace1; -155; -310; -310; -155; -310; -155
vtrace1; 0; 0; 2936; 0; 2936; 2936
vtrace1; -23; -137; -228; -114; -137; -114
vtrace1; -5226; -10452; -10452; -5226; -10452; -5226
vtrace1; -1396; -878; 1036; 518; -878; 518
vtrace1; -1617; -7358; -3159; -5741; 965; 2582
vtrace1; -1606; -3747; -3747; -2141; -3212; -1606
vtrace1; 766; -436; -638; -1202; 1330; 564
vtrace1; -305; -610; -610; -305; -610; -305
vtrace1; -6; -6; 558; 0; 552; 558
vtrace1; -4402; -8804; -8804; -4402; -8804; -4402
vtrace1; -2134; -4268; -4268; -2134; -4268; -2134
vtrace1; 0; 785; 1877; 785; 1092; 1092
vtrace1; 0; -610; -619; -610; -9; -9
vtrace1; -212; 352; 1128; 564; 352; 564
vtrace1; 25; -1675; 895; -1700; 2620; 2595
vtrace1; -1071; -553; 2566; 518; 977; 2048
vtrace1; -1; -1; 558; 0; 557; 558
vtrace1; -1503; -1746; 2339; -243; 1079; 2582
vtrace1; -87; -174; -174; -87; -174; -87
vtrace1; -2215; -4430; 2018; -2215; 2018; 4233
vtrace1; -4612; -2506; 4212; 2106; -2506; 2106
vtrace1; -59; -182; 1002; -123; 1066; 1125
vtrace1; -1388; -351; 1063; 1037; -1362; 26
vtrace1; 0; 2204; 4954; 2204; 2750; 2750
vtrace1; -3299; -1095; 2032; 2204; -3471; -172
vtrace1; 1680; 1681; 2252; 1; 3931; 2251
vtrace1; -303; -102; 402; 201; -102; 201
vtrace1; 79; -2189; -2327; -2268; 20; -59
vtrace1; -5226; -8714; -3529; -3488; -5267; -41
vtrace1; -88; -1164; 649; -1076; 1637; 1725
vtrace1; -109; -218; -218; -109; -218; -109
vtrace1; -1135; -2244; -2244; -1109; -2270; -1135
vtrace1; 564; 551; 2114; -13; 2691; 2127
vtrace1; -16; -1204; -2259; -1188; -1087; -1071
vtrace1; -1135; -2270; -2270; -1135; -2270; -1135
vtrace1; 0; -1366; -333; -1366; 1033; 1033
vtrace1; -2138; -4276; -4276; -2138; -4276; -2138
vtrace1; -1149; -2298; -2298; -1149; -2298; -1149
vtrace1; -2141; -3290; -3290; -1149; -4282; -2141
vtrace1; 0; -3539; -7078; -3539; -3539; -3539
vtrace1; 20; -2341; -2341; -2361; 40; 20
vtrace1; 570; -482; -482; -1052; 1140; 570
vtrace1; -149; -298; 1426; -149; 1426; 1575
vtrace1; -1; 1716; 4392; 1717; 2674; 2675
vtrace1; 1714; -1718; -2395; -3432; 2751; 1037
vtrace1; 844; 1978; 3187; 1134; 2897; 2053
vtrace1; 86; 172; 4245; 86; 4245; 4159
vtrace1; -305; 2142; 4894; 2447; 2142; 2447
vtrace1; -2186; -2186; 563; 0; -1623; 563
vtrace1; -1302; -2604; -2604; -1302; -2604; -1302
vtrace1; -4261; -8873; -9224; -4612; -8873; -4612
vtrace1; -313; -626; -626; -313; -626; -313
vtrace1; -2361; -4722; -4722; -2361; -4722; -2361
vtrace1; 1111; 741; 3863; -370; 5344; 4233
vtrace1; 1734; 2832; 5331; 1098; 5967; 4233
vtrace1; -2141; -4282; -4282; -2141; -4282; -2141
vtrace1; -4200; -4979; -4979; -779; -8400; -4200
vtrace1; -1606; -638; 983; 968; -1591; 15
vtrace1; -4127; -3370; 5409; 757; 525; 4652
vtrace1; -109; -218; -150; -109; -150; -41
vtrace1; 538; -738; 1301; -1276; 3115; 2577
vtrace1; 23; -629; -648; -652; 27; 4
vtrace1; -1652; -2022; -1405; -370; -2687; -1035
vtrace1; -1340; -2680; -2680; -1340; -2680; -1340
vtrace1; 2048; 1847; 2971; -201; 5220; 3172
vtrace1; -2408; -673; 3470; 1735; -673; 1735
vtrace1; 412; 824; 1449; 412; 1449; 1037
vtrace1; -2444; -5098; -5308; -2654; -5098; -2654
vtrace1; -633; -607; 6; 26; -653; -20
vtrace1; 2042; -545; -2586; -2587; 2043; 1
vtrace1; -1675; -1675; 1111; 0; -564; 1111
vtrace1; -5329; -10658; -10658; -5329; -10658; -5329
vtrace1; -970; -1079; -85; -109; -946; 24
vtrace1; -1707; -1169; 1101; 538; -1144; 563
vtrace1; -2107; -2028; 176; 79; -2010; 97
vtrace1; 2582; -1659; -4236; -4241; 2587; 5
vtrace1; -1874; -2128; -508; -254; -2128; -254
vtrace1; -1635; -1635; -21; 0; -1656; -21
vtrace1; -1844; -5487; -1842; -3643; -43; 1801
vtrace1; -372; -744; -372; -372; -372; 0
vtrace1; 24; 48; 225; 24; 225; 201
vtrace1; -3816; -4129; 812; -313; -2691; 1125
vtrace1; 326; 327; 3594; 1; 3919; 3593
vtrace1; 3; 11; 205; 8; 200; 197
vtrace1; -1044; -1932; -894; -888; -1050; -6
vtrace1; 0; -2094; -2026; -2094; 68; 68
vtrace1; -145; -146; -88; -1; -232; -87
vtrace1; -40; -80; 1703; -40; 1703; 1743
vtrace1; -4481; -4458; 44; 23; -4460; 21
vtrace1; -433; -866; -866; -433; -866; -433
vtrace1; 59; 58; 517; -1; 577; 518
vtrace1; 56; -1489; -1974; -1545; -373; -429
vtrace1; -1237; -2474; -2474; -1237; -2474; -1237
vtrace1; -1039; -1826; -2269; -787; -2521; -1482
vtrace1; -4312; -652; 3688; 3660; -4284; 28
vtrace1; -724; -869; -151; -145; -730; -6
vtrace1; 24; 48; 252; 24; 252; 228
vtrace1; 1544; 178; 1788; -1366; 4698; 3154
vtrace1; -1606; -3792; -4372; -2186; -3792; -2186
vtrace1; -1569; -3138; -1741; -1569; -1741; -172
vtrace1; 445; 523; 1161; 78; 1528; 1083
vtrace1; -1157; -2314; -127; -1157; -127; 1030
vtrace1; -1617; -1772; -310; -155; -1772; -155
vtrace1; -92; -3214; -533; -3122; 2497; 2589
vtrace1; 2769; 2656; 2656; -113; 5538; 2769
vtrace1; -1582; -3164; -45; -1582; -45; 1537
vtrace1; -1344; -2688; -307; -1344; -307; 1037
vtrace1; -4383; -8766; -8766; -4383; -8766; -4383
vtrace1; -4961; -9088; -8254; -4127; -9088; -4127
vtrace1; 68; -2520; -995; -2588; 1661; 1593
vtrace1; 2126; 4252; 8763; 2126; 8763; 6637
vtrace1; -1; 905; 2954; 906; 2047; 2048
vtrace1; -2471; -4942; -4942; -2471; -4942; -2471
vtrace1; -1586; -3172; -1731; -1586; -1731; -145
vtrace1; 0; 0; 4233; 0; 4233; 4233
vtrace1; -204; -408; -408; -204; -408; -204
vtrace1; -3560; -2726; 834; 834; -3560; 0
vtrace1; -440; -880; -880; -440; -880; -440
vtrace1; 0; -640; -680; -640; -40; -40
vtrace1; -92; -93; 1133; -1; 1042; 1134
vtrace1; 0; 0; 3259; 0; 3259; 3259
vtrace1; -219; -438; -438; -219; -438; -219
vtrace1; -3039; -3040; 1124; -1; -1914; 1125
vtrace1; -4383; -8766; -4383; -4383; -4383; 0
vtrace1; -6730; -6729; -8; 1; -6739; -9
vtrace1; -3693; -3692; -37; 1; -3731; -38
vtrace1; 6; 292; 1184; 286; 904; 898
vtrace1; -2107; -2089; 18; 18; -2107; 0
vtrace1; 1092; 2184; 5325; 1092; 5325; 4233
vtrace1; 3459; 3949; 4649; 490; 7618; 4159
vtrace1; -2588; -2583; -1144; 5; -3737; -1149
vtrace1; 3100; 2740; 3233; -360; 6693; 3593
vtrace1; -1004; 1578; 6317; 2582; 2731; 3735
vtrace1; -145; -146; -2; -1; -146; -1
vtrace1; -331; -1369; -1011; -1038; -304; 27
vtrace1; 0; -2557; 1602; -2557; 4159; 4159
vtrace1; 24; 48; 210; 24; 210; 186
vtrace1; -109; -2697; -2580; -2588; -101; 8
vtrace1; 591; -311; -823; -902; 670; 79
vtrace1; 22; 44; 2199; 22; 2199; 2177
vtrace1; -1396; -2792; -2792; -1396; -2792; -1396
vtrace1; -237; -3738; -3498; -3501; -234; 3
vtrace1; -853; 2247; 7259; 3100; 3306; 4159
vtrace1; 24; 48; 212; 24; 212; 188
vtrace1; 3281; 1118; 1118; -2163; 6562; 3281
vtrace1; -62; 663; 2392; 725; 1605; 1667
vtrace1; -2215; -2237; -2163; -22; -4356; -2141
vtrace1; 34; 68; 2660; 34; 2660; 2626
vtrace1; -2434; -2411; 102; 23; -2355; 79
vtrace1; 159; 185; 3198; 26; 3331; 3172
vtrace1; 1090; -25; 602; -1115; 2807; 1717
vtrace1; -20; -3663; -3638; -3643; -15; 5
vtrace1; 24; 48; 2201; 24; 2201; 2177
vtrace1; 1537; 1596; 5191; 59; 6669; 5132
vtrace1; -8; 1709; 3452; 1717; 1727; 1735
vtrace1; -501; -1572; -1876; -1071; -1306; -805
vtrace1; 97; 787; 3285; 690; 2692; 2595
vtrace1; -3693; -1988; 653; 1705; -4745; -1052
vtrace1; 1652; -3677; -3604; -5329; 3377; 1725
vtrace1; -172; -344; -75; -172; -75; 97
vtrace1; -1; -2; 96; -1; 96; 97
vtrace1; 1; 2; 2205; 1; 2205; 2204
vtrace1; -3211; -3222; -22; -11; -3222; -11
vtrace1; -1; -4201; -5835; -4200; -1636; -1635
vtrace1; -4292; -4453; -135; -161; -4266; 26
vtrace1; -376; -373; 2; 3; -377; -1
vtrace1; 1; 0; 2405; -1; 2407; 2406
vtrace1; 66; -1047; -1105; -1113; 74; 8
vtrace1; -546; -1092; -1092; -546; -1092; -546
vtrace1; -555; -1110; 570; -555; 570; 1125
vtrace1; -2654; -2654; -2163; 0; -4817; -2163
vtrace1; 2626; 440; 440; -2186; 5252; 2626
vtrace1; -1511; -3022; 693; -1511; 693; 2204
vtrace1; -2474; -4948; -1851; -2474; -1851; 623
vtrace1; -2376; -2384; -1931; -8; -4299; -1923
vtrace1; 7; 820; 1653; 813; 847; 840
vtrace1; -2471; -920; 1492; 1551; -2530; -59
vtrace1; -2376; -4752; -4752; -2376; -4752; -2376
vtrace1; -1135; -1339; -1275; -204; -2206; -1071
vtrace1; 79; -973; -955; -1052; 176; 97
vtrace1; -1; -1625; 367; -1624; 1990; 1991
vtrace1; 538; 539; 1704; 1; 2241; 1703
vtrace1; -1017; -3223; -2378; -2206; -1189; -172
vtrace1; 22; 44; 2648; 22; 2648; 2626
vtrace1; 7; 9; 190; 2; 195; 188
vtrace1; -1632; -1632; -40; 0; -1672; -40
vtrace1; -145; -2252; -4214; -2107; -2252; -2107
vtrace1; -114; -114; 0; 0; -114; 0
vtrace1; -2193; -1602; -480; 591; -3264; -1071
vtrace1; -1753; -1728; 17; 25; -1761; -8
vtrace1; 1; 1; 516; 0; 517; 516
vtrace1; 24; 48; 2650; 24; 2650; 2626
vtrace1; -4612; -9224; -9224; -4612; -9224; -4612
vtrace1; -204; -1248; 2237; -1044; 3077; 3281
vtrace1; 5; -109; -55; -114; 64; 59
vtrace1; 22; 44; 585; 22; 585; 563
vtrace1; 24; 48; 4676; 24; 4676; 4652
vtrace1; 1552; 1553; 2128; 1; 3679; 2127
vtrace1; 1593; 3186; 6245; 1593; 6245; 4652
vtrace1; -1; -2; 78; -1; 78; 79
vtrace1; -3122; -1999; 1127; 1123; -3118; 4
vtrace1; -3440; -6880; -6880; -3440; -6880; -3440
vtrace1; 23; 46; 3616; 23; 3616; 3593
vtrace1; -2877; -5754; -2917; -2877; -2917; -40
vtrace1; -82; -1659; -1659; -1577; -164; -82
vtrace1; -2107; -5500; -3368; -3393; -2082; 25
vtrace1; -849; -2983; 461; -2134; 1746; 2595
vtrace1; -4345; -8690; -6999; -4345; -6999; -2654
vtrace1; -1425; 628; 4106; 2053; 628; 2053
vtrace1; 24; 48; 1568; 24; 1568; 1544
vtrace1; 570; 115; 1089; -455; 2114; 1544
vtrace1; -787; -1574; -809; -787; -809; -22
vtrace1; 1; 2; 1552; 1; 1552; 1551
vtrace1; 68; 136; 2657; 68; 2657; 2589
vtrace1; 22; 44; 2599; 22; 2599; 2577
vtrace1; 39; 78; 577; 39; 577; 538
vtrace1; -51; -102; 2075; -51; 2075; 2126
vtrace1; 24; 48; 2619; 24; 2619; 2595
vtrace1; 23; 46; 1616; 23; 1616; 1593
vtrace1; -2086; -2094; 60; -8; -2018; 68
vtrace1; 1544; 4698; 8286; 3154; 6676; 5132
vtrace1; -149; -3515; -3515; -3366; -298; -149
vtrace1; -5226; -5198; 107; 28; -5147; 79
vtrace1; 2491; -1770; -2536; -4261; 4216; 1725
vtrace1; -1297; -2594; -2349; -1297; -2349; -1052
vtrace1; -929; -245; 2228; 684; 615; 1544
vtrace1; 23; 46; 2600; 23; 2600; 2577
vtrace1; 1037; 1042; 4657; 5; 5689; 4652
vtrace1; 24; 48; 594; 24; 594; 570
vtrace1; 39; 78; 1583; 39; 1583; 1544
vtrace1; 24; 48; 1617; 24; 1617; 1593
vtrace1; -1481; -3368; 690; -1887; 1096; 2577
vtrace1; 0; 201; 2327; 201; 2126; 2126
vtrace1; 24; 48; 1599; 24; 1599; 1575
vtrace1; -2863; -1549; 4573; 1314; 396; 3259
vtrace1; 0; -854; -1708; -854; -854; -854
vtrace1; -2447; -2447; 3172; 0; 725; 3172
vtrace1; 22; 44; 1559; 22; 1559; 1537
vtrace1; 1556; 1556; 2048; 0; 3604; 2048
vtrace1; -4746; -4745; 1735; 1; -3012; 1734
vtrace1; -5329; -5328; 1250; 1; -4080; 1249
vtrace1; -1; 1666; 3334; 1667; 1666; 1667
vtrace1; -3643; -7286; -7286; -3643; -7286; -3643
vtrace1; -155; -1744; -2858; -1589; -1424; -1269
vtrace1; 0; -440; 2329; -440; 2769; 2769
vtrace1; 8; -2099; -3131; -2107; -1016; -1024
vtrace1; -4234; -4233; -1236; 1; -5471; -1237
vtrace1; 22; 44; 540; 22; 540; 518
vtrace1; 24; 48; 1561; 24; 1561; 1537
vtrace1; -1; -5227; -7880; -5226; -2655; -2654
vtrace1; 22; 44; 3615; 22; 3615; 3593
vtrace1; -6; -12; 4113; -6; 4113; 4119
