vtrace1; I a; I ab; I bc; I b; I ac; I c
vtrace1; 3119; 7531; 3356; 4412; 2063; -1056
vtrace1; 0; 0; -482; 0; -482; -482
vtrace1; 1; -248; -2530; -249; -2280; -2281
vtrace1; -556; 341; 162; 897; -1291; -735
vtrace1; -61; 439; 439; 500; -122; -61
vtrace1; 2474; 3570; -2128; 1096; -750; -3224
vtrace1; 2263; 3631; 162; 1368; 1057; -1206
vtrace1; 1; 701; 315; 700; -384; -385
vtrace1; -2; 3849; 4457; 3851; 604; 606
vtrace1; -1; 2491; 3836; 2492; 1343; 1344
vtrace1; -106; -106; -2324; 0; -2430; -2324
vtrace1; -3441; -3146; -3146; 295; -6882; -3441
vtrace1; 3745; 7490; 3399; 3745; 3399; -346
vtrace1; -1227; -1223; -1223; 4; -2454; -1227
vtrace1; 7483; 14966; 7171; 7483; 7171; -312
vtrace1; 0; 282; -405; 282; -687; -687
vtrace1; 1679; 3753; -101; 2074; -496; -2175
vtrace1; -1753; -695; 2; 1058; -2809; -1056
vtrace1; -1; 4637; 4465; 4638; -174; -173
vtrace1; 631; 4226; 1038; 3595; -1926; -2557
vtrace1; 1; 1741; 1667; 1740; -72; -73
vtrace1; -27; 228; -980; 255; -1262; -1235
vtrace1; 36; 72; -3081; 36; -3081; -3117
vtrace1; 0; -3697; -8604; -3697; -4907; -4907
vtrace1; -1229; 2128; 133; 3357; -4453; -3224
vtrace1; 230; 3750; 3595; 3520; 305; 75
vtrace1; -2086; 1032; 1032; 3118; -4172; -2086
vtrace1; 315; 366; -685; 51; -421; -736
vtrace1; -2132; -2401; -3040; -269; -4903; -2771
vtrace1; 603; 858; -168; 255; 180; -423
vtrace1; 0; 648; -2550; 648; -3198; -3198
vtrace1; 2158; 6568; 284; 4410; -1968; -4126
vtrace1; 2062; 4193; 1088; 2131; 1019; -1043
vtrace1; 1; 1159; 912; 1158; -245; -246
vtrace1; 4310; 4309; -5306; -1; -995; -5305
vtrace1; 0; 1666; 910; 1666; -756; -756
vtrace1; 1; 912; 911; 911; 1; 0
vtrace1; -1; -840; -1683; -839; -845; -844
vtrace1; -326; 1006; 1369; 1332; -289; 37
vtrace1; 1228; 1959; -4321; 731; -3824; -5052
vtrace1; -33; 467; 439; 500; -94; -61
vtrace1; 2097; 2366; -1861; 269; -33; -2130
vtrace1; 1105; 2210; -124; 1105; -124; -1229
vtrace1; -609; 1617; 1617; 2226; -1218; -609
vtrace1; 1046; 3723; 2689; 2677; 1058; 12
vtrace1; -179; -180; -829; -1; -1007; -828
vtrace1; -2132; 1059; 1059; 3191; -4264; -2132
vtrace1; 0; 0; -434; 0; -434; -434
vtrace1; 1023; 5124; 6836; 4101; 3758; 2735
vtrace1; 0; 2418; 2418; 2418; 0; 0
vtrace1; 1; -307; -2445; -308; -2136; -2137
vtrace1; -708; 1785; 1785; 2493; -1416; -708
vtrace1; 475; 475; -3667; 0; -3192; -3667
vtrace1; 144; 2279; 2279; 2135; 288; 144
vtrace1; -27; 225; -925; 252; -1204; -1177
vtrace1; -156; -312; -3594; -156; -3594; -3438
vtrace1; 2194; 6604; 5652; 4410; 3436; 1242
vtrace1; 0; 0; -401; 0; -401; -401
vtrace1; 1759; 3518; 1375; 1759; 1375; -384
vtrace1; 926; 5519; 6964; 4593; 3297; 2371
vtrace1; 0; 0; -445; 0; -445; -445
vtrace1; 16; 37; -7291; 21; -7296; -7312
vtrace1; 1670; 1671; -5617; 1; -3948; -5618
vtrace1; 7451; 14902; 7291; 7451; 7291; -160
vtrace1; 1; 526; 340; 525; -184; -185
vtrace1; 311; 1166; -1422; 855; -1966; -2277
vtrace1; 2114; 4228; 365; 2114; 365; -1749
vtrace1; -385; 2249; 2249; 2634; -770; -385
vtrace1; 3; 7467; 11265; 7464; 3804; 3801
vtrace1; 1; 2070; 941; 2069; -1127; -1128
vtrace1; 166; 332; -1966; 166; -1966; -2132
vtrace1; 0; 2354; 2354; 2354; 0; 0
vtrace1; -2364; 315; 1481; 2679; -3562; -1198
vtrace1; 0; 75; -3149; 75; -3224; -3224
vtrace1; 301; 1156; -1422; 855; -1976; -2277
vtrace1; 0; 1025; -1868; 1025; -2893; -2893
vtrace1; 1222; 2444; 1222; 1222; 1222; 0
vtrace1; 0; 7456; 7907; 7456; 451; 451
vtrace1; 0; 809; 310; 809; -499; -499
vtrace1; 4046; 8092; 1792; 4046; 1792; -2254
vtrace1; -983; 6500; 7483; 7483; -983; 0
vtrace1; -450; 1022; -1200; 1472; -3122; -2672
vtrace1; -126; 126; -938; 252; -1316; -1190
vtrace1; 773; 5366; 2357; 4593; -1463; -2236
vtrace1; -170; -340; -2301; -170; -2301; -2131
vtrace1; 408; 407; -3585; -1; -3176; -3584
vtrace1; 1; 2; -1833; 1; -1833; -1834
vtrace1; -1; 488; 489; 489; -1; 0
vtrace1; 44; 1674; 3156; 1630; 1570; 1526
vtrace1; 2166; 6578; 5769; 4412; 3523; 1357
vtrace1; -326; -1392; -6246; -1066; -5506; -5180
vtrace1; 214; 567; -3115; 353; -3254; -3468
vtrace1; -69; 2045; 3207; 2114; 1024; 1093
vtrace1; 3664; 7328; -462; 3664; -462; -4126
vtrace1; 1; 2; -1841; 1; -1841; -1842
vtrace1; 187; -229; -4034; -416; -3431; -3618
vtrace1; -3601; -3593; -3593; 8; -7202; -3601
vtrace1; -1479; -1150; -1685; 329; -3493; -2014
vtrace1; 216; 2284; 2284; 2068; 432; 216
vtrace1; 0; 4760; 4467; 4760; -293; -293
vtrace1; -1832; 334; 989; 2166; -3009; -1177
vtrace1; 0; 2068; 2417; 2068; 349; 349
vtrace1; -385; 142; -71; 527; -983; -598
vtrace1; 2123; 1938; -4562; -185; -2254; -4377
vtrace1; 1630; 4390; 1556; 2760; 426; -1204
vtrace1; 1055; 5465; 5465; 4410; 2110; 1055
vtrace1; -3635; -3630; -3630; 5; -7270; -3635
vtrace1; -293; 438; 731; 731; -293; 0
vtrace1; 216; 2290; 2290; 2074; 432; 216
vtrace1; 187; 2261; 2261; 2074; 374; 187
vtrace1; -1; 0; -461; 1; -463; -462
vtrace1; 625; 5362; 3932; 4737; -180; -805
vtrace1; 3118; 6236; -694; 3118; -694; -3812
vtrace1; 1572; 3641; -1311; 2069; -1808; -3380
vtrace1; 15; 2094; 2432; 2079; 368; 353
vtrace1; -1281; -491; -2551; 790; -4622; -3341
vtrace1; -930; -929; -2224; 1; -3155; -2225
vtrace1; 1; -918; -3133; -919; -2213; -2214
vtrace1; 3065; 6130; 2840; 3065; 2840; -225
vtrace1; -3872; -2045; -1371; 1827; -7070; -3198
vtrace1; -1226; 3183; 4358; 4409; -1277; -51
vtrace1; 0; 999; 426; 999; -573; -573
vtrace1; -1; -1; -1043; 0; -1044; -1043
vtrace1; 3071; 10519; 7616; 7448; 3239; 168
vtrace1; -1057; 165; 165; 1222; -2114; -1057
vtrace1; 3275; 6550; 1957; 3275; 1957; -1318
vtrace1; 1; 210; -499; 209; -707; -708
vtrace1; 1; -2222; -6600; -2223; -4376; -4377
vtrace1; 1287; 6367; 5911; 5080; 2118; 831
vtrace1; -1024; -1523; -2250; -499; -2775; -1751
vtrace1; 86; 1226; -1823; 1140; -2877; -2963
vtrace1; 20; -729; -3257; -749; -2488; -2508
vtrace1; -70; 2043; 1876; 2113; -307; -237
vtrace1; -14; 1102; 1223; 1116; 93; 107
vtrace1; -1; 2551; 2556; 2552; 3; 4
vtrace1; 94; -1083; -3293; -1177; -2022; -2116
vtrace1; -1; 3203; 3203; 3204; -2; -1
vtrace1; 0; 938; -1153; 938; -2091; -2091
vtrace1; 2237; 3321; -4096; 1084; -2943; -5180
vtrace1; 70; 2227; -413; 2157; -2500; -2570
vtrace1; 2827; 7237; 4409; 4410; 2826; -1
vtrace1; -1; -1; -6615; 0; -6616; -6615
vtrace1; 34; 68; -3216; 34; -3216; -3250
vtrace1; 895; 1430; -664; 535; -304; -1199
vtrace1; 1; 377; -473; 376; -848; -849
vtrace1; -2747; 1873; -1824; 4620; -9191; -6444
vtrace1; 329; 329; -868; 0; -539; -868
vtrace1; -624; 2443; 3763; 3067; 72; 696
vtrace1; 0; 1904; 1903; 1904; -1; -1
vtrace1; -1219; 1888; 4425; 3107; 99; 1318
vtrace1; -3159; 1251; 3346; 4410; -4223; -1064
vtrace1; 0; 938; -1157; 938; -2095; -2095
vtrace1; -5348; -3154; -1951; 2194; -9493; -4145
vtrace1; 587; 2715; -380; 2128; -1921; -2508
vtrace1; 3626; 7252; 2271; 3626; 2271; -1355
vtrace1; 23; 2140; 2439; 2117; 345; 322
vtrace1; 0; -994; -3252; -994; -2258; -2258
vtrace1; -1; -2; -1138; -1; -1138; -1137
vtrace1; 874; 1748; -566; 874; -566; -1440
vtrace1; -390; 750; -2055; 1140; -3585; -3195
vtrace1; -518; -1036; -5278; -518; -5278; -4760
vtrace1; 0; 4125; 7841; 4125; 3716; 3716
vtrace1; 1; 1103; 1103; 1102; 2; 1
vtrace1; 131; 193; -681; 62; -612; -743
vtrace1; 0; -490; -3261; -490; -2771; -2771
vtrace1; 0; 1147; 1148; 1147; 1; 1
vtrace1; 1116; 2490; -241; 1374; -499; -1615
vtrace1; -27; 560; 560; 587; -54; -27
vtrace1; 0; 24; -534; 24; -558; -558
vtrace1; 75; 75; -1993; 0; -1918; -1993
vtrace1; -169; 5000; 4755; 5169; -583; -414
vtrace1; 1750; 3829; 2091; 2079; 1762; 12
vtrace1; 37; 74; -572; 37; -572; -609
vtrace1; 583; 152; -3081; -431; -2067; -2650
vtrace1; 92; 2453; 2361; 2361; 92; 0
vtrace1; 1; 3964; 1835; 3963; -2127; -2128
vtrace1; -2; -4; -1068; -2; -1068; -1066
vtrace1; -1057; -2114; -4216; -1057; -4216; -3159
vtrace1; 0; 131; -3223; 131; -3354; -3354
vtrace1; 1; 2080; -515; 2079; -2593; -2594
vtrace1; -3; 584; 584; 587; -6; -3
vtrace1; -958; -310; -1588; 648; -3194; -2236
vtrace1; 1332; 1333; -1829; 1; -498; -1830
vtrace1; -2076; 649; 1851; 2725; -2950; -874
vtrace1; -715; -451; -1150; 264; -2129; -1414
vtrace1; -1024; -1483; -2210; -459; -2775; -1751
vtrace1; 304; 3426; 2926; 3122; 108; -196
vtrace1; 293; 586; -4892; 293; -4892; -5185
vtrace1; 0; -975; -3235; -975; -2260; -2260
vtrace1; 0; 1; -590; 1; -591; -591
vtrace1; 0; 1035; 1035; 1035; 0; 0
vtrace1; 1; 2; -590; 1; -590; -591
vtrace1; -2524; -1206; -30; 1318; -3872; -1348
vtrace1; 100; 1142; 1042; 1042; 100; 0
vtrace1; -1; 1043; -3299; 1044; -4344; -4343
vtrace1; 1055; 3000; 2160; 1945; 1270; 215
vtrace1; -18; -36; -1064; -18; -1064; -1046
vtrace1; 3204; 6408; 1975; 3204; 1975; -1229
vtrace1; -1; 595; 595; 596; -2; -1
vtrace1; 1504; 3194; 1690; 1690; 1504; 0
vtrace1; 1101; 5106; 6235; 4005; 3331; 2230
vtrace1; 36; 1091; 1091; 1055; 72; 36
vtrace1; 952; 890; -3154; -62; -2140; -3092
vtrace1; 525; 2639; 3357; 2114; 1768; 1243
vtrace1; 0; 1043; 1043; 1043; 0; 0
vtrace1; 4411; 8822; 2200; 4411; 2200; -2211
vtrace1; -2175; -1677; -1748; 498; -4421; -2246
vtrace1; 551; 1275; -360; 724; -533; -1084
vtrace1; -1019; 1086; 2105; 2105; -1019; 0
vtrace1; -24; 552; 576; 576; -24; 0
vtrace1; 107; 1132; 1132; 1025; 214; 107
vtrace1; 1; 2579; 3181; 2578; 604; 603
vtrace1; 0; 0; -4609; 0; -4609; -4609
vtrace1; 0; 0; -560; 0; -560; -560
vtrace1; 1851; 3702; 1395; 1851; 1395; -456
vtrace1; 1; 2; -517; 1; -517; -518
vtrace1; -614; 385; 385; 999; -1228; -614
vtrace1; -2616; -5; -4004; 2611; -9231; -6615
vtrace1; -1338; -1500; -6584; -162; -7760; -6422
vtrace1; -27; 7421; 3322; 7448; -4153; -4126
vtrace1; -170; 1926; 1970; 2096; -296; -126
vtrace1; -1; 2199; -587; 2200; -2788; -2787
vtrace1; 102; 102; -2013; 0; -1911; -2013
vtrace1; 0; 2699; -2570; 2699; -5269; -5269
vtrace1; -1227; 2135; 3097; 3362; -1492; -265
vtrace1; 0; 6645; 6645; 6645; 0; 0
vtrace1; 887; 3449; 2393; 2562; 718; -169
vtrace1; 4; 577; 479; 573; -90; -94
vtrace1; 0; 2554; 2554; 2554; 0; 0
vtrace1; -905; -904; -904; 1; -1810; -905
vtrace1; 0; 82; -1852; 82; -1934; -1934
vtrace1; 224; -237; -2779; -461; -2094; -2318
vtrace1; 1031; 3412; 1525; 2381; 175; -856
vtrace1; 0; 2468; 2468; 2468; 0; 0
vtrace1; 2178; 2179; -2710; 1; -533; -2711
vtrace1; 1; 1; -575; 0; -574; -575
vtrace1; -200; -749; -3748; -549; -3399; -3199
vtrace1; -708; -1005; -3241; -297; -3652; -2944
vtrace1; -1; -1; -1262; 0; -1263; -1262
vtrace1; 620; 4806; 3395; 4186; -171; -791
vtrace1; 2052; 2294; -1824; 242; -14; -2066
vtrace1; 2361; 4886; 1551; 2525; 1387; -974
vtrace1; 144; 2823; 3153; 2679; 618; 474
vtrace1; 44; 289; -3235; 245; -3436; -3480
vtrace1; -1262; 968; 2361; 2230; -1131; 131
vtrace1; 2305; 4573; 1589; 2268; 1626; -679
vtrace1; 2158; 3430; -826; 1272; 60; -2098
vtrace1; 0; 1470; -543; 1470; -2013; -2013
vtrace1; -473; -486; -2141; -13; -2601; -2128
vtrace1; 129; 258; -2125; 129; -2125; -2254
vtrace1; 2069; 4226; 1827; 2157; 1739; -330
vtrace1; -1219; 623; 1747; 1842; -1314; -95
vtrace1; 0; 0; -2041; 0; -2041; -2041
vtrace1; -1077; -460; -1479; 617; -3173; -2096
vtrace1; 1573; 4288; 3033; 2715; 1891; 318
vtrace1; -1051; -26; -205; 1025; -2281; -1230
vtrace1; -390; 2139; 2307; 2529; -612; -222
vtrace1; 0; 2450; 2450; 2450; 0; 0
vtrace1; 2256; 3311; -1443; 1055; -242; -2498
vtrace1; -1212; 2634; 1702; 3846; -3356; -2144
vtrace1; -1230; 1141; 401; 2371; -3200; -1970
vtrace1; 1502; 5916; 3816; 4414; 904; -598
vtrace1; 234; 3337; -4209; 3103; -7078; -7312
vtrace1; 1799; 3598; 1409; 1799; 1409; -390
vtrace1; -662; -659; -2652; 3; -3317; -2655
vtrace1; 247; 1008; 380; 761; -134; -381
vtrace1; -813; 2591; 3404; 3404; -813; 0
vtrace1; -169; -158; -5174; 11; -5354; -5185
vtrace1; 0; 0; -1935; 0; -1935; -1935
vtrace1; 1; -1426; -3984; -1427; -2556; -2557
vtrace1; 0; 1328; 2592; 1328; 1264; 1264
vtrace1; 203; 1511; 2392; 1308; 1287; 1084
vtrace1; 1298; 5423; 5308; 4125; 2481; 1183
vtrace1; -756; 1920; 1920; 2676; -1512; -756
vtrace1; -3199; -21; 1948; 3178; -4429; -1230
vtrace1; 170; 2620; 3792; 2450; 1512; 1342
vtrace1; -1057; -2114; -4252; -1057; -4252; -3195
vtrace1; 1055; 4298; 2186; 3243; -2; -1057
vtrace1; 1751; 3909; -4286; 2158; -4693; -6444
vtrace1; 1148; 1148; -4411; 0; -3263; -4411
vtrace1; 13; 642; 602; 629; -14; -27
vtrace1; 405; 1045; -1767; 640; -2002; -2407
vtrace1; -936; 351; 61; 1287; -2162; -1226
vtrace1; 1; 149; -3433; 148; -3580; -3581
vtrace1; -856; -64; -4500; 792; -6148; -5292
vtrace1; -66; 53; -444; 119; -629; -563
vtrace1; 0; 2468; 3964; 2468; 1496; 1496
vtrace1; 1518; 3815; 1873; 2297; 1094; -424
vtrace1; 7453; 14906; 3256; 7453; 3256; -4197
vtrace1; 1944; 4659; 2689; 2715; 1918; -26
vtrace1; -271; -542; -2205; -271; -2205; -1934
vtrace1; 34; 4627; 3232; 4593; -1327; -1361
vtrace1; -3291; -1826; -727; 1465; -5483; -2192
vtrace1; 2052; 4104; 1879; 2052; 1879; -173
vtrace1; 243; 2621; 2408; 2378; 273; 30
vtrace1; 1117; 1055; -1677; -62; -498; -1615
vtrace1; 450; 3568; 3568; 3118; 900; 450
vtrace1; -994; -1414; -3047; -420; -3621; -2627
vtrace1; -1227; -22; -22; 1205; -2454; -1227
vtrace1; -679; 3461; 3293; 4140; -1526; -847
vtrace1; 246; 2325; 2390; 2079; 557; 311
vtrace1; -1273; -58; -19; 1215; -2507; -1234
vtrace1; 119; 238; -2009; 119; -2009; -2128
vtrace1; 1272; 2544; 42; 1272; 42; -1230
vtrace1; 0; 1190; 1251; 1190; 61; 61
vtrace1; 0; 2468; 3983; 2468; 1515; 1515
vtrace1; -679; 3461; 3297; 4140; -1522; -843
vtrace1; 985; 3720; 2315; 2735; 565; -420
vtrace1; -1230; -24; -24; 1206; -2460; -1230
vtrace1; -1889; -1895; -2071; -6; -3954; -2065
vtrace1; -1; 300; -571; 301; -873; -872
vtrace1; 489; 3270; 2898; 2781; 606; 117
vtrace1; 1725; 3668; -293; 1943; -511; -2236
vtrace1; 0; 2164; 4068; 2164; 1904; 1904
vtrace1; -2248; 870; 990; 3118; -4376; -2128
vtrace1; -967; -3190; -5793; -2223; -4537; -3570
vtrace1; 0; 0; -3372; 0; -3372; -3372
vtrace1; 0; 2735; 3988; 2735; 1253; 1253
vtrace1; 2941; 3193; -2752; 252; -63; -3004
vtrace1; 11; 707; 547; 696; -138; -149
vtrace1; 629; 1258; -417; 629; -417; -1046
vtrace1; -560; -560; -2175; 0; -2735; -2175
vtrace1; -434; 640; 350; 1074; -1158; -724
vtrace1; -58; -173; -6730; -115; -6673; -6615
vtrace1; 4983; 9084; 3192; 4101; 4074; -909
vtrace1; -517; 1844; 1844; 2361; -1034; -517
vtrace1; 4186; 7290; -216; 3104; 866; -3320
vtrace1; -1243; -1227; -4201; 16; -5460; -4217
vtrace1; -76; -1506; -3895; -1430; -2541; -2465
vtrace1; 1884; 4019; 1430; 2135; 1179; -705
vtrace1; 1578; 3248; 1670; 1670; 1578; 0
vtrace1; 1318; 5726; 2676; 4408; -414; -1732
vtrace1; -1; 4637; 4638; 4638; -1; 0
vtrace1; 2158; 4316; 1903; 2158; 1903; -255
vtrace1; -192; 3909; 4102; 4101; -191; 1
vtrace1; 2997; 2997; -4350; 0; -1353; -4350
vtrace1; 1; 1268; 1269; 1267; 3; 2
vtrace1; 0; 4186; 4044; 4186; -142; -142
vtrace1; -1219; -2446; -5577; -1227; -5569; -4350
vtrace1; 1; 2260; 4043; 2259; 1785; 1784
vtrace1; 833; 832; -4753; -1; -3919; -4752
vtrace1; -2283; 1018; 1529; 3301; -4055; -1772
vtrace1; 0; 2264; 2599; 2264; 335; 335
vtrace1; 2634; 5443; 71; 2809; -104; -2738
vtrace1; 1091; 2182; 229; 1091; 229; -862
vtrace1; -2205; -2151; -3170; 54; -5429; -3224
vtrace1; -12; -24; -2571; -12; -2571; -2559
vtrace1; 0; -955; -3349; -955; -2394; -2394
vtrace1; 757; 1025; -650; 268; -161; -918
vtrace1; 1270; 3347; 2785; 2077; 1978; 708
vtrace1; 0; 1153; 1153; 1153; 0; 0
vtrace1; 1527; 4203; 3279; 2676; 2130; 603
vtrace1; -316; -501; -2313; -185; -2444; -2128
vtrace1; -2096; 475; 1972; 2571; -2695; -599
vtrace1; 16; 1206; 1206; 1190; 32; 16
vtrace1; 143; 143; -856; 0; -713; -856
vtrace1; 78; -3032; -7531; -3110; -4343; -4421
vtrace1; -1; 1643; 2718; 1644; 1073; 1074
vtrace1; -1190; 968; 1883; 2158; -1465; -275
vtrace1; 237; 3621; 2480; 3384; -667; -904
vtrace1; 2226; 4053; -808; 1827; -409; -2635
vtrace1; 1222; 1223; -1811; 1; -590; -1812
vtrace1; 0; 2275; 4025; 2275; 1750; 1750
vtrace1; 0; 1096; 1248; 1096; 152; 152
vtrace1; -2130; -4260; -7399; -2130; -7399; -5269
vtrace1; 15; 1210; 1195; 1195; 15; 0
vtrace1; 0; 1384; -550; 1384; -1934; -1934
vtrace1; 2525; 5050; -3919; 2525; -3919; -6444
vtrace1; 556; 1160; -1920; 604; -1968; -2524
vtrace1; 325; 975; 975; 650; 650; 325
vtrace1; -1401; -1282; -1282; 119; -2802; -1401
vtrace1; 0; 1148; -4094; 1148; -5242; -5242
vtrace1; 1148; 1148; -5242; 0; -4094; -5242
vtrace1; 1561; 3276; 1062; 1715; 908; -653
vtrace1; 0; 2013; 3392; 2013; 1379; 1379
vtrace1; -724; 350; 640; 1074; -1158; -434
vtrace1; 0; 2667; 2667; 2667; 0; 0
vtrace1; 82; 1304; 1222; 1222; 82; 0
vtrace1; 0; -599; -2695; -599; -2096; -2096
vtrace1; 24; -282; -1396; -306; -1066; -1090
vtrace1; -1; 2145; 2145; 2146; -2; -1
vtrace1; 0; 4767; 8092; 4767; 3325; 3325
vtrace1; 2273; 3447; -940; 1174; 159; -2114
vtrace1; 734; 2848; 2666; 2114; 1286; 552
vtrace1; 1; 2635; 2635; 2634; 2; 1
vtrace1; 1756; 2352; -1683; 596; -523; -2279
vtrace1; 1; 2677; 2677; 2676; 2; 1
vtrace1; -846; -846; -1235; 0; -2081; -1235
vtrace1; 0; 0; -693; 0; -693; -693
vtrace1; 0; 0; -4752; 0; -4752; -4752
vtrace1; -2898; -2898; -3282; 0; -6180; -3282
vtrace1; -2130; -2001; -2001; 129; -4260; -2130
vtrace1; -187; -105; -1147; 82; -1416; -1229
vtrace1; 1; 2; -699; 1; -699; -700
vtrace1; -705; -1842; -3384; -1137; -2952; -2247
vtrace1; 0; 3397; 4002; 3397; 605; 605
vtrace1; -2132; -1984; -1984; 148; -4264; -2132
vtrace1; 512; 7963; 6269; 7451; -670; -1182
vtrace1; 0; -505; -2748; -505; -2243; -2243
vtrace1; 0; 21; -2067; 21; -2088; -2088
vtrace1; 0; 2682; 2682; 2682; 0; 0
vtrace1; 134; 3531; 2528; 3397; -735; -869
vtrace1; -1; 3194; 2153; 3195; -1043; -1042
vtrace1; -1230; 1888; 1888; 3118; -2460; -1230
vtrace1; -1960; 1165; 1849; 3125; -3236; -1276
vtrace1; 2378; 4549; 1738; 2171; 1945; -433
vtrace1; -1733; 2392; 1051; 4125; -4807; -3074
vtrace1; -1221; -1500; -2833; -279; -3775; -2554
vtrace1; 1; 1; -662; 0; -661; -662
vtrace1; 0; 658; -2155; 658; -2813; -2813
vtrace1; 11; 15; -2127; 4; -2120; -2131
vtrace1; -316; 4391; 3732; 4707; -1291; -975
vtrace1; -2435; -171; -171; 2264; -4870; -2435
vtrace1; -1; -754; -3332; -753; -2580; -2579
vtrace1; 0; 1924; 558; 1924; -1366; -1366
vtrace1; 1788; 3651; 1614; 1863; 1539; -249
vtrace1; 0; 2611; 2611; 2611; 0; 0
vtrace1; 595; 2664; -540; 2069; -2014; -2609
vtrace1; 2946; 5892; 1714; 2946; 1714; -1232
vtrace1; -541; 533; 533; 1074; -1082; -541
vtrace1; -1; -62; -1289; -61; -1229; -1228
vtrace1; 62; 2131; 1250; 2069; -757; -819
vtrace1; 607; 3708; 2775; 3101; 281; -326
vtrace1; 0; 0; -2128; 0; -2128; -2128
vtrace1; -611; 984; 1904; 1595; -302; 309
vtrace1; 0; 2613; 2613; 2613; 0; 0
vtrace1; 1; 605; -2768; 604; -3371; -3372
vtrace1; -3084; -3369; -3691; -285; -6490; -3406
vtrace1; 0; 0; -2088; 0; -2088; -2088
vtrace1; 0; 2943; -1358; 2943; -4301; -4301
vtrace1; -2074; 2484; 4138; 4558; -2494; -420
vtrace1; 0; 0; -2129; 0; -2129; -2129
vtrace1; -1591; -1666; -2463; -75; -3979; -2388
vtrace1; -1; 2675; 3541; 2676; 864; 865
vtrace1; 0; 0; -2133; 0; -2133; -2133
vtrace1; 1; 2796; 3391; 2795; 597; 596
vtrace1; -27; 1357; -550; 1384; -1961; -1934
vtrace1; 207; 207; -3688; 0; -3481; -3688
vtrace1; -279; -558; -2329; -279; -2329; -2050
vtrace1; -1; -788; -4722; -787; -3936; -3935
vtrace1; 3341; 6682; 3341; 3341; 3341; 0
vtrace1; 864; 3450; 1833; 2586; 111; -753
vtrace1; -503; 4234; 5246; 4737; 6; 509
vtrace1; 280; 1371; -993; 1091; -1804; -2084
vtrace1; 2146; 4372; -4182; 2226; -4262; -6408
vtrace1; -1219; -2438; -5596; -1219; -5596; -4377
vtrace1; 1; 1533; 2718; 1532; 1187; 1186
vtrace1; 2264; 4528; -828; 2264; -828; -3092
vtrace1; -270; 2310; 3030; 2580; 180; 450
vtrace1; 0; 2508; 3363; 2508; 855; 855
vtrace1; 1843; 6481; 4955; 4638; 2160; 317
vtrace1; 0; 293; -2061; 293; -2354; -2354
vtrace1; 120; 240; -2163; 120; -2163; -2283
vtrace1; 489; -456; -3171; -945; -1737; -2226
vtrace1; 4110; 5527; -1512; 1417; 1181; -2929
vtrace1; 76; 952; 711; 876; -89; -165
vtrace1; 0; 2426; 2770; 2426; 344; 344
vtrace1; 280; 605; -3052; 325; -3097; -3377
vtrace1; -115; -230; -1336; -115; -1336; -1221
vtrace1; -1; -417; -2621; -416; -2206; -2205
vtrace1; -3744; -3744; -4406; 0; -8150; -4406
vtrace1; -6; 4587; 3506; 4593; -1093; -1087
vtrace1; 0; 0; -2076; 0; -2076; -2076
vtrace1; -1; 2; -642; 3; -646; -645
vtrace1; -6408; -5804; -5804; 604; -12816; -6408
vtrace1; -76; 2095; 2172; 2171; -75; 1
vtrace1; -61; -122; -1291; -61; -1291; -1230
vtrace1; -1; -309; -2739; -308; -2432; -2431
vtrace1; -1228; -1239; -1471; -11; -2688; -1460
vtrace1; -1229; -145; -145; 1084; -2458; -1229
vtrace1; -520; 2261; 2621; 2781; -680; -160
vtrace1; 1; 4102; 4023; 4101; -77; -78
vtrace1; -760; 2886; 4829; 3646; 423; 1183
vtrace1; 536; -1942; -6032; -2478; -3018; -3554
vtrace1; 0; 2156; 2145; 2156; -11; -11
vtrace1; -558; -558; -2189; 0; -2747; -2189
vtrace1; 2752; 6159; 3407; 3407; 2752; 0
vtrace1; -560; 2170; 2668; 2730; -622; -62
vtrace1; -2132; 2068; 2068; 4200; -4264; -2132
vtrace1; -1; 3300; 2900; 3301; -402; -401
vtrace1; -1378; 943; -31; 2321; -3730; -2352
vtrace1; -1121; -425; -331; 696; -2148; -1027
vtrace1; -249; -248; -1161; 1; -1411; -1162
vtrace1; -936; -932; -1222; 4; -2162; -1226
vtrace1; 2259; 5045; 560; 2786; 33; -2226
vtrace1; -1229; -138; -138; 1091; -2458; -1229
vtrace1; 773; 1112; -863; 339; -429; -1202
vtrace1; -665; -121; -47; 544; -1256; -591
vtrace1; 711; 3378; 4097; 2667; 2141; 1430
vtrace1; 0; -461; -2779; -461; -2318; -2318
vtrace1; 532; 2220; -625; 1688; -1781; -2313
vtrace1; 1215; 2430; -1927; 1215; -1927; -3142
vtrace1; -735; 1021; -1385; 1756; -3876; -3141
vtrace1; -4727; -1532; -1532; 3195; -9454; -4727
vtrace1; 999; 1998; -922; 999; -922; -1921
vtrace1; -385; 2916; 3300; 3301; -386; -1
vtrace1; 0; 1315; 1315; 1315; 0; 0
vtrace1; -679; 1390; 2761; 2069; 13; 692
vtrace1; 698; 3365; 4097; 2667; 2128; 1430
vtrace1; -156; 767; 922; 923; -157; -1
vtrace1; -1; 1212; 1427; 1213; 213; 214
vtrace1; -2111; 2089; 4243; 4200; -2068; 43
vtrace1; 2146; 2051; -2871; -95; -630; -2776
vtrace1; 3149; 5343; 948; 2194; 1903; -1246
vtrace1; -1; -1; -2751; 0; -2752; -2751
vtrace1; 0; -646; -2113; -646; -1467; -1467
vtrace1; -633; -780; -2163; -147; -2649; -2016
vtrace1; -2177; -724; -1922; 1453; -5552; -3375
vtrace1; 145; 1387; 1242; 1242; 145; 0
vtrace1; 0; 2054; 2053; 2054; -1; -1
vtrace1; -366; -115; -1109; 251; -1726; -1360
vtrace1; 596; 1192; -2029; 596; -2029; -2625
vtrace1; -312; -437; -2443; -125; -2630; -2318
vtrace1; 1670; 3340; -460; 1670; -460; -2130
vtrace1; 124; 2335; 2700; 2211; 613; 489
vtrace1; -1; 74; 76; 75; 0; 1
vtrace1; -1061; -1060; -3197; 1; -4259; -3198
vtrace1; 1; 36; 34; 35; 0; -1
vtrace1; 1465; 1385; -3654; -80; -2109; -3574
vtrace1; 1670; 3340; -426; 1670; -426; -2096
vtrace1; 209; -424; -2421; -633; -1579; -1788
vtrace1; 1; 2129; 1379; 2128; -748; -749
vtrace1; -735; -215; -90; 520; -1345; -610
vtrace1; 176; 2273; 1248; 2097; -673; -849
vtrace1; -80; -160; -2690; -80; -2690; -2610
vtrace1; 205; 1388; -948; 1183; -1926; -2131
vtrace1; 0; -327; -6271; -327; -5944; -5944
vtrace1; 0; 1; -893; 1; -894; -894
vtrace1; 3107; 6214; 2354; 3107; 2354; -753
vtrace1; 6; 1314; 1314; 1308; 12; 6
vtrace1; 4; 1333; 1340; 1329; 15; 11
vtrace1; 2302; 4604; 514; 2302; 514; -1788
vtrace1; 214; 2882; 2667; 2668; 213; -1
vtrace1; 1; 2; 0; 1; 0; -1
vtrace1; 0; 0; -4911; 0; -4911; -4911
vtrace1; 96; 192; 34; 96; 34; -62
vtrace1; 0; 0; -813; 0; -813; -813
vtrace1; 0; -1; -4; -1; -3; -3
vtrace1; -37; -7; -7; 30; -74; -37
vtrace1; 2068; 4136; 2054; 2068; 2054; -14
vtrace1; 535; -711; -3357; -1246; -1576; -2111
vtrace1; -3; 2272; 2272; 2275; -6; -3
vtrace1; 4; 8; 1; 4; 1; -3
vtrace1; -1; -402; -3377; -401; -2977; -2976
vtrace1; -2129; -2124; -2124; 5; -4258; -2129
vtrace1; -2672; 503; 2725; 3175; -3122; -450
vtrace1; 1840; 4873; 2991; 3033; 1798; -42
vtrace1; -27; 1512; 2896; 1539; 1330; 1357
vtrace1; -72; -849; -3371; -777; -2666; -2594
vtrace1; -1; 2095; 53; 2096; -2044; -2043
vtrace1; 277; 2104; 1823; 1827; 273; -4
vtrace1; 4; 8; -2279; 4; -2279; -2283
vtrace1; -708; -709; -2697; -1; -3404; -2696
vtrace1; 3796; 7009; -371; 3213; 212; -3584
vtrace1; -270; 255; -3286; 525; -4081; -3811
vtrace1; -3635; -3676; -3913; -41; -7507; -3872
vtrace1; 724; 598; -2257; -126; -1407; -2131
vtrace1; 919; 919; -1152; 0; -233; -1152
vtrace1; 11; 22; 10; 11; 10; -1
vtrace1; 1616; 4327; 1816; 2711; 721; -895
vtrace1; 311; 2522; 3869; 2211; 1969; 1658
vtrace1; 1222; 1222; -3377; 0; -2155; -3377
vtrace1; -28; -17; -17; 11; -56; -28
vtrace1; 0; -2074; -4205; -2074; -2131; -2131
vtrace1; 556; 2786; 2285; 2230; 611; 55
vtrace1; 1; 27; 25; 26; 0; -1
vtrace1; -2; -4; -2753; -2; -2753; -2751
vtrace1; 0; 0; -2290; 0; -2290; -2290
vtrace1; 2437; 4874; 341; 2437; 341; -2096
vtrace1; -1480; -1068; -4119; 412; -6011; -4531
vtrace1; -702; 1050; 2247; 1752; -207; 495
vtrace1; -1226; -36; -939; 1190; -3355; -2129
vtrace1; 1840; 4873; 3033; 3033; 1840; 0
vtrace1; -2135; -2057; -2057; 78; -4270; -2135
vtrace1; 1360; 996; -2910; -364; -1186; -2546
vtrace1; -2093; 583; 1530; 2676; -3239; -1146
vtrace1; 0; -14; -38; -14; -24; -24
vtrace1; -1; -38; -99; -37; -63; -62
vtrace1; 0; 0; -2214; 0; -2214; -2214
vtrace1; -2550; -2550; -3143; 0; -5693; -3143
vtrace1; -707; -922; -2170; -215; -2662; -1955
vtrace1; -327; -327; -5944; 0; -6271; -5944
vtrace1; 3476; 6817; -641; 3341; -506; -3982
vtrace1; 2266; 6973; 4708; 4707; 2267; 1
vtrace1; -3770; -1093; -1093; 2677; -7540; -3770
vtrace1; 29; 58; -2207; 29; -2207; -2236
vtrace1; 1990; 3160; 144; 1170; 964; -1026
vtrace1; -1064; -748; -1800; 316; -3180; -2116
vtrace1; 544; -2709; -8848; -3253; -5051; -5595
vtrace1; 2676; 7085; 4348; 4409; 2615; -61
vtrace1; -60; 4498; 7019; 4558; 2401; 2461
vtrace1; 0; 1222; 1435; 1222; 213; 213
vtrace1; 698; 530; -3502; -168; -2636; -3334
vtrace1; 1028; 2715; 1688; 1687; 1029; 1
vtrace1; -169; 5000; 6426; 5169; 1088; 1257
vtrace1; 2069; 3949; 1416; 1880; 1605; -464
vtrace1; 1476; 450; -4279; -1026; -1777; -3253
vtrace1; -1; 3121; 4236; 3122; 1113; 1114
vtrace1; 1; 1350; 1437; 1349; 89; 88
vtrace1; 0; 4476; 2889; 4476; -1587; -1587
vtrace1; 0; 0; -2192; 0; -2192; -2192
vtrace1; 747; 1184; 74; 437; 384; -363
vtrace1; -45; -1581; -3510; -1536; -2019; -1974
vtrace1; 1379; 4269; 4269; 2890; 2758; 1379
vtrace1; 715; 5124; 4184; 4409; 490; -225
vtrace1; -1055; 672; 536; 1727; -2246; -1191
vtrace1; 1216; 592; -4092; -624; -2252; -3468
vtrace1; 2735; 2735; -4331; 0; -1596; -4331
vtrace1; -1; 3177; -2170; 3178; -5349; -5348
vtrace1; -215; -215; -1359; 0; -1574; -1359
vtrace1; -606; 1940; 4145; 2546; 993; 1599
vtrace1; -1027; 627; -1700; 1654; -4381; -3354
vtrace1; 585; 2770; 2186; 2185; 586; 1
vtrace1; -520; 2898; 3418; 3418; -520; 0
vtrace1; 3394; 6788; 2195; 3394; 2195; -1199
vtrace1; 1270; 2900; 1631; 1630; 1271; 1
vtrace1; 1; -1045; -4244; -1046; -3197; -3198
vtrace1; 7; 126; 120; 119; 8; 1
vtrace1; 464; 1743; 1117; 1279; 302; -162
vtrace1; -2586; -2586; -5011; 0; -7597; -5011
vtrace1; 0; -1209; -2925; -1209; -1716; -1716
vtrace1; 0; 1; 1; 1; 0; 0
vtrace1; 2144; 4288; 2144; 2144; 2144; 0
vtrace1; -1042; -2088; -3144; -1046; -3140; -2098
vtrace1; 1; 2; 1; 1; 1; 0
vtrace1; -244; 4516; 6496; 4760; 1492; 1736
vtrace1; 1; 450; -2931; 449; -3379; -3380
vtrace1; 1363; 2726; -772; 1363; -772; -2135
vtrace1; 78; 77; -2259; -1; -2180; -2258
vtrace1; 119; 2254; 37; 2135; -1979; -2098
vtrace1; -320; 3866; 3866; 4186; -640; -320
vtrace1; 2812; 6917; 4105; 4105; 2812; 0
vtrace1; 0; 4101; 4101; 4101; 0; 0
vtrace1; 1; 4102; 4102; 4101; 2; 1
vtrace1; -80; 2091; -758; 2171; -3009; -2929
vtrace1; -2168; -2167; -3557; 1; -5726; -3558
vtrace1; 0; 325; -6987; 325; -7312; -7312
vtrace1; -3882; -2602; -5132; 1280; -10294; -6412
vtrace1; 192; -326; -2996; -518; -2286; -2478
vtrace1; -972; 2654; 3178; 3626; -1420; -448
vtrace1; -2141; 594; 594; 2735; -4282; -2141
vtrace1; -1; -313; -2869; -312; -2558; -2557
vtrace1; 21; 1757; 2126; 1736; 411; 390
vtrace1; 1; 433; -2940; 432; -3371; -3372
vtrace1; 81; 162; 81; 81; 81; 0
vtrace1; 0; 15; 15; 15; 0; 0
vtrace1; 838; 1953; 1379; 1115; 1102; 264
vtrace1; -112; 2572; 3008; 2684; 212; 324
vtrace1; 1; 20; 19; 19; 1; 0
vtrace1; 455; 2195; 1741; 1740; 456; 1
vtrace1; 2069; 4138; 2069; 2069; 2069; 0
vtrace1; 2278; 5469; 3357; 3191; 2444; 166
vtrace1; 1680; 968; -3965; -712; -1573; -3253
vtrace1; 3076; 7714; 4562; 4638; 3000; -76
vtrace1; 482; 964; -2639; 482; -2639; -3121
vtrace1; 39; 38; -895; -1; -855; -894
vtrace1; 0; 1; -3634; 1; -3635; -3635
vtrace1; 509; 5129; 5129; 4620; 1018; 509
vtrace1; 830; 3934; -1093; 3104; -3367; -4197
vtrace1; -1; 986; 861; 987; -127; -126
vtrace1; 12; -1989; -4966; -2001; -2953; -2965
vtrace1; -275; 203; -2589; 478; -3342; -3067
vtrace1; 1054; 2; -3282; -1052; -1176; -2230
vtrace1; 24; 48; 24; 24; 24; 0
vtrace1; 635; 2100; 909; 1465; 79; -556
vtrace1; 0; 0; -3639; 0; -3639; -3639
vtrace1; 2171; 4342; 2171; 2171; 2171; 0
vtrace1; -1; 1095; 1551; 1096; 454; 455
vtrace1; 0; -948; -3598; -948; -2650; -2650
vtrace1; 1016; 5739; 2029; 4723; -1678; -2694
vtrace1; 0; 1409; -3643; 1409; -5052; -5052
vtrace1; 0; 3101; 1488; 3101; -1613; -1613
vtrace1; 0; 0; -998; 0; -998; -998
vtrace1; -1; -1; -2832; 0; -2833; -2832
vtrace1; 2079; 4158; 2079; 2079; 2079; 0
vtrace1; -170; -340; -6785; -170; -6785; -6615
vtrace1; -2277; -131; 14; 2146; -4409; -2132
vtrace1; 0; 1409; 1409; 1409; 0; 0
vtrace1; -450; 2136; 2586; 2586; -450; 0
vtrace1; 0; 1; -3609; 1; -3610; -3610
vtrace1; 2694; 4781; 810; 2087; 1417; -1277
vtrace1; 338; -1296; -8046; -1634; -6074; -6412
vtrace1; 0; 0; -971; 0; -971; -971
vtrace1; 3646; 7292; -2762; 3646; -2762; -6408
vtrace1; 0; 2611; 2912; 2611; 301; 301
vtrace1; 0; 0; -930; 0; -930; -930
vtrace1; -1; -276; -1505; -275; -1231; -1230
vtrace1; 4; 5; -979; 1; -976; -980
vtrace1; 46; 37; -2214; -9; -2159; -2205
vtrace1; 16; -651; -6966; -667; -6283; -6299
vtrace1; -173; -346; -1400; -173; -1400; -1227
vtrace1; -1639; 908; 418; 2547; -3768; -2129
vtrace1; 1061; 128; -3338; -933; -1344; -2405
vtrace1; -1262; 2223; 2772; 3485; -1975; -713
vtrace1; 714; 2910; -2974; 2196; -4456; -5170
vtrace1; 0; -2130; -4347; -2130; -2217; -2217
vtrace1; -474; 858; -1103; 1332; -2909; -2435
vtrace1; 0; 0; -938; 0; -938; -938
vtrace1; 1546; 3906; 1992; 2360; 1178; -368
vtrace1; 0; 0; -984; 0; -984; -984
vtrace1; -37; 2098; 1636; 2135; -536; -499
vtrace1; 0; 0; -900; 0; -900; -900
vtrace1; -1334; -1080; -4277; 254; -5865; -4531
vtrace1; 0; 0; -943; 0; -943; -943
vtrace1; -1751; -2775; -5355; -1024; -6082; -4331
vtrace1; -2856; 1567; 4459; 4423; -2820; 36
vtrace1; 920; 446; -2524; -474; -1130; -2050
vtrace1; 0; 1502; 1518; 1502; 16; 16
vtrace1; -2132; 545; 545; 2677; -4264; -2132
vtrace1; 1084; 2254; 1055; 1170; 969; -115
vtrace1; -162; 1043; 1043; 1205; -324; -162
vtrace1; -201; -201; -2816; 0; -3017; -2816
vtrace1; 252; 1651; 1399; 1399; 252; 0
vtrace1; 1; 3244; 2931; 3243; -311; -312
vtrace1; 310; 204; -2604; -106; -2188; -2498
vtrace1; -509; 823; -1103; 1332; -2944; -2435
vtrace1; 187; 2443; 2725; 2256; 656; 469
vtrace1; 1055; 2110; 431; 1055; 431; -624
vtrace1; 0; 1; -5051; 1; -5052; -5052
vtrace1; 4412; 5041; -5986; 629; -2203; -6615
vtrace1; 0; 1330; 1570; 1330; 240; 240
vtrace1; 15; 146; 129; 131; 13; -2
vtrace1; 8; 132; 132; 124; 16; 8
vtrace1; 2266; 2764; -5801; 498; -4033; -6299
vtrace1; 157; -30; -1752; -187; -1408; -1565
vtrace1; 0; 1740; 2215; 1740; 475; 475
vtrace1; 1474; 4665; 827; 3191; -890; -2364
vtrace1; 0; -1; -148; -1; -147; -147
vtrace1; 252; 504; 65; 252; 65; -187
vtrace1; -186; 419; -2077; 605; -2868; -2682
vtrace1; -542; 1694; 3508; 2236; 730; 1272
vtrace1; -1564; 1231; 3935; 2795; -424; 1140
vtrace1; 164; 1386; 1438; 1222; 380; 216
vtrace1; 2275; 4550; 2105; 2275; 2105; -170
vtrace1; -2236; -521; -3423; 1715; -7374; -5138
vtrace1; -451; 465; -1180; 916; -2547; -2096
vtrace1; 0; 2822; 2822; 2822; 0; 0
vtrace1; -11; -203; -5629; -192; -5448; -5437
vtrace1; 2259; 4518; 737; 2259; 737; -1522
vtrace1; 2836; 3419; -1953; 583; 300; -2536
vtrace1; -556; -1039; -3165; -483; -3238; -2682
vtrace1; 2068; 4136; 841; 2068; 841; -1227
vtrace1; 956; 2666; 2021; 1710; 1267; 311
vtrace1; -3375; -3375; -6408; 0; -9783; -6408
vtrace1; -904; 1564; 2468; 2468; -904; 0
vtrace1; -1; 3565; 2339; 3566; -1228; -1227
vtrace1; -453; 2229; 2706; 2682; -429; 24
vtrace1; -1229; 2957; 4186; 4186; -1229; 0
vtrace1; 1186; 1330; -940; 144; 102; -1084
vtrace1; 0; 4; -6440; 4; -6444; -6444
vtrace1; -5; 527; -3019; 532; -3556; -3551
vtrace1; -218; -2314; -5473; -2096; -3595; -3377
vtrace1; -267; -534; -2631; -267; -2631; -2364
vtrace1; 0; 0; -2342; 0; -2342; -2342
vtrace1; -6408; -4624; -4624; 1784; -12816; -6408
vtrace1; 1; 89; -3029; 88; -3116; -3117
vtrace1; 2; 1474; -2307; 1472; -3777; -3779
vtrace1; 1272; 2544; -2108; 1272; -2108; -3380
vtrace1; -736; -1327; -4323; -591; -4468; -3732
vtrace1; 4; 8; -2314; 4; -2314; -2318
vtrace1; 0; 5278; 5660; 5278; 382; 382
vtrace1; 1554; 3658; 8; 2104; -542; -2096
vtrace1; -1230; 2111; 2111; 3341; -2460; -1230
vtrace1; -420; -178; -440; 242; -1102; -682
vtrace1; 117; 4242; 4242; 4125; 234; 117
vtrace1; -1; 2439; 3016; 2440; 575; 576
vtrace1; 790; -243; -3827; -1033; -2004; -2794
vtrace1; -1889; 1654; 3542; 3543; -1890; -1
vtrace1; 2696; 2510; -5008; -186; -2126; -4822
vtrace1; 1209; 5620; 4518; 4411; 1316; 107
vtrace1; 1; 1351; 1566; 1350; 217; 216
vtrace1; 0; 203; 203; 203; 0; 0
vtrace1; -2223; 471; 610; 2694; -4307; -2084
vtrace1; -115; 335; -2925; 450; -3490; -3375
vtrace1; -37; 2134; 1738; 2171; -470; -433
vtrace1; 280; 560; -4051; 280; -4051; -4331
vtrace1; 0; 203; 248; 203; 45; 45
vtrace1; -1057; -2114; -3268; -1057; -3268; -2211
vtrace1; 1; 205; 204; 204; 1; 0
vtrace1; 1; 165; 165; 164; 2; 1
vtrace1; 1; -13; -1595; -14; -1580; -1581
vtrace1; -1; 7463; 5692; 7464; -1773; -1772
vtrace1; 433; -777; -3435; -1210; -1792; -2225
vtrace1; -244; -243; -4125; 1; -4370; -4126
vtrace1; 0; 2596; 1618; 2596; -978; -978
vtrace1; 1716; 6994; 5278; 5278; 1716; 0
vtrace1; 346; -210; -2630; -556; -1728; -2074
vtrace1; -173; -424; -1428; -251; -1350; -1177
vtrace1; -37; 2079; 1683; 2116; -470; -433
vtrace1; 1291; 2533; 1016; 1242; 1065; -226
vtrace1; 0; 4310; 4310; 4310; 0; 0
vtrace1; 1; 216; 216; 215; 2; 1
vtrace1; 1; 0; -901; -1; -899; -900
vtrace1; 0; 749; -5659; 749; -6408; -6408
vtrace1; 1; -315; -3055; -316; -2738; -2739
vtrace1; -2065; 1346; 3732; 3411; -1744; 321
vtrace1; -249; 2303; 2556; 2552; -245; 4
vtrace1; -1084; 3327; 7512; 4411; 2017; 3101
vtrace1; 0; 1201; 180; 1201; -1021; -1021
vtrace1; 10; -2040; -5056; -2050; -2996; -3006
vtrace1; 1430; 596; -3106; -834; -842; -2272
vtrace1; -1059; -2118; -3284; -1059; -3284; -2225
vtrace1; -1219; 921; 785; 2140; -2574; -1355
vtrace1; -743; 2564; 3062; 3307; -988; -245
vtrace1; -118; 1996; 3101; 2114; 869; 987
vtrace1; 500; 1684; 1183; 1184; 499; -1
vtrace1; -61; -1251; -2880; -1190; -1751; -1690
vtrace1; 0; 144; 144; 144; 0; 0
vtrace1; -1228; -696; -1822; 532; -3582; -2354
vtrace1; -78; 3254; 4448; 3332; 1038; 1116
vtrace1; 0; 2305; 1600; 2305; -705; -705
vtrace1; 0; 1613; 2281; 1613; 668; 668
vtrace1; -1; 3602; 5677; 3603; 2073; 2074
vtrace1; -390; -780; -3877; -390; -3877; -3487
vtrace1; 0; 2272; 276; 2272; -1996; -1996
vtrace1; 5; 2786; 2984; 2781; 208; 203
vtrace1; -541; -660; -1063; -119; -1485; -944
vtrace1; -3705; 396; 2014; 4101; -5792; -2087
vtrace1; -3375; -1004; -1004; 2371; -6750; -3375
vtrace1; -420; 2138; 106; 2558; -2872; -2452
vtrace1; -2205; -1680; -4951; 525; -7681; -5476
vtrace1; -215; 1184; 1184; 1399; -430; -215
vtrace1; 1187; 5745; 5948; 4558; 2577; 1390
vtrace1; -963; 242; 1206; 1205; -962; 1
vtrace1; -80; -160; -249; -80; -249; -169
vtrace1; -136; 1351; 1129; 1487; -494; -358
vtrace1; -2813; 1885; 1779; 4698; -5732; -2919
vtrace1; -1; -1; -3037; 0; -3038; -3037
vtrace1; -2225; -772; -772; 1453; -4450; -2225
vtrace1; -1; -1; -2976; 0; -2977; -2976
vtrace1; 1006; 1198; -4005; 192; -3191; -4197
vtrace1; 596; 3125; 399; 2529; -1534; -2130
vtrace1; 0; 2341; 2340; 2341; -1; -1
vtrace1; -473; -263; -437; 210; -1120; -647
vtrace1; -682; 2765; 3791; 3447; -338; 344
vtrace1; 0; 1430; 1614; 1430; 184; 184
vtrace1; 168; 5796; 5628; 5628; 168; 0
vtrace1; 755; 2344; 1589; 1589; 755; 0
vtrace1; -1043; 2152; 2152; 3195; -2086; -1043
vtrace1; 0; -460; -1686; -460; -1226; -1226
vtrace1; -39; 2266; 2341; 2305; -3; 36
vtrace1; 0; -648; -2416; -648; -1768; -1768
vtrace1; -60; 4121; -2227; 4181; -6468; -6408
vtrace1; 1727; 5867; 2010; 4140; -403; -2130
vtrace1; -482; 2243; 2726; 2725; -481; 1
vtrace1; -1182; -490; -490; 692; -2364; -1182
vtrace1; 0; 0; -1137; 0; -1137; -1137
vtrace1; 0; 0; -3744; 0; -3744; -3744
vtrace1; 593; 2263; 1785; 1670; 708; 115
vtrace1; 1223; -1976; -8379; -3199; -3957; -5180
vtrace1; -3; 207; 376; 210; 163; 166
vtrace1; 1; 1992; 3680; 1991; 1690; 1689
vtrace1; -27; -152; -3057; -125; -2959; -2932
vtrace1; 0; 0; -1059; 0; -1059; -1059
vtrace1; 0; 1591; 1591; 1591; 0; 0
vtrace1; 78; 387; 233; 309; 2; -76
vtrace1; 3243; 6725; 2532; 3482; 2293; -950
vtrace1; 1192; 2384; 487; 1192; 487; -705
vtrace1; 2236; 4472; 785; 2236; 785; -1451
vtrace1; 1; 2053; -1147; 2052; -3198; -3199
vtrace1; 263; 264; -1325; 1; -1063; -1326
vtrace1; 1; 1596; 1595; 1595; 1; 0
vtrace1; 12; 3638; 3035; 3626; -579; -591
vtrace1; -374; 2172; -2696; 2546; -5616; -5242
vtrace1; -2776; -546; -977; 2230; -5983; -3207
vtrace1; 583; 1641; 1058; 1058; 583; 0
vtrace1; 415; 415; -1460; 0; -1045; -1460
vtrace1; -1232; 847; 847; 2079; -2464; -1232
vtrace1; 1116; 434; -4827; -682; -3029; -4145
vtrace1; 0; 3048; 3048; 3048; 0; 0
vtrace1; 0; -217; -1709; -217; -1492; -1492
vtrace1; -665; 3535; 3717; 4200; -1148; -483
vtrace1; 0; 1556; 1556; 1556; 0; 0
vtrace1; -1230; 849; 849; 2079; -2460; -1230
vtrace1; -676; 2389; 3066; 3065; -675; 1
vtrace1; -201; -201; -2832; 0; -3033; -2832
vtrace1; 397; 172; -2812; -225; -2190; -2587
vtrace1; -420; -865; -2635; -445; -2610; -2190
vtrace1; 3101; 6202; 2622; 3101; 2622; -479
vtrace1; -2346; 1399; 3399; 3745; -2692; -346
vtrace1; 0; -2557; -5173; -2557; -2616; -2616
vtrace1; 2300; 4600; 2273; 2300; 2273; -27
vtrace1; 1; -590; -2403; -591; -1811; -1812
vtrace1; 230; 460; 229; 230; 229; -1
vtrace1; 14; 1374; 2342; 1360; 996; 982
vtrace1; -949; 1326; 1326; 2275; -1898; -949
vtrace1; 773; 2847; 2847; 2074; 1546; 773
vtrace1; 2226; 4452; 2225; 2226; 2225; -1
vtrace1; -106; -653; -1573; -547; -1132; -1026
vtrace1; 1970; 1979; -2370; 9; -409; -2379
vtrace1; 43; 839; -422; 796; -1175; -1218
vtrace1; -414; 7048; 6232; 7462; -1644; -1230
vtrace1; -533; 341; -1808; 874; -3215; -2682
vtrace1; 24; 317; 292; 293; 23; -1
vtrace1; -1; 273; 275; 274; 0; 1
vtrace1; 2547; 7140; 1970; 4593; -76; -2623
vtrace1; 831; 831; -1235; 0; -404; -1235
vtrace1; 4411; 9580; 4142; 5169; 3384; -1027
vtrace1; 1609; 4898; 4898; 3289; 3218; 1609
vtrace1; -1142; -1142; -3406; 0; -4548; -3406
vtrace1; 78; 156; -1148; 78; -1148; -1226
vtrace1; 0; -870; -2458; -870; -1588; -1588
vtrace1; -93; -186; -337; -93; -337; -244
vtrace1; -1177; 1062; 2250; 2239; -1166; 11
vtrace1; -2096; -2096; -6422; 0; -8518; -6422
vtrace1; -4331; -4295; -4295; 36; -8662; -4331
vtrace1; 221; 442; 169; 221; 169; -52
vtrace1; 6; 2311; 2990; 2305; 691; 685
vtrace1; -2149; 5302; 7259; 7451; -2341; -192
vtrace1; -444; 1034; 1478; 1478; -444; 0
vtrace1; 604; 1568; 472; 964; 112; -492
vtrace1; 100; 101; -2463; 1; -2364; -2464
vtrace1; 0; 808; 1037; 808; 229; 229
vtrace1; 214; 444; 165; 230; 149; -65
vtrace1; 2342; 4605; -640; 2263; -561; -2903
vtrace1; 0; 2264; -1108; 2264; -3372; -3372
vtrace1; 255; 510; 254; 255; 254; -1
vtrace1; 0; 0; -2515; 0; -2515; -2515
vtrace1; 1935; 1911; -2229; -24; -270; -2205
vtrace1; 0; 2493; 3006; 2493; 513; 513
vtrace1; 344; 1219; 19; 875; -512; -856
vtrace1; 0; 1547; 2411; 1547; 864; 864
vtrace1; -5591; -1644; -1644; 3947; -11182; -5591
vtrace1; 468; 408; -3547; -60; -3019; -3487
vtrace1; -246; -146; -146; 100; -492; -246
vtrace1; -271; 1113; 1384; 1384; -271; 0
vtrace1; 761; 762; -2476; 1; -1716; -2477
vtrace1; 0; 2844; 3058; 2844; 214; 214
vtrace1; 242; 1097; 855; 855; 242; 0
vtrace1; -1243; -251; -3225; 992; -5460; -4217
vtrace1; 1187; 3003; 1855; 1816; 1226; 39
vtrace1; 2166; 4527; 2324; 2361; 2129; -37
vtrace1; -94; 1007; -1646; 1101; -2841; -2747
vtrace1; 0; 4206; 4473; 4206; 267; 267
vtrace1; -1; 2075; 397; 2076; -1680; -1679
vtrace1; 2546; 7824; 7408; 5278; 4676; 2130
vtrace1; -251; 3930; 8095; 4181; 3663; 3914
vtrace1; 3104; 5404; -4122; 2300; -3318; -6422
vtrace1; 2291; 4731; 883; 2440; 734; -1557
vtrace1; -518; 1534; 1662; 2052; -908; -390
vtrace1; 2246; 5849; 4960; 3603; 3603; 1357
vtrace1; 37; -149; -417; -186; -194; -231
vtrace1; -27; -1240; -4408; -1213; -3222; -3195
vtrace1; -1; 2340; 1727; 2341; -615; -614
vtrace1; 325; 325; -2137; 0; -1812; -2137
vtrace1; 35; 2595; -1870; 2560; -4395; -4430
vtrace1; -217; -72; -4988; 145; -5350; -5133
vtrace1; -246; 1989; 3319; 2235; 838; 1084
vtrace1; 309; 618; 117; 309; 117; -192
vtrace1; -954; 1776; 2726; 2730; -958; -4
vtrace1; 1690; 6099; 5480; 4409; 2761; 1071
vtrace1; -1057; -2114; -7501; -1057; -7501; -6444
vtrace1; -37; -74; -1696; -37; -1696; -1659
vtrace1; 0; 1153; -2457; 1153; -3610; -3610
vtrace1; 663; 1211; 386; 548; 501; -162
vtrace1; 0; 301; 301; 301; 0; 0
vtrace1; -1; 1447; 1136; 1448; -313; -312
vtrace1; 131; 262; 131; 131; 131; 0
vtrace1; 131; 2671; 2392; 2540; -17; -148
vtrace1; 700; 827; -1092; 127; -519; -1219
vtrace1; 0; 0; -6557; 0; -6557; -6557
vtrace1; -119; -120; -5053; -1; -5171; -5052
vtrace1; -170; -340; -1568; -170; -1568; -1398
vtrace1; 550; 551; -6407; 1; -5858; -6408
vtrace1; -275; 777; 1353; 1052; 26; 301
vtrace1; 26; 350; 324; 324; 26; 0
vtrace1; 1116; 1117; -2282; 1; -1167; -2283
vtrace1; -1; -2; -268; -1; -268; -267
vtrace1; -65; -130; -330; -65; -330; -265
vtrace1; -1; 2139; 1787; 2140; -354; -353
vtrace1; -665; -1330; -5835; -665; -5835; -5170
vtrace1; 251; 2869; -1287; 2618; -3654; -3905
vtrace1; 0; 3048; 2444; 3048; -604; -604
vtrace1; -2; -4; -269; -2; -269; -267
vtrace1; 2679; 5245; -145; 2566; -32; -2711
vtrace1; -1057; -2114; -3375; -1057; -3375; -2318
vtrace1; 131; 122; -1235; -9; -1095; -1226
vtrace1; 0; 4408; 4408; 4408; 0; 0
vtrace1; 26; 3225; 1101; 3199; -2072; -2098
vtrace1; 192; 3028; 2855; 2836; 211; 19
vtrace1; 140; 2707; 2203; 2567; -224; -364
vtrace1; -664; -659; -1061; 5; -1730; -1066
vtrace1; 1034; 2433; 692; 1399; 327; -707
vtrace1; -1; 3625; 5165; 3626; 1538; 1539
vtrace1; -556; 1749; 2304; 2305; -557; -1
vtrace1; 1946; 3892; 462; 1946; 462; -1484
vtrace1; -1057; -2114; -3421; -1057; -3421; -2364
vtrace1; 201; 402; 201; 201; 201; 0
vtrace1; 2321; 2172; -4111; -149; -1641; -3962
vtrace1; -861; -2466; -5731; -1605; -4987; -4126
vtrace1; 650; 90; -3170; -560; -1960; -2610
vtrace1; -65; 2427; 2497; 2492; -60; 5
vtrace1; 1751; 3502; 730; 1751; 730; -1021
vtrace1; 2679; 5358; -134; 2679; -134; -2813
vtrace1; 586; 1172; -953; 586; -953; -1539
vtrace1; 301; -255; -2781; -556; -1924; -2225
vtrace1; 773; 736; -1229; -37; -419; -1192
vtrace1; 143; 286; 143; 143; 143; 0
vtrace1; -27; -92; -366; -65; -328; -301
vtrace1; 2266; 4532; 2266; 2266; 2266; 0
vtrace1; 0; 1629; 1054; 1629; -575; -575
vtrace1; 450; 2140; 2014; 1690; 774; 324
vtrace1; -1019; 1716; 2761; 2735; -993; 26
vtrace1; 1200; 2340; -2240; 1140; -2180; -3380
vtrace1; 0; 2385; 1781; 2385; -604; -604
vtrace1; 101; 2593; 361; 2492; -2030; -2131
vtrace1; 0; 1670; 1745; 1670; 75; 75
vtrace1; 0; 2554; 2512; 2554; -42; -42
vtrace1; -3255; -1020; 105; 2235; -5385; -2130
vtrace1; -533; -532; -532; 1; -1066; -533
vtrace1; -226; 4472; 2016; 4698; -2908; -2682
vtrace1; -192; 3909; 4075; 4101; -218; -26
vtrace1; -80; -79; -3141; 1; -3222; -3142
vtrace1; 4181; 8362; 3072; 4181; 3072; -1109
vtrace1; -2719; -967; 287; 1752; -4184; -1465
vtrace1; 500; 982; -226; 482; -208; -708
vtrace1; -1; -1; -489; 0; -490; -489
vtrace1; 1215; 1215; -6444; 0; -5229; -6444
vtrace1; 7; 4418; 4411; 4411; 7; 0
vtrace1; -1921; -1920; -1920; 1; -3842; -1921
vtrace1; 0; 1; -1260; 1; -1261; -1261
vtrace1; -1; 819; 1176; 820; 355; 356
vtrace1; 585; 1170; 548; 585; 548; -37
vtrace1; 15; 30; -1191; 15; -1191; -1206
vtrace1; 698; 107; -3177; -591; -1888; -2586
vtrace1; 866; 1732; -3986; 866; -3986; -4852
vtrace1; 3603; 7206; 223; 3603; 223; -3380
vtrace1; -65; 2614; 5257; 2679; 2513; 2578
vtrace1; 0; 1756; 1756; 1756; 0; 0
vtrace1; -2084; -2084; -2557; 0; -4641; -2557
vtrace1; 2972; 5944; 837; 2972; 837; -2135
vtrace1; -482; -482; -685; 0; -1167; -685
vtrace1; 718; 3250; 1792; 2532; -22; -740
vtrace1; 280; 1440; 1440; 1160; 560; 280
vtrace1; 0; 0; -1235; 0; -1235; -1235
vtrace1; 166; 1147; 981; 981; 166; 0
vtrace1; -134; 1477; 1285; 1611; -460; -326
vtrace1; 309; 496; -2165; 187; -2043; -2352
vtrace1; 1091; 2670; 83; 1579; -405; -1496
vtrace1; 144; 183; -1295; 39; -1190; -1334
vtrace1; -106; -212; -3096; -106; -3096; -2990
vtrace1; 0; 1584; 1813; 1584; 229; 229
vtrace1; 0; 3179; 3180; 3179; 1; 1
vtrace1; 1143; 544; -2917; -599; -1175; -2318
vtrace1; 596; 1222; 625; 626; 595; -1
vtrace1; -160; 2941; -292; 3101; -3553; -3393
vtrace1; 1; 1497; 1775; 1496; 280; 279
vtrace1; 0; 2795; -1070; 2795; -3865; -3865
vtrace1; -192; 1816; 2692; 2008; 492; 684
vtrace1; 1; 2165; 1863; 2164; -300; -301
vtrace1; 0; 5849; 5875; 5849; 26; 26
vtrace1; 129; 258; -1290; 129; -1290; -1419
vtrace1; 1; 1; -1246; 0; -1245; -1246
vtrace1; -1351; 1027; 1148; 2378; -2581; -1230
vtrace1; -2776; -1118; -1118; 1658; -5552; -2776
vtrace1; 0; -1; -435; -1; -434; -434
vtrace1; 1; 397; 395; 396; 0; -1
vtrace1; 2360; 5965; 3540; 3605; 2295; -65
vtrace1; -285; -285; -813; 0; -1098; -813
vtrace1; -590; 1071; 1071; 1661; -1180; -590
vtrace1; -6408; -1308; 1209; 5100; -10299; -3891
vtrace1; 2677; 5354; -61; 2677; -61; -2738
vtrace1; 148; 1466; 292; 1318; -878; -1026
vtrace1; 0; 1119; 1868; 1119; 749; 749
vtrace1; 0; 2679; 5242; 2679; 2563; 2563
vtrace1; -61; 2615; 2615; 2676; -122; -61
vtrace1; 1; 3192; 3192; 3191; 2; 1
vtrace1; -326; -1517; -2910; -1191; -2045; -1719
vtrace1; 0; -1; -1890; -1; -1889; -1889
vtrace1; -839; 1742; 2581; 2581; -839; 0
vtrace1; -958; 3456; 5541; 4414; 169; 1127
vtrace1; -414; -730; -1375; -316; -1473; -1059
vtrace1; -1013; 2100; 2843; 3113; -1283; -270
vtrace1; 25; -245; -1238; -270; -943; -968
vtrace1; -2096; -2422; -3194; -326; -4964; -2868
vtrace1; -270; -540; -2928; -270; -2928; -2658
vtrace1; 242; 2453; 1612; 2211; -357; -599
vtrace1; -948; 1278; 2120; 2226; -1054; -106
vtrace1; 0; -1; -446; -1; -445; -445
vtrace1; 1; 651; -578; 650; -1227; -1228
vtrace1; -69; 1687; 1200; 1756; -625; -556
vtrace1; 1561; 3122; 914; 1561; 914; -647
vtrace1; 4411; 8822; 4254; 4411; 4254; -157
vtrace1; -166; 266; -1696; 432; -2294; -2128
vtrace1; 2562; 5124; 2562; 2562; 2562; 0
vtrace1; -470; 1178; 1648; 1648; -470; 0
vtrace1; 1; 1690; 1715; 1689; 27; 26
vtrace1; 82; 45; -1264; -37; -1145; -1227
vtrace1; -556; 1558; 2425; 2114; -245; 311
vtrace1; 710; 726; -1213; 16; -519; -1229
vtrace1; 2596; 5192; 2596; 2596; 2596; 0
vtrace1; 3664; 3665; -4125; 1; -462; -4126
vtrace1; 396; 1892; 1493; 1496; 393; -3
vtrace1; -1685; 2193; 2193; 3878; -3370; -1685
vtrace1; 360; 1230; 188; 870; -322; -682
vtrace1; -270; -540; -2925; -270; -2925; -2655
vtrace1; 2256; 2259; -4214; 3; -1961; -4217
vtrace1; 216; -966; -4031; -1182; -2633; -2849
vtrace1; 41; 3142; 3179; 3101; 119; 78
vtrace1; 1156; 4259; -92; 3103; -2039; -3195
vtrace1; -1057; -2114; -6237; -1057; -6237; -5180
vtrace1; 0; 0; -2561; 0; -2561; -2561
vtrace1; 1314; 4433; -201; 3119; -2006; -3320
vtrace1; 154; 2049; 1023; 1895; -718; -872
vtrace1; 855; 5263; 5100; 4408; 1547; 692
vtrace1; 509; 1018; 6; 509; 6; -503
vtrace1; -1; 2545; 4614; 2546; 2067; 2068
vtrace1; -78; -463; -1121; -385; -814; -736
vtrace1; -1; 66; -2543; 67; -2611; -2610
vtrace1; 1; 434; 452; 433; 20; 19
vtrace1; 520; 520; -1084; 0; -564; -1084
vtrace1; 1663; 1678; -2885; 15; -1237; -2900
vtrace1; -438; 1660; 1660; 2098; -876; -438
vtrace1; 14; 2088; 1806; 2074; -254; -268
vtrace1; 870; 870; -5424; 0; -4554; -5424
vtrace1; -2189; 220; -381; 2409; -4979; -2790
vtrace1; 2427; 5208; 1506; 2781; 1152; -1275
vtrace1; -2708; -805; 884; 1903; -3727; -1019
vtrace1; -308; -616; -1538; -308; -1538; -1230
vtrace1; 2729; 1124; -5982; -1605; -1648; -4377
vtrace1; -2627; 867; 1444; 3494; -4677; -2050
vtrace1; 1; 1103; 504; 1102; -597; -598
vtrace1; 0; 334; 504; 334; 170; 170
vtrace1; -1221; -2442; -8884; -1221; -8884; -7663
vtrace1; -1227; 1029; 1029; 2256; -2454; -1227
vtrace1; 574; 3953; 2685; 3379; -120; -694
vtrace1; 1273; 1237; -3827; -36; -2518; -3791
vtrace1; -3325; -2960; -2664; 365; -6354; -3029
vtrace1; -80; -160; -1860; -80; -1860; -1780
vtrace1; 2149; 5391; 1110; 3242; 17; -2132
vtrace1; -556; -556; -1318; 0; -1874; -1318
vtrace1; -2626; -1298; -1298; 1328; -5252; -2626
vtrace1; -142; 2540; 96; 2682; -2728; -2586
vtrace1; -1077; 477; -219; 1554; -2850; -1773
vtrace1; -4; -5; -419; -1; -422; -418
vtrace1; 1; 1823; 2514; 1822; 693; 692
vtrace1; -682; -1770; -5292; -1088; -4886; -4204
vtrace1; 0; 1913; 1234; 1913; -679; -679
vtrace1; 1; 377; -1813; 376; -2188; -2189
vtrace1; -599; -3370; -7444; -2771; -5272; -4673
vtrace1; 1352; 5538; 4645; 4186; 1811; 459
vtrace1; -381; 1089; 1470; 1470; -381; 0
vtrace1; 1096; 2212; 800; 1116; 780; -316
vtrace1; -570; 1801; 2449; 2371; -492; 78
vtrace1; 166; 166; -2131; 0; -1965; -2131
vtrace1; -1230; -988; -1994; 242; -3466; -2236
vtrace1; -772; 1131; 669; 1903; -2006; -1234
vtrace1; -1; 647; -1237; 648; -1886; -1885
vtrace1; -599; -1198; -3331; -599; -3331; -2732
vtrace1; 1; 2; -2586; 1; -2586; -2587
vtrace1; -610; -1000; -2616; -390; -2836; -2226
vtrace1; -1; 3411; 1988; 3412; -1425; -1424
vtrace1; -78; 3586; -462; 3664; -4204; -4126
vtrace1; -37; 3992; 1216; 4029; -2850; -2813
vtrace1; -3159; 231; 1256; 3390; -5293; -2134
vtrace1; 39; 2735; 2548; 2696; -109; -148
vtrace1; -251; -252; -950; -1; -1200; -949
vtrace1; -48; 4363; 4665; 4411; 206; 254
vtrace1; 315; 315; -2222; 0; -1907; -2222
vtrace1; 527; 526; -1688; -1; -1160; -1687
vtrace1; -668; 492; 1165; 1160; -663; 5
vtrace1; 0; 432; 433; 432; 1; 1
vtrace1; -103; 1162; 1947; 1265; 579; 682
vtrace1; 0; 432; 432; 432; 0; 0
vtrace1; -3117; 290; 1272; 3407; -5252; -2135
vtrace1; 2052; 1629; -3323; -423; -848; -2900
vtrace1; -1; -2; -434; -1; -434; -433
vtrace1; 360; 3645; 1592; 3285; -1333; -1693
vtrace1; 1200; 1199; -2319; -1; -1118; -2318
vtrace1; -1536; -462; -462; 1074; -3072; -1536
vtrace1; -2102; 625; 3331; 2727; -1498; 604
vtrace1; 1074; 3566; 3566; 2492; 2148; 1074
vtrace1; -417; 2033; -127; 2450; -2994; -2577
vtrace1; 0; 4200; 527; 4200; -3673; -3673
vtrace1; -556; -557; -1975; -1; -2530; -1974
vtrace1; -1; 2235; 3280; 2236; 1043; 1044
vtrace1; 384; 5309; 4924; 4925; 383; -1
vtrace1; -134; -171; -309; -37; -406; -272
vtrace1; -2934; -1712; -1032; 1222; -5188; -2254
vtrace1; 1623; 6035; 272; 4412; -2517; -4140
vtrace1; 0; -1059; -3242; -1059; -2183; -2183
vtrace1; 1187; 2374; -1036; 1187; -1036; -2223
vtrace1; 260; -188; -1500; -448; -792; -1052
vtrace1; 1; 56; -1238; 55; -1292; -1293
vtrace1; -459; 124; -97; 583; -1139; -680
vtrace1; 0; 586; -1279; 586; -1865; -1865
vtrace1; 167; 334; -20; 167; -20; -187
vtrace1; 2158; 7417; 6548; 5259; 3447; 1289
vtrace1; -61; 344; -1220; 405; -1686; -1625
vtrace1; -272; 1617; 1617; 1889; -544; -272
vtrace1; 321; 846; -1561; 525; -1765; -2086
vtrace1; -3; -6; -3201; -3; -3201; -3198
vtrace1; 841; 5252; 4411; 4411; 841; 0
vtrace1; 3421; 6842; 1277; 3421; 1277; -2144
vtrace1; 1756; 1687; -3001; -69; -1176; -2932
vtrace1; -2225; 356; 2786; 2581; -2020; 205
vtrace1; 0; 408; 413; 408; 5; 5
vtrace1; -2751; -1759; -2552; 992; -6295; -3544
vtrace1; 16; -50; -624; -66; -542; -558
vtrace1; -293; -186; -186; 107; -586; -293
vtrace1; -864; -611; -1729; 253; -2846; -1982
vtrace1; 1930; 5426; 2710; 3496; 1144; -786
vtrace1; 7453; 14906; 5339; 7453; 5339; -2114
vtrace1; -1066; -1066; -2214; 0; -3280; -2214
vtrace1; 3797; 7594; 1592; 3797; 1592; -2205
vtrace1; 1968; 9424; 7455; 7456; 1967; -1
vtrace1; 2427; 6032; 3604; 3605; 2426; -1
vtrace1; 1055; 3548; 3548; 2493; 2110; 1055
vtrace1; 100; 1471; 1198; 1371; -73; -173
vtrace1; -1756; 940; 3606; 2696; -846; 910
vtrace1; -439; 209; -2841; 648; -3928; -3489
vtrace1; -693; -536; -519; 157; -1369; -676
vtrace1; 692; 4689; 1862; 3997; -1443; -2135
vtrace1; -1; 4879; 5266; 4880; 385; 386
vtrace1; -1051; -2102; -3512; -1051; -3512; -2461
vtrace1; -1; 1345; 1345; 1346; -2; -1
vtrace1; 4101; 8202; 1890; 4101; 1890; -2211
vtrace1; 1; -308; -1214; -309; -904; -905
vtrace1; 8; 3222; 3213; 3214; 7; -1
vtrace1; -856; 1281; 41; 2137; -2952; -2096
vtrace1; -270; -540; -2952; -270; -2952; -2682
vtrace1; -267; -534; -1615; -267; -1615; -1348
vtrace1; 3538; 4398; -2214; 860; 464; -3074
vtrace1; -1635; 2466; 2108; 4101; -3628; -1993
vtrace1; 335; 2404; 1653; 2069; -81; -416
vtrace1; 107; 108; -1310; 1; -1204; -1311
vtrace1; 2483; 6584; 3581; 4101; 1963; -520
vtrace1; 243; 562; 319; 319; 243; 0
vtrace1; 0; 4638; 6665; 4638; 2027; 2027
vtrace1; 724; 3275; 3251; 2551; 1424; 700
vtrace1; -1; 1398; 1398; 1399; -2; -1
vtrace1; -1; 865; -1885; 866; -2752; -2751
vtrace1; -1; 2377; 4683; 2378; 2304; 2305
vtrace1; -1061; -846; -846; 215; -2122; -1061
vtrace1; 843; 1727; 425; 884; 384; -459
vtrace1; 1502; 1503; -2154; 1; -653; -2155
vtrace1; -624; -622; -733; 2; -1359; -735
vtrace1; 353; 3622; 5737; 3269; 2821; 2468
vtrace1; -4533; 183; 2623; 4716; -6626; -2093
vtrace1; 678; 2822; 2001; 2144; 535; -143
vtrace1; 24; 2190; 587; 2166; -1555; -1579
vtrace1; 11; -301; -1328; -312; -1005; -1016
vtrace1; 0; -166; -3364; -166; -3198; -3198
vtrace1; -1229; 1076; 1076; 2305; -2458; -1229
vtrace1; 537; 2653; -511; 2116; -2090; -2627
vtrace1; 344; 2025; -1001; 1681; -2338; -2682
vtrace1; 724; 1448; -2644; 724; -2644; -3368
vtrace1; 0; -1; -550; -1; -549; -549
vtrace1; 2418; 4836; 2400; 2418; 2400; -18
vtrace1; 279; 558; -1600; 279; -1600; -1879
vtrace1; -538; 1446; -1382; 1984; -3904; -3366
vtrace1; 96; 700; -2039; 604; -2547; -2643
vtrace1; 192; 903; -1427; 711; -1946; -2138
vtrace1; -1; 2304; 1985; 2305; -321; -320
vtrace1; 378; 1987; 1609; 1609; 378; 0
vtrace1; -3198; 1971; -179; 5169; -8546; -5348
vtrace1; -169; 435; 110; 604; -663; -494
vtrace1; -1; -1; -518; 0; -519; -518
vtrace1; 356; 712; 355; 356; 355; -1
vtrace1; -502; 4663; 6460; 5165; 793; 1295
vtrace1; 0; 1315; 1269; 1315; -46; -46
vtrace1; 2352; 4704; 2351; 2352; 2351; -1
vtrace1; -326; -325; -325; 1; -652; -326
vtrace1; 192; 890; -1440; 698; -1946; -2138
vtrace1; 1; 2097; -1293; 2096; -3388; -3389
vtrace1; -1311; 1932; 3244; 3243; -1310; 1
vtrace1; 2220; 6790; 6602; 4570; 4252; 2032
vtrace1; -1; 2793; 2793; 2794; -2; -1
vtrace1; 1540; 1530; -2070; -10; -520; -2060
vtrace1; -390; -2602; -4962; -2212; -3140; -2750
vtrace1; 301; 602; 271; 301; 271; -30
vtrace1; -112; 1272; 1384; 1384; -112; 0
vtrace1; -2779; 1536; 3353; 4315; -3741; -962
vtrace1; -1227; 2075; 1140; 3302; -3389; -2162
vtrace1; 0; 0; -1343; 0; -1343; -1343
vtrace1; 4593; 9186; 4277; 4593; 4277; -316
vtrace1; 247; 706; 458; 459; 246; -1
vtrace1; -1730; -672; -253; 1058; -3041; -1311
vtrace1; -560; -561; -654; -1; -1213; -653
vtrace1; 0; 88; -1988; 88; -2076; -2076
vtrace1; 15; 520; 520; 505; 30; 15
vtrace1; -1827; -772; -798; 1055; -3680; -1853
vtrace1; -316; -307; -307; 9; -632; -316
vtrace1; -1762; 771; 2404; 2533; -1891; -129
vtrace1; 603; 964; -1864; 361; -1622; -2225
vtrace1; 0; 971; 1240; 971; 269; 269
vtrace1; 637; 803; -1920; 166; -1449; -2086
vtrace1; 344; 1900; 1556; 1556; 344; 0
vtrace1; 335; 2720; 268; 2385; -1782; -2117
vtrace1; -65; 2615; 2737; 2680; -8; 57
vtrace1; -1; 203; -1926; 204; -2131; -2130
vtrace1; -533; 53; 583; 586; -536; -3
vtrace1; 87; 519; 519; 432; 174; 87
vtrace1; -123; 1160; 1284; 1283; -122; 1
vtrace1; -342; 1922; 2290; 2264; -316; 26
vtrace1; 793; 4655; 4570; 3862; 1501; 708
vtrace1; -1315; -4322; -8851; -3007; -7159; -5844
vtrace1; 0; -106; -2036; -106; -1930; -1930
vtrace1; -2979; -2979; -3092; 0; -6071; -3092
vtrace1; -2236; 445; 2247; 2681; -2670; -434
vtrace1; -3107; 2253; 6444; 5360; -2023; 1084
vtrace1; 2809; 5618; -45; 2809; -45; -2854
vtrace1; -285; 1376; 1661; 1661; -285; 0
vtrace1; 324; 3059; 3059; 2735; 648; 324
vtrace1; -4801; -4705; -4705; 96; -9602; -4801
vtrace1; -407; -567; -4944; -160; -5191; -4784
vtrace1; -2364; -2328; -2328; 36; -4728; -2364
vtrace1; -389; 1146; 450; 1535; -1474; -1085
vtrace1; -2684; 2483; 7372; 5167; -479; 2205
vtrace1; -949; -346; -346; 603; -1898; -949
vtrace1; -2222; 1959; 3582; 4181; -2821; -599
vtrace1; 1; 1; -2771; 0; -2770; -2771
vtrace1; 4; 548; -705; 544; -1245; -1249
vtrace1; -267; -268; -905; -1; -1171; -904
vtrace1; -1; 2693; 2693; 2694; -2; -1
vtrace1; 30; 13; -1353; -17; -1306; -1336
vtrace1; -420; -852; -2909; -432; -2897; -2477
vtrace1; 0; 618; 618; 618; 0; 0
vtrace1; 3626; 3951; -3566; 325; -265; -3891
vtrace1; 0; 7; -2692; 7; -2699; -2699
vtrace1; -490; 2081; 4484; 2571; 1423; 1913
vtrace1; -1; -2; -4674; -1; -4674; -4673
vtrace1; -1; 2693; 2012; 2694; -683; -682
vtrace1; 2263; 4526; 1135; 2263; 1135; -1128
vtrace1; 98; 99; -2131; 1; -2034; -2132
vtrace1; -106; 1327; 1327; 1433; -212; -106
vtrace1; 0; 3225; 3225; 3225; 0; 0
vtrace1; 29; 58; -36; 29; -36; -65
vtrace1; 0; 1; -2737; 1; -2738; -2738
vtrace1; 0; 39; -2011; 39; -2050; -2050
vtrace1; 293; 2519; 997; 2226; -936; -1229
vtrace1; -75; 315; -572; 390; -1037; -962
vtrace1; 0; 3230; 3230; 3230; 0; 0
vtrace1; -2331; -263; 376; 2068; -4023; -1692
vtrace1; 1836; 5013; 4235; 3177; 2894; 1058
vtrace1; -1; 0; -1358; 1; -1360; -1359
vtrace1; -330; 2874; 3008; 3204; -526; -196
vtrace1; 1; 2; -2746; 1; -2746; -2747
vtrace1; 2245; 2245; -2258; 0; -13; -2258
vtrace1; -1113; 1045; 1045; 2158; -2226; -1113
vtrace1; 21; 36; -1399; 15; -1393; -1414
vtrace1; 2074; 4148; -118; 2074; -118; -2192
vtrace1; 289; 288; -2224; -1; -1934; -2223
vtrace1; -1449; 1723; 3513; 3172; -1108; 341
vtrace1; -2920; -3107; -4564; -187; -7297; -4377
vtrace1; -10; -198; -608; -188; -430; -420
vtrace1; -4204; -1304; 815; 2900; -6289; -2085
vtrace1; 344; 2794; 3067; 2450; 961; 617
vtrace1; 2361; 3911; -376; 1550; 435; -1926
vtrace1; -1; 3177; 4162; 3178; 983; 984
vtrace1; 711; 3366; 3366; 2655; 1422; 711
vtrace1; 1; -1198; -4120; -1199; -2920; -2921
vtrace1; 1055; 2110; -1077; 1055; -1077; -2132
vtrace1; 3101; 6202; 1636; 3101; 1636; -1465
vtrace1; 1; 2257; -27; 2256; -2282; -2283
vtrace1; 213; 2359; -131; 2146; -2064; -2277
vtrace1; 251; -348; -1537; -599; -687; -938
vtrace1; 0; -648; -1350; -648; -702; -702
vtrace1; -1229; 3364; 6739; 4593; 917; 2146
vtrace1; -169; 2508; -415; 2677; -3261; -3092
vtrace1; -41; 5128; 4782; 5169; -428; -387
vtrace1; -120; 3075; 3522; 3195; 207; 327
vtrace1; 344; 2572; 1688; 2228; -196; -540
vtrace1; -173; 4236; 4236; 4409; -346; -173
vtrace1; 0; 563; 563; 563; 0; 0
vtrace1; -574; 1203; 1991; 1777; -360; 214
vtrace1; -27; 4066; 4132; 4093; 12; 39
vtrace1; 0; 604; 605; 604; 1; 1
vtrace1; 0; 604; 604; 604; 0; 0
vtrace1; -287; -53; -322; 234; -843; -556
vtrace1; -1066; 1080; -248; 2146; -3460; -2394
vtrace1; 293; 586; 293; 293; 293; 0
vtrace1; 20; 40; -53; 20; -53; -73
vtrace1; -9; 3; 3; 12; -18; -9
vtrace1; 1; 1; -78; 0; -77; -78
vtrace1; 2550; 2549; -3118; -1; -567; -3117
vtrace1; 304; 608; 304; 304; 304; 0
vtrace1; 1; 330; -39; 329; -367; -368
vtrace1; 2544; 3130; -3156; 586; -1198; -3742
vtrace1; 1058; 2116; -1074; 1058; -1074; -2132
vtrace1; 130; 765; 611; 635; 106; -24
vtrace1; -599; 3582; 1959; 4181; -2821; -2222
vtrace1; 3103; 3103; -3117; 0; -14; -3117
vtrace1; -1; 4637; 6140; 4638; 1501; 1502
vtrace1; 0; 0; -37; 0; -37; -37
vtrace1; -687; 698; 1385; 1385; -687; 0
vtrace1; -4266; -2718; -1834; 1548; -7648; -3382
vtrace1; 1444; 2587; -40; 1143; 261; -1183
vtrace1; -1; 1398; 40; 1399; -1360; -1359
vtrace1; 251; 1401; 1838; 1150; 939; 688
vtrace1; 603; 604; -2031; 1; -1429; -2032
vtrace1; 0; 0; -4140; 0; -4140; -4140
vtrace1; 139; 554; 415; 415; 139; 0
vtrace1; -1; 2780; -660; 2781; -3442; -3441
vtrace1; -1; 3; 3; 4; -2; -1
vtrace1; 596; 451; -2643; -145; -1902; -2498
vtrace1; 0; 2450; 4716; 2450; 2266; 2266
vtrace1; 0; 0; -1; 0; -1; -1
vtrace1; 329; 448; -3040; 119; -2830; -3159
vtrace1; -591; 579; 1171; 1170; -590; 1
vtrace1; 2786; 5572; 2785; 2786; 2785; -1
vtrace1; 279; 558; 279; 279; 279; 0
vtrace1; -1; 6; 6; 7; -2; -1
vtrace1; -1; 233; 48; 234; -187; -186
vtrace1; 0; 0; -6; 0; -6; -6
vtrace1; 2177; 2177; -2225; 0; -48; -2225
vtrace1; -794; 47; 842; 841; -793; 1
vtrace1; 21; 23; -1412; 2; -1393; -1414
vtrace1; 2964; 6593; 2438; 3629; 1773; -1191
vtrace1; 550; 2791; 1505; 2241; -186; -736
vtrace1; 2361; 4722; 2361; 2361; 2361; 0
vtrace1; 0; 279; -51; 279; -330; -330
vtrace1; 0; 4638; 4639; 4638; 1; 1
vtrace1; -312; 2580; 1666; 2892; -1538; -1226
vtrace1; 198; 785; 475; 587; 86; -112
vtrace1; 1; 2000; 2038; 1999; 40; 39
vtrace1; 397; 794; 148; 397; 148; -249
vtrace1; 0; 11; -54; 11; -65; -65
vtrace1; -1198; -2396; -7606; -1198; -7606; -6408
vtrace1; -391; -112; -284; 279; -954; -563
vtrace1; -61; -122; -634; -61; -634; -573
vtrace1; -478; -347; -3611; 131; -4220; -3742
vtrace1; 0; 2667; 81; 2667; -2586; -2586
vtrace1; 36; -1353; -3527; -1389; -2102; -2138
vtrace1; 221; 79; -2283; -142; -1920; -2141
vtrace1; -1611; 262; -4549; 1873; -8033; -6422
vtrace1; 0; 0; -19; 0; -19; -19
vtrace1; 348; 696; 348; 348; 348; 0
vtrace1; 1140; 3567; 2375; 2427; 1088; -52
vtrace1; 1; -1275; -3559; -1276; -2282; -2283
vtrace1; 34; 33; -2696; -1; -2661; -2695
vtrace1; 1579; 5654; 3879; 4075; 1383; -196
vtrace1; 1025; 2050; 934; 1025; 934; -91
vtrace1; 2436; 4672; -1139; 2236; -939; -3375
vtrace1; -2779; -1797; -3361; 982; -7122; -4343
vtrace1; 4410; 6604; -3154; 2194; -938; -5348
vtrace1; 604; 1597; 824; 993; 435; -169
vtrace1; -10; 2399; 3549; 2409; 1130; 1140
vtrace1; -785; -37; 127; 748; -1406; -621
vtrace1; 3122; 7530; 4407; 4408; 3121; -1
vtrace1; -57; 508; 694; 565; 72; 129
vtrace1; 0; 945; -23; 945; -968; -968
vtrace1; -72; 7390; 7558; 7462; 24; 96
vtrace1; 2264; 4712; 2449; 2448; 2265; 1
vtrace1; -1; 1237; -2026; 1238; -3265; -3264
vtrace1; 39; 1983; 1945; 1944; 40; 1
vtrace1; 161; -644; -2892; -805; -1926; -2087
vtrace1; 0; 1874; 1323; 1874; -551; -551
vtrace1; -749; 242; -576; 991; -2316; -1567
vtrace1; -170; 1578; 1578; 1748; -340; -170
vtrace1; 1213; 2570; 134; 1357; -10; -1223
vtrace1; -432; -431; -937; 1; -1370; -938
vtrace1; -2257; -2258; -2547; -1; -4803; -2546
vtrace1; 0; 264; -1477; 264; -1741; -1741
vtrace1; -225; 2005; 1554; 2230; -901; -676
vtrace1; -2321; 4324; 5185; 6645; -3781; -1460
vtrace1; 1161; 4740; 3667; 3579; 1249; 88
vtrace1; 40; 2755; 2015; 2715; -660; -700
vtrace1; 499; 778; -507; 279; -287; -786
vtrace1; 0; -2; -711; -2; -709; -709
vtrace1; -24; -812; -2034; -788; -1270; -1246
vtrace1; 761; 1522; 720; 761; 720; -41
vtrace1; 1; 305; -757; 304; -1060; -1061
vtrace1; -61; 2018; 2826; 2079; 686; 747
vtrace1; -264; -528; -1756; -264; -1756; -1492
vtrace1; -1230; 12; 1242; 1242; -1230; 0
vtrace1; 20; 6; -75; -14; -41; -61
vtrace1; -1; 99; 100; 100; -1; 0
vtrace1; -824; -680; -1986; 144; -2954; -2130
vtrace1; -734; -733; -733; 1; -1468; -734
vtrace1; 3118; 3125; -4499; 7; -1388; -4506
vtrace1; -69; 460; 703; 529; 105; 174
vtrace1; 275; -275; -5048; -550; -4223; -4498
vtrace1; -106; 2629; 125; 2735; -2716; -2610
vtrace1; 41; 1191; -80; 1150; -1189; -1230
vtrace1; -65; 64; 64; 129; -130; -65
vtrace1; -444; 2602; 4686; 3046; 1196; 1640
vtrace1; 1; 1; -1; 0; 0; -1
vtrace1; -678; -659; -4185; 19; -4882; -4204
vtrace1; 2403; 6400; 5128; 3997; 3534; 1131
vtrace1; 3119; 6238; -1026; 3119; -1026; -4145
vtrace1; -1433; 64; 1497; 1497; -1433; 0
vtrace1; 3179; 6358; 3054; 3179; 3054; -125
vtrace1; 2; 2; -2; 0; 0; -2
vtrace1; 362; 3481; 3118; 3119; 361; -1
vtrace1; 0; 252; 65; 252; -187; -187
vtrace1; 718; 1257; -2108; 539; -1929; -2647
vtrace1; 0; 888; 110; 888; -778; -778
vtrace1; 1395; 2709; -2079; 1314; -1998; -3393
vtrace1; 2140; 4280; -1; 2140; -1; -2141
vtrace1; -39; 4372; 4165; 4411; -285; -246
vtrace1; 76; 405; -61; 329; -314; -390
vtrace1; 1084; 2168; 969; 1084; 969; -115
vtrace1; 24; 2385; -116; 2361; -2453; -2477
vtrace1; -1986; -2004; -2162; -18; -4130; -2144
vtrace1; -1; 746; 843; 747; 95; 96
vtrace1; -364; -1388; -4492; -1024; -3832; -3468
vtrace1; 1944; 6045; 4102; 4101; 1945; 1
vtrace1; 0; 344; 72; 344; -272; -272
vtrace1; 0; 1568; 712; 1568; -856; -856
vtrace1; -1043; 572; 1802; 1615; -856; 187
vtrace1; 3058; 5132; 389; 2074; 1373; -1685
vtrace1; 599; 687; -1295; 88; -784; -1383
vtrace1; 559; 3117; 2228; 2558; 229; -330
vtrace1; -2833; -657; 91; 2176; -4918; -2085
vtrace1; 96; 192; -91; 96; -91; -187
vtrace1; 394; 393; -4568; -1; -4173; -4567
vtrace1; -378; -756; -1792; -378; -1792; -1414
vtrace1; 4; 3; -41; -1; -36; -40
vtrace1; 254; 3075; 4518; 2821; 1951; 1697
vtrace1; -1038; 118; 1075; 1156; -1119; -81
vtrace1; -1; -1; -700; 0; -701; -700
vtrace1; -18; 3391; 782; 3409; -2645; -2627
vtrace1; 9; 1451; 1377; 1442; -56; -65
vtrace1; 0; 420; -1469; 420; -1889; -1889
vtrace1; -521; 83; 605; 604; -520; 1
vtrace1; -1; 4180; 4181; 4181; -1; 0
vtrace1; 0; -30; -2114; -30; -2084; -2084
vtrace1; -272; 29; -1861; 301; -2434; -2162
vtrace1; -396; 720; 1140; 1116; -372; 24
vtrace1; -2559; 1265; 4054; 3824; -2329; 230
vtrace1; 0; 3341; 3375; 3341; 34; 34
vtrace1; 307; 307; -1059; 0; -752; -1059
vtrace1; 2786; 5572; 2786; 2786; 2786; 0
vtrace1; 1; 604; -112; 603; -714; -715
vtrace1; -483; 4110; 4689; 4593; -387; 96
vtrace1; 131; 424; -1567; 293; -1729; -1860
vtrace1; 0; 593; -112; 593; -705; -705
vtrace1; -1; 2262; 3485; 2263; 1221; 1222
vtrace1; -1219; 1477; 2634; 2696; -1281; -62
vtrace1; 2557; 5115; 2398; 2558; 2397; -160
vtrace1; -2098; -1979; -3455; 119; -5672; -3574
vtrace1; -749; 242; -1327; 991; -3067; -2318
vtrace1; -3574; -1341; -1341; 2233; -7148; -3574
vtrace1; -2135; 624; 2890; 2759; -2004; 131
vtrace1; -1; -1942; -6067; -1941; -4127; -4126
vtrace1; 0; 371; -672; 371; -1043; -1043
vtrace1; 1; 0; -96; -1; -94; -95
vtrace1; -983; 335; 335; 1318; -1966; -983
vtrace1; -2477; -1012; -1012; 1465; -4954; -2477
vtrace1; 1; -2084; -4898; -2085; -2812; -2813
vtrace1; 586; 630; -2007; 44; -1465; -2051
vtrace1; 749; 749; -849; 0; -100; -849
vtrace1; 1; 187; -126; 186; -311; -312
vtrace1; -2854; -2603; -2603; 251; -5708; -2854
vtrace1; 44; 163; 59; 119; -16; -60
vtrace1; 408; 1319; 911; 911; 408; 0
vtrace1; -1059; -1030; -1030; 29; -2118; -1059
vtrace1; -147; -294; -3221; -147; -3221; -3074
vtrace1; -1; -1; -2129; 0; -2130; -2129
vtrace1; 0; 307; -83; 307; -390; -390
vtrace1; 0; -346; -4865; -346; -4519; -4519
vtrace1; -1360; 1390; 2812; 2750; -1298; 62
vtrace1; -192; -384; -3266; -192; -3266; -3074
vtrace1; 1058; 2116; 1057; 1058; 1057; -1
vtrace1; 0; -679; -1498; -679; -819; -819
vtrace1; 0; 700; 706; 700; 6; 6
vtrace1; -1; 2127; 2139; 2128; 10; 11
vtrace1; 1; 750; 749; 749; 1; 0
vtrace1; -27; -27; -2133; 0; -2160; -2133
vtrace1; 0; -681; -1500; -681; -819; -819
vtrace1; -1; 2826; 2826; 2827; -2; -1
vtrace1; 119; 1653; 678; 1534; -737; -856
vtrace1; 1800; 4105; 2304; 2305; 1799; -1
vtrace1; 3; 711; 711; 708; 6; 3
vtrace1; 0; -676; -1501; -676; -825; -825
vtrace1; -392; 994; 1213; 1386; -565; -173
vtrace1; 1; 712; 711; 711; 1; 0
vtrace1; 0; 755; 755; 755; 0; 0
vtrace1; -148; 1796; 240; 1944; -1852; -1704
vtrace1; -1216; 1439; 2655; 2655; -1216; 0
vtrace1; -707; 275; 846; 982; -843; -136
vtrace1; 0; 714; 714; 714; 0; 0
vtrace1; 2079; 6649; 6875; 4570; 4384; 2305
vtrace1; 2096; 7265; 4126; 5169; 1053; -1043
vtrace1; -577; 1594; 2727; 2171; -21; 556
vtrace1; -2132; -64; -64; 2068; -4264; -2132
vtrace1; -2132; -63; -63; 2069; -4264; -2132
vtrace1; -323; 2855; 1131; 3178; -2370; -2047
vtrace1; -1670; -2294; -3873; -624; -4919; -3249
vtrace1; 2780; 5560; 2780; 2780; 2780; 0
vtrace1; 2074; 9527; 9527; 7453; 4148; 2074
vtrace1; -2695; -206; -117; 2489; -5301; -2606
vtrace1; -1056; 2630; 293; 3686; -4449; -3393
vtrace1; 3179; 6358; 3178; 3179; 3178; -1
vtrace1; 1232; 4333; 3652; 3101; 1783; 551
vtrace1; 0; -676; -1515; -676; -839; -839
vtrace1; 248; 7701; 8730; 7453; 1525; 1277
vtrace1; 11; 300; -203; 289; -481; -492
vtrace1; 143; 1623; 624; 1480; -713; -856
vtrace1; 1; 3302; 765; 3301; -2535; -2536
vtrace1; 823; 2817; 1994; 1994; 823; 0
vtrace1; 696; 3001; 116; 2305; -1493; -2189
vtrace1; 0; -112; -2287; -112; -2175; -2175
vtrace1; 0; -6; -2071; -6; -2065; -2065
vtrace1; 154; 308; -308; 154; -308; -462
vtrace1; 0; -1152; -4896; -1152; -3744; -3744
vtrace1; -1144; -1106; -1106; 38; -2288; -1144
vtrace1; -162; 2209; -592; 2371; -3125; -2963
vtrace1; -2039; -2038; -2280; 1; -4320; -2281
vtrace1; 3400; 9028; 6915; 5628; 4687; 1287
vtrace1; -2130; 111; 2247; 2241; -2124; 6
vtrace1; 0; 2495; -799; 2495; -3294; -3294
vtrace1; 1084; 2168; 1083; 1084; 1083; -1
vtrace1; 0; 692; 692; 692; 0; 0
vtrace1; 0; 0; -205; 0; -205; -205
vtrace1; 0; 2194; 3473; 2194; 1279; 1279
vtrace1; 450; -1648; -5351; -2098; -2803; -3253
vtrace1; -1087; -1043; -1043; 44; -2174; -1087
vtrace1; -316; -315; -3311; 1; -3628; -3312
vtrace1; 102; 851; 749; 749; 102; 0
vtrace1; 15; 16; -184; 1; -170; -185
vtrace1; 0; 700; 701; 700; 1; 1
vtrace1; 1; -185; -3540; -186; -3353; -3354
vtrace1; 1451; 2063; -2281; 612; -1442; -2893
vtrace1; -795; -200; -4753; 595; -6143; -5348
vtrace1; 213; 3456; 3244; 3243; 214; 1
vtrace1; 274; 2420; -318; 2146; -2190; -2464
vtrace1; 2156; 4312; 60; 2156; 60; -2096
vtrace1; -1415; -1414; -2128; 1; -3544; -2129
vtrace1; -65; -64; -768; 1; -834; -769
vtrace1; 2157; 4314; 61; 2157; 61; -2096
vtrace1; -62; 1125; -1475; 1187; -2724; -2662
vtrace1; 1219; 1411; -1307; 192; -280; -1499
vtrace1; 1058; 2116; -1167; 1058; -1167; -2225
vtrace1; 0; 586; 837; 586; 251; 251
vtrace1; 0; 2865; -3547; 2865; -6412; -6412
vtrace1; -3; -145; -660; -142; -521; -518
vtrace1; -1; -727; -4930; -726; -4205; -4204
vtrace1; 596; 5874; 5660; 5278; 978; 382
vtrace1; 1440; 4175; 2063; 2735; 768; -672
vtrace1; -2004; -2004; -2290; 0; -4294; -2290
vtrace1; -694; -1388; -2108; -694; -2108; -1414
vtrace1; -856; -712; -712; 144; -1712; -856
vtrace1; -606; -351; -809; 255; -1670; -1064
vtrace1; 724; 2870; 820; 2146; -602; -1326
vtrace1; 1; -26; -2100; -27; -2072; -2073
vtrace1; -584; -291; -983; 293; -1860; -1276
vtrace1; 1272; 1280; -2133; 8; -869; -2141
vtrace1; 1; 454; -138; 453; -590; -591
vtrace1; -10; -718; -1430; -708; -732; -722
vtrace1; 1; 235; 114; 234; -119; -120
vtrace1; -856; -713; -713; 143; -1712; -856
vtrace1; -1; 2492; 4961; 2493; 2467; 2468
vtrace1; 1430; 1429; -2273; -1; -842; -2272
vtrace1; 864; 1651; 640; 787; 717; -147
vtrace1; -483; -387; -321; 96; -900; -417
vtrace1; 0; -94; -2192; -94; -2098; -2098
vtrace1; -856; 3; 275; 859; -1440; -584
vtrace1; 710; 1701; 119; 991; -162; -872
vtrace1; 329; 123; -1115; -206; -580; -909
vtrace1; -1; -2; -2132; -1; -2132; -2131
vtrace1; -1; -2; -2131; -1; -2131; -2130
vtrace1; -1424; -1424; -2055; 0; -3479; -2055
vtrace1; -611; 244; -200; 855; -1666; -1055
vtrace1; 2301; 4865; 2565; 2564; 2302; 1
vtrace1; 3104; 6208; 3104; 3104; 3104; 0
vtrace1; -785; -761; -4189; 24; -4998; -4213
vtrace1; -1; -171; -772; -170; -603; -602
vtrace1; 7483; 14966; 7009; 7483; 7009; -474
vtrace1; -715; 2920; 2920; 3635; -1430; -715
vtrace1; 498; 3073; 3073; 2575; 996; 498
vtrace1; 698; 1406; -132; 708; -142; -840
vtrace1; -778; 1321; 1661; 2099; -1216; -438
vtrace1; 0; 268; -1566; 268; -1834; -1834
vtrace1; -856; -691; -691; 165; -1712; -856
vtrace1; -181; 2010; 2984; 2191; 612; 793
vtrace1; 1; 2141; 2140; 2140; 1; 0
vtrace1; 0; 731; -202; 731; -933; -933
vtrace1; 0; 938; 57; 938; -881; -881
vtrace1; 0; 0; -1615; 0; -1615; -1615
vtrace1; -52; -104; -2138; -52; -2138; -2086
vtrace1; -1; 4185; 2212; 4186; -1975; -1974
vtrace1; -687; -1410; -2250; -723; -2214; -1527
vtrace1; 1; -1063; -2255; -1064; -1190; -1191
vtrace1; 1434; 2868; 673; 1434; 673; -761
vtrace1; 0; 478; 782; 478; 304; 304
vtrace1; -1; 300; -827; 301; -1129; -1128
vtrace1; 0; 3507; -892; 3507; -4399; -4399
vtrace1; 882; 4077; 650; 3195; -1663; -2545
vtrace1; -4; 273; -143; 277; -424; -420
vtrace1; -648; 3313; 4228; 3961; -381; 267
vtrace1; -590; -590; -944; 0; -1534; -944
vtrace1; -2663; 4793; 4793; 7456; -5326; -2663
vtrace1; 1443; 3301; 2138; 1858; 1723; 280
vtrace1; -1182; -1183; -3636; -1; -4817; -3635
vtrace1; 362; 361; -402; -1; -39; -401
vtrace1; -37; 150; 186; 187; -38; -1
vtrace1; 253; 382; -1106; 129; -982; -1235
vtrace1; 0; 0; -1623; 0; -1623; -1623
vtrace1; 3275; 6550; -1056; 3275; -1056; -4331
vtrace1; 3191; 6382; 3191; 3191; 3191; 0
vtrace1; -481; -460; -460; 21; -962; -481
vtrace1; -1768; 603; 2586; 2371; -1553; 215
vtrace1; 387; 386; -1184; -1; -796; -1183
vtrace1; -1; 292; -199; 293; -493; -492
vtrace1; 0; 203; 202; 203; -1; -1
vtrace1; -1232; -1017; -1017; 215; -2464; -1232
vtrace1; -1; 261; -200; 262; -463; -462
vtrace1; -2225; 96; 2321; 2321; -2225; 0
vtrace1; 2381; 2381; -2627; 0; -246; -2627
vtrace1; -518; 695; -1010; 1213; -2741; -2223
vtrace1; -1; 4637; 5646; 4638; 1007; 1008
vtrace1; -392; -391; -391; 1; -784; -392
vtrace1; 0; 2079; 2167; 2079; 88; 88
vtrace1; 1430; 3576; 2146; 2146; 1430; 0
vtrace1; 0; 4186; 6352; 4186; 2166; 2166
vtrace1; -2577; 1049; 1049; 3626; -5154; -2577
vtrace1; 39; -73; -5070; -112; -4919; -4958
vtrace1; -1688; 167; 1855; 1855; -1688; 0
vtrace1; -2020; -904; -904; 1116; -4040; -2020
vtrace1; 150; 150; -449; 0; -299; -449
vtrace1; -1; 106; -41; 107; -149; -148
vtrace1; -19; -698; -1498; -679; -838; -819
vtrace1; 168; 173; -1108; 5; -945; -1113
vtrace1; 1; 25; -238; 24; -261; -262
vtrace1; 0; -312; -923; -312; -611; -611
vtrace1; -76; -152; -783; -76; -783; -707
vtrace1; 1; 3534; 3544; 3533; 12; 11
vtrace1; -69; 451; -215; 520; -804; -735
vtrace1; 5; 2178; -181; 2173; -2349; -2354
vtrace1; 210; 670; 670; 460; 420; 210
vtrace1; 1314; 1248; -2241; -66; -861; -2175
vtrace1; -703; -559; -2230; 144; -3077; -2374
vtrace1; -2132; 2566; 2566; 4698; -4264; -2132
vtrace1; 0; 187; 186; 187; -1; -1
vtrace1; 14; 14; -3037; 0; -3023; -3037
vtrace1; 0; 0; -2984; 0; -2984; -2984
vtrace1; -1; 1159; 2257; 1160; 1096; 1097
vtrace1; -1190; -1217; -2391; -27; -3554; -2364
vtrace1; -856; 3556; 4412; 4412; -856; 0
vtrace1; 0; 871; 871; 871; 0; 0
vtrace1; -249; 498; 439; 747; -557; -308
vtrace1; -444; 2602; 4176; 3046; 686; 1130
vtrace1; 494; 1036; -2711; 542; -2759; -3253
vtrace1; -1226; -56; -1055; 1170; -3451; -2225
vtrace1; -682; 1878; 193; 2560; -3049; -2367
vtrace1; 2068; 4136; 1454; 2068; 1454; -614
vtrace1; 0; 2786; 5061; 2786; 2275; 2275
vtrace1; 1770; 3540; 1179; 1770; 1179; -591
vtrace1; -1845; 2355; 4199; 4200; -1846; -1
vtrace1; 264; 572; -1869; 308; -1913; -2177
vtrace1; 1028; 2715; 492; 1687; -167; -1195
vtrace1; 0; 1609; 1608; 1609; -1; -1
vtrace1; -2205; -1609; -2729; 596; -5530; -3325
vtrace1; 2578; 5156; -3721; 2578; -3721; -6299
vtrace1; -686; -1505; -3590; -819; -3457; -2771
vtrace1; 1872; 3594; -1477; 1722; -1327; -3199
vtrace1; 1; 0; -161; -1; -159; -160
vtrace1; 1501; 3667; -3004; 2166; -3669; -5170
vtrace1; 293; 547; -4530; 254; -4491; -4784
vtrace1; 604; 1351; -4160; 747; -4303; -4907
vtrace1; 0; 2327; 3494; 2327; 1167; 1167
vtrace1; 894; 4631; 2065; 3737; -778; -1672
vtrace1; -2354; 771; 2585; 3125; -2894; -540
vtrace1; -595; -596; -918; -1; -1512; -917
vtrace1; 0; 3421; 3672; 3421; 251; 251
vtrace1; -1; 595; 324; 596; -273; -272
vtrace1; -707; 398; 243; 1105; -1569; -862
vtrace1; 0; 1550; 816; 1550; -734; -734
vtrace1; 0; 0; -326; 0; -326; -326
vtrace1; -736; 1932; 2983; 2668; -421; 315
vtrace1; 0; 0; -2976; 0; -2976; -2976
vtrace1; -95; 3027; 3027; 3122; -190; -95
vtrace1; 16; 32; -365; 16; -365; -381
vtrace1; -670; 91; -193; 761; -1624; -954
vtrace1; -1326; -1314; -2376; 12; -3714; -2388
vtrace1; -686; 5184; 8441; 5870; 1885; 2571
vtrace1; -599; -1285; -5085; -686; -4998; -4399
vtrace1; -1229; -1063; -1063; 166; -2458; -1229
vtrace1; 1190; 6818; 2554; 5628; -1884; -3074
vtrace1; -609; -572; -4461; 37; -5107; -4498
vtrace1; 586; 524; -1518; -62; -870; -1456
vtrace1; -1227; 91; 91; 1318; -2454; -1227
vtrace1; -434; 932; 1366; 1366; -434; 0
vtrace1; -14; 265; 265; 279; -28; -14
vtrace1; -18; -1854; -4928; -1836; -3110; -3092
vtrace1; -1; 2263; 2387; 2264; 122; 123
vtrace1; -1229; -1026; -1026; 203; -2458; -1229
vtrace1; 230; -762; -5220; -992; -3998; -4228
vtrace1; 166; 684; 684; 518; 332; 166
vtrace1; -159; 296; 455; 455; -159; 0
vtrace1; -2819; -875; -2196; 1944; -6959; -4140
vtrace1; 574; -511; -4264; -1085; -2605; -3179
vtrace1; 11; 1641; 1593; 1630; -26; -37
vtrace1; 436; 872; 436; 436; 436; 0
vtrace1; 252; 2095; 2095; 1843; 504; 252
vtrace1; 1670; 1680; -1928; 10; -268; -1938
vtrace1; 0; 0; -4399; 0; -4399; -4399
vtrace1; 23; 573; -281; 550; -808; -831
vtrace1; 0; 0; -301; 0; -301; -301
vtrace1; -1223; 119; 119; 1342; -2446; -1223
vtrace1; 39; 2265; -981; 2226; -3168; -3207
vtrace1; 0; 0; -346; 0; -346; -346
vtrace1; 0; 304; 238; 304; -66; -66
vtrace1; 1272; 2544; 1076; 1272; 1076; -196
vtrace1; 0; 792; 792; 792; 0; 0
vtrace1; 564; 15; -6993; -549; -5880; -6444
vtrace1; -1; 221; -240; 222; -463; -462
vtrace1; 96; 2332; 2212; 2236; 72; -24
vtrace1; -1190; -1564; -2488; -374; -3304; -2114
vtrace1; 0; 536; 883; 536; 347; 347
vtrace1; 488; 631; -687; 143; -342; -830
vtrace1; -1229; -2290; -3750; -1061; -3918; -2689
vtrace1; -695; 785; 1623; 1480; -552; 143
vtrace1; 0; 1681; 800; 1681; -881; -881
vtrace1; 253; -492; -3209; -745; -2211; -2464
vtrace1; -37; 2134; -4241; 2171; -6449; -6412
vtrace1; 0; 4105; 6346; 4105; 2241; 2241
vtrace1; -731; 1630; 275; 2361; -2817; -2086
vtrace1; -1; 4411; 4411; 4412; -2; -1
vtrace1; -2132; -1576; -1576; 556; -4264; -2132
vtrace1; 0; 78; -5092; 78; -5170; -5170
vtrace1; 587; 2397; 2397; 1810; 1174; 587
vtrace1; -263; -526; -4640; -263; -4640; -4377
vtrace1; -2130; -1580; -1580; 550; -4260; -2130
vtrace1; -2130; -1579; -1579; 551; -4260; -2130
vtrace1; -2010; 1169; 1074; 3179; -4115; -2105
vtrace1; 1; 362; 255; 361; -105; -106
vtrace1; 157; 97; -1117; -60; -900; -1057
vtrace1; 0; 712; -961; 712; -1673; -1673
vtrace1; -330; -763; -1998; -433; -1895; -1565
vtrace1; -2129; -1542; -1542; 587; -4258; -2129
vtrace1; -1842; -1213; -1064; 629; -3535; -1693
vtrace1; -3423; -3341; -3666; 82; -7171; -3748
vtrace1; -2132; -1546; -1546; 586; -4264; -2132
vtrace1; 39; 2280; -966; 2241; -3168; -3207
vtrace1; -2832; -2831; -2831; 1; -5664; -2832
vtrace1; -1; 1811; 1568; 1812; -245; -244
vtrace1; -826; -826; -2279; 0; -3105; -2279
vtrace1; -1; 5064; 5066; 5065; 0; 1
vtrace1; -1243; 201; 1444; 1444; -1243; 0
vtrace1; 327; 3431; 3397; 3104; 620; 293
vtrace1; -390; 7063; 6077; 7453; -1766; -1376
vtrace1; 0; 394; 228; 394; -166; -166
vtrace1; -1725; -2026; -4712; -301; -6136; -4411
vtrace1; 88; 1288; 884; 1200; -228; -316
vtrace1; -1; 2255; -187; 2256; -2444; -2443
vtrace1; 1; -315; -977; -316; -660; -661
vtrace1; 8; 2271; 2271; 2263; 16; 8
vtrace1; 905; 3018; 29; 2113; -1179; -2084
vtrace1; 0; 2236; 2236; 2236; 0; 0
vtrace1; 0; -1326; -3714; -1326; -2388; -2388
vtrace1; -1; 185; -915; 186; -1102; -1101
vtrace1; -1263; 86; -404; 1349; -3016; -1753
vtrace1; 277; 276; -620; -1; -342; -619
vtrace1; 0; 78; -4441; 78; -4519; -4519
vtrace1; -433; -433; -2643; 0; -3076; -2643
vtrace1; 1; 326; 323; 325; -1; -2
vtrace1; 242; 484; -437; 242; -437; -679
vtrace1; 1; 2201; 2201; 2200; 2; 1
vtrace1; 2381; 4762; -30; 2381; -30; -2411
vtrace1; -1363; -1362; -6411; 1; -7775; -6412
vtrace1; -1; 370; 371; 371; -1; 0
vtrace1; 1212; 2454; -2903; 1242; -2933; -4145
vtrace1; -2175; -1588; -1588; 587; -4350; -2175
vtrace1; -1685; -596; 74; 1089; -2700; -1015
vtrace1; 1360; 3843; 2340; 2483; 1217; -143
vtrace1; 0; -389; -993; -389; -604; -604
vtrace1; -2429; -1114; -1295; 1315; -5039; -2610
vtrace1; -1; -1933; -8354; -1932; -6423; -6422
vtrace1; -1; 87; -291; 88; -380; -379
vtrace1; 2236; 4472; 61; 2236; 61; -2175
vtrace1; 856; 3283; 2936; 2427; 1365; 509
vtrace1; -2132; 1111; 1111; 3243; -4264; -2132
vtrace1; 144; 2279; 2179; 2135; 188; 44
vtrace1; 338; 591; -1939; 253; -1854; -2192
vtrace1; -50; 271; -911; 321; -1282; -1232
vtrace1; 0; 3626; 3626; 3626; 0; 0
vtrace1; 334; 185; -1295; -149; -812; -1146
vtrace1; -1016; -1188; -1398; -172; -2242; -1226
vtrace1; 460; 499; -1424; 39; -1003; -1463
vtrace1; -147; -339; -797; -192; -752; -605
vtrace1; -6; 305; 311; 311; -6; 0
vtrace1; -470; 1009; 1479; 1479; -470; 0
vtrace1; -147; -184; -840; -37; -950; -803
vtrace1; 1472; 4314; 2842; 2842; 1472; 0
vtrace1; -65; 221; 286; 286; -65; 0
vtrace1; -65; 2481; 479; 2546; -2132; -2067
vtrace1; -649; -398; -939; 251; -1839; -1190
vtrace1; 96; 2332; 2236; 2236; 96; 0
vtrace1; 896; 1027; -1953; 131; -1188; -2084
vtrace1; -1; 4422; 6519; 4423; 2095; 2096
vtrace1; -1; 310; 311; 311; -1; 0
vtrace1; -1; 3625; 7205; 3626; 3578; 3579
vtrace1; 669; 3960; 1008; 3291; -1614; -2283
vtrace1; 1342; 2699; -3020; 1357; -3035; -4377
vtrace1; 1; 545; 994; 544; 451; 450
vtrace1; 556; 772; -266; 216; 74; -482
vtrace1; 3179; 7593; 4689; 4414; 3454; 275
vtrace1; -1198; -1385; -2551; -187; -3562; -2364
vtrace1; -943; 2182; -737; 3125; -4805; -3862
vtrace1; 1; 0; -4412; -1; -4410; -4411
vtrace1; 0; 480; -338; 480; -818; -818
vtrace1; -366; 1780; 683; 2146; -1829; -1463
vtrace1; 7; 2165; 3788; 2158; 1637; 1630
vtrace1; 0; 276; 275; 276; -1; -1
vtrace1; 1; 1026; 997; 1025; -27; -28
vtrace1; -119; 190; -242; 309; -670; -551
vtrace1; -270; -170; -3377; 100; -3747; -3477
vtrace1; -2260; -589; -2835; 1671; -6766; -4506
vtrace1; 29; 2059; 2319; 2030; 318; 289
vtrace1; -4126; -3706; -3706; 420; -8252; -4126
vtrace1; -489; -113; 127; 376; -738; -249
vtrace1; -61; 388; 448; 449; -62; -1
vtrace1; 166; 170; -1173; 4; -1011; -1177
vtrace1; -37; 179; -266; 216; -519; -482
vtrace1; 0; 2418; 3822; 2418; 1404; 1404
vtrace1; 0; -169; -3804; -169; -3635; -3635
vtrace1; -1; 4100; 2397; 4101; -1705; -1704
vtrace1; -330; 1627; 1958; 1957; -329; 1
vtrace1; -417; -144; 107; 273; -583; -166
