vtrace1; I mc_i; I cp1_off; I MAXDATA
vtrace1; 1036; 0; 2002
vtrace1; 1037; 0; 2002
vtrace1; 1038; 0; 2002
vtrace1; 1039; 0; 2002
vtrace1; 1032; 0; 2002
vtrace1; 1033; 0; 2002
vtrace1; 1034; 0; 2002
vtrace1; 1035; 0; 2002
vtrace1; 1028; 0; 2002
vtrace1; 1029; 0; 2002
vtrace1; 1030; 0; 2002
vtrace1; 1031; 0; 2002
vtrace1; 1024; 0; 2002
vtrace1; 1025; 0; 2002
vtrace1; 1026; 0; 2002
vtrace1; 1027; 0; 2002
vtrace1; 1068; 0; 2002
vtrace1; 1069; 0; 2002
vtrace1; 1070; 0; 2002
vtrace1; 1071; 0; 2002
vtrace1; 1064; 0; 2002
vtrace1; 1065; 0; 2002
vtrace1; 1066; 0; 2002
vtrace1; 1067; 0; 2002
vtrace1; 1060; 0; 2002
vtrace1; 1061; 0; 2002
vtrace1; 1062; 0; 2002
vtrace1; 1063; 0; 2002
vtrace1; 1056; 0; 2002
vtrace1; 1057; 0; 2002
vtrace1; 1058; 0; 2002
vtrace1; 1059; 0; 2002
vtrace1; 1052; 0; 2002
vtrace1; 1053; 0; 2002
vtrace1; 1054; 0; 2002
vtrace1; 1055; 0; 2002
vtrace1; 1048; 0; 2002
vtrace1; 1049; 0; 2002
vtrace1; 1050; 0; 2002
vtrace1; 1051; 0; 2002
vtrace1; 1044; 0; 2002
vtrace1; 1045; 0; 2002
vtrace1; 1046; 0; 2002
vtrace1; 1047; 0; 2002
vtrace1; 1040; 0; 2002
vtrace1; 1041; 0; 2002
vtrace1; 1042; 0; 2002
vtrace1; 1043; 0; 2002
vtrace1; 1164; 0; 2002
vtrace1; 1165; 0; 2002
vtrace1; 1166; 0; 2002
vtrace1; 1167; 0; 2002
vtrace1; 1160; 0; 2002
vtrace1; 1161; 0; 2002
vtrace1; 1162; 0; 2002
vtrace1; 1163; 0; 2002
vtrace1; 1156; 0; 2002
vtrace1; 1157; 0; 2002
vtrace1; 1158; 0; 2002
vtrace1; 1159; 0; 2002
vtrace1; 1152; 0; 2002
vtrace1; 1153; 0; 2002
vtrace1; 1154; 0; 2002
vtrace1; 1155; 0; 2002
vtrace1; 1148; 0; 2002
vtrace1; 1149; 0; 2002
vtrace1; 1150; 0; 2002
vtrace1; 1151; 0; 2002
vtrace1; 1144; 0; 2002
vtrace1; 1145; 0; 2002
vtrace1; 1146; 0; 2002
vtrace1; 1147; 0; 2002
vtrace1; 1140; 0; 2002
vtrace1; 1141; 0; 2002
vtrace1; 1142; 0; 2002
vtrace1; 1143; 0; 2002
vtrace1; 1136; 0; 2002
vtrace1; 1137; 0; 2002
vtrace1; 1138; 0; 2002
vtrace1; 1139; 0; 2002
vtrace1; 1196; 0; 2002
vtrace1; 1197; 0; 2002
vtrace1; 1198; 0; 2002
vtrace1; 1199; 0; 2002
vtrace1; 1192; 0; 2002
vtrace1; 1193; 0; 2002
vtrace1; 1194; 0; 2002
vtrace1; 1195; 0; 2002
vtrace1; 1188; 0; 2002
vtrace1; 1189; 0; 2002
vtrace1; 1190; 0; 2002
vtrace1; 1191; 0; 2002
vtrace1; 1184; 0; 2002
vtrace1; 1185; 0; 2002
vtrace1; 1186; 0; 2002
vtrace1; 1187; 0; 2002
vtrace1; 1180; 0; 2002
vtrace1; 1181; 0; 2002
vtrace1; 1182; 0; 2002
vtrace1; 1183; 0; 2002
vtrace1; 1176; 0; 2002
vtrace1; 1177; 0; 2002
vtrace1; 1178; 0; 2002
vtrace1; 1179; 0; 2002
vtrace1; 1172; 0; 2002
vtrace1; 1173; 0; 2002
vtrace1; 1174; 0; 2002
vtrace1; 1175; 0; 2002
vtrace1; 1168; 0; 2002
vtrace1; 1169; 0; 2002
vtrace1; 1170; 0; 2002
vtrace1; 1171; 0; 2002
vtrace1; 1100; 0; 2002
vtrace1; 1101; 0; 2002
vtrace1; 1102; 0; 2002
vtrace1; 1103; 0; 2002
vtrace1; 1096; 0; 2002
vtrace1; 1097; 0; 2002
vtrace1; 1098; 0; 2002
vtrace1; 1099; 0; 2002
vtrace1; 1092; 0; 2002
vtrace1; 1093; 0; 2002
vtrace1; 1094; 0; 2002
vtrace1; 1095; 0; 2002
vtrace1; 1088; 0; 2002
vtrace1; 1089; 0; 2002
vtrace1; 1090; 0; 2002
vtrace1; 1091; 0; 2002
vtrace1; 1084; 0; 2002
vtrace1; 1085; 0; 2002
vtrace1; 1086; 0; 2002
vtrace1; 1087; 0; 2002
vtrace1; 1080; 0; 2002
vtrace1; 1081; 0; 2002
vtrace1; 1082; 0; 2002
vtrace1; 1083; 0; 2002
vtrace1; 1076; 0; 2002
vtrace1; 1077; 0; 2002
vtrace1; 1078; 0; 2002
vtrace1; 1079; 0; 2002
vtrace1; 1072; 0; 2002
vtrace1; 1073; 0; 2002
vtrace1; 1074; 0; 2002
vtrace1; 1075; 0; 2002
vtrace1; 1132; 0; 2002
vtrace1; 1133; 0; 2002
vtrace1; 1134; 0; 2002
vtrace1; 1135; 0; 2002
vtrace1; 1128; 0; 2002
vtrace1; 1129; 0; 2002
vtrace1; 1130; 0; 2002
vtrace1; 1131; 0; 2002
vtrace1; 1124; 0; 2002
vtrace1; 1125; 0; 2002
vtrace1; 1126; 0; 2002
vtrace1; 1127; 0; 2002
vtrace1; 1120; 0; 2002
vtrace1; 1121; 0; 2002
vtrace1; 1122; 0; 2002
vtrace1; 1123; 0; 2002
vtrace1; 1116; 0; 2002
vtrace1; 1117; 0; 2002
vtrace1; 1118; 0; 2002
vtrace1; 1119; 0; 2002
vtrace1; 1112; 0; 2002
vtrace1; 1113; 0; 2002
vtrace1; 1114; 0; 2002
vtrace1; 1115; 0; 2002
vtrace1; 1108; 0; 2002
vtrace1; 1109; 0; 2002
vtrace1; 1110; 0; 2002
vtrace1; 1111; 0; 2002
vtrace1; 1104; 0; 2002
vtrace1; 1105; 0; 2002
vtrace1; 1106; 0; 2002
vtrace1; 1107; 0; 2002
vtrace1; 1292; 0; 2002
vtrace1; 1293; 0; 2002
vtrace1; 1294; 0; 2002
vtrace1; 1295; 0; 2002
vtrace1; 1288; 0; 2002
vtrace1; 1289; 0; 2002
vtrace1; 1290; 0; 2002
vtrace1; 1291; 0; 2002
vtrace1; 1284; 0; 2002
vtrace1; 1285; 0; 2002
vtrace1; 1286; 0; 2002
vtrace1; 1287; 0; 2002
vtrace1; 1280; 0; 2002
vtrace1; 1281; 0; 2002
vtrace1; 1282; 0; 2002
vtrace1; 1283; 0; 2002
vtrace1; 1276; 0; 2002
vtrace1; 1277; 0; 2002
vtrace1; 1278; 0; 2002
vtrace1; 1279; 0; 2002
vtrace1; 1272; 0; 2002
vtrace1; 1273; 0; 2002
vtrace1; 1274; 0; 2002
vtrace1; 1275; 0; 2002
vtrace1; 1268; 0; 2002
vtrace1; 1269; 0; 2002
vtrace1; 1270; 0; 2002
vtrace1; 1271; 0; 2002
vtrace1; 1264; 0; 2002
vtrace1; 1265; 0; 2002
vtrace1; 1266; 0; 2002
vtrace1; 1267; 0; 2002
vtrace1; 1324; 0; 2002
vtrace1; 1325; 0; 2002
vtrace1; 1326; 0; 2002
vtrace1; 1327; 0; 2002
vtrace1; 1320; 0; 2002
vtrace1; 1321; 0; 2002
vtrace1; 1322; 0; 2002
vtrace1; 1323; 0; 2002
vtrace1; 1316; 0; 2002
vtrace1; 1317; 0; 2002
vtrace1; 1318; 0; 2002
vtrace1; 1319; 0; 2002
vtrace1; 1312; 0; 2002
vtrace1; 1313; 0; 2002
vtrace1; 1314; 0; 2002
vtrace1; 1315; 0; 2002
vtrace1; 1308; 0; 2002
vtrace1; 1309; 0; 2002
vtrace1; 1310; 0; 2002
vtrace1; 1311; 0; 2002
vtrace1; 1304; 0; 2002
vtrace1; 1305; 0; 2002
vtrace1; 1306; 0; 2002
vtrace1; 1307; 0; 2002
vtrace1; 1300; 0; 2002
vtrace1; 1301; 0; 2002
vtrace1; 1302; 0; 2002
vtrace1; 1303; 0; 2002
vtrace1; 1296; 0; 2002
vtrace1; 1297; 0; 2002
vtrace1; 1298; 0; 2002
vtrace1; 1299; 0; 2002
vtrace1; 1228; 0; 2002
vtrace1; 1229; 0; 2002
vtrace1; 1230; 0; 2002
vtrace1; 1231; 0; 2002
vtrace1; 1224; 0; 2002
vtrace1; 1225; 0; 2002
vtrace1; 1226; 0; 2002
vtrace1; 1227; 0; 2002
vtrace1; 1220; 0; 2002
vtrace1; 1221; 0; 2002
vtrace1; 1222; 0; 2002
vtrace1; 1223; 0; 2002
vtrace1; 1216; 0; 2002
vtrace1; 1217; 0; 2002
vtrace1; 1218; 0; 2002
vtrace1; 1219; 0; 2002
vtrace1; 1212; 0; 2002
vtrace1; 1213; 0; 2002
vtrace1; 1214; 0; 2002
vtrace1; 1215; 0; 2002
vtrace1; 1208; 0; 2002
vtrace1; 1209; 0; 2002
vtrace1; 1210; 0; 2002
vtrace1; 1211; 0; 2002
vtrace1; 1204; 0; 2002
vtrace1; 1205; 0; 2002
vtrace1; 1206; 0; 2002
vtrace1; 1207; 0; 2002
vtrace1; 1200; 0; 2002
vtrace1; 1201; 0; 2002
vtrace1; 1202; 0; 2002
vtrace1; 1203; 0; 2002
vtrace1; 1260; 0; 2002
vtrace1; 1261; 0; 2002
vtrace1; 1262; 0; 2002
vtrace1; 1263; 0; 2002
vtrace1; 1256; 0; 2002
vtrace1; 1257; 0; 2002
vtrace1; 1258; 0; 2002
vtrace1; 1259; 0; 2002
vtrace1; 1252; 0; 2002
vtrace1; 1253; 0; 2002
vtrace1; 1254; 0; 2002
vtrace1; 1255; 0; 2002
vtrace1; 1248; 0; 2002
vtrace1; 1249; 0; 2002
vtrace1; 1250; 0; 2002
vtrace1; 1251; 0; 2002
vtrace1; 1244; 0; 2002
vtrace1; 1245; 0; 2002
vtrace1; 1246; 0; 2002
vtrace1; 1247; 0; 2002
vtrace1; 1240; 0; 2002
vtrace1; 1241; 0; 2002
vtrace1; 1242; 0; 2002
vtrace1; 1243; 0; 2002
vtrace1; 1236; 0; 2002
vtrace1; 1237; 0; 2002
vtrace1; 1238; 0; 2002
vtrace1; 1239; 0; 2002
vtrace1; 1232; 0; 2002
vtrace1; 1233; 0; 2002
vtrace1; 1234; 0; 2002
vtrace1; 1235; 0; 2002
vtrace1; 1420; 0; 2002
vtrace1; 1421; 0; 2002
vtrace1; 1422; 0; 2002
vtrace1; 1423; 0; 2002
vtrace1; 1416; 0; 2002
vtrace1; 1417; 0; 2002
vtrace1; 1418; 0; 2002
vtrace1; 1419; 0; 2002
vtrace1; 1412; 0; 2002
vtrace1; 1413; 0; 2002
vtrace1; 1414; 0; 2002
vtrace1; 1415; 0; 2002
vtrace1; 1408; 0; 2002
vtrace1; 1409; 0; 2002
vtrace1; 1410; 0; 2002
vtrace1; 1411; 0; 2002
vtrace1; 1404; 0; 2002
vtrace1; 1405; 0; 2002
vtrace1; 1406; 0; 2002
vtrace1; 1407; 0; 2002
vtrace1; 1400; 0; 2002
vtrace1; 1401; 0; 2002
vtrace1; 1402; 0; 2002
vtrace1; 1403; 0; 2002
vtrace1; 1396; 0; 2002
vtrace1; 1397; 0; 2002
vtrace1; 1398; 0; 2002
vtrace1; 1399; 0; 2002
vtrace1; 1392; 0; 2002
vtrace1; 1393; 0; 2002
vtrace1; 1394; 0; 2002
vtrace1; 1395; 0; 2002
vtrace1; 1452; 0; 2002
vtrace1; 1453; 0; 2002
vtrace1; 1454; 0; 2002
vtrace1; 1455; 0; 2002
vtrace1; 1448; 0; 2002
vtrace1; 1449; 0; 2002
vtrace1; 1450; 0; 2002
vtrace1; 1451; 0; 2002
vtrace1; 1444; 0; 2002
vtrace1; 1445; 0; 2002
vtrace1; 1446; 0; 2002
vtrace1; 1447; 0; 2002
vtrace1; 1440; 0; 2002
vtrace1; 1441; 0; 2002
vtrace1; 1442; 0; 2002
vtrace1; 1443; 0; 2002
vtrace1; 1436; 0; 2002
vtrace1; 1437; 0; 2002
vtrace1; 1438; 0; 2002
vtrace1; 1439; 0; 2002
vtrace1; 1432; 0; 2002
vtrace1; 1433; 0; 2002
vtrace1; 1434; 0; 2002
vtrace1; 1435; 0; 2002
vtrace1; 1428; 0; 2002
vtrace1; 1429; 0; 2002
vtrace1; 1430; 0; 2002
vtrace1; 1431; 0; 2002
vtrace1; 1424; 0; 2002
vtrace1; 1425; 0; 2002
vtrace1; 1426; 0; 2002
vtrace1; 1427; 0; 2002
vtrace1; 1356; 0; 2002
vtrace1; 1357; 0; 2002
vtrace1; 1358; 0; 2002
vtrace1; 1359; 0; 2002
vtrace1; 1352; 0; 2002
vtrace1; 1353; 0; 2002
vtrace1; 1354; 0; 2002
vtrace1; 1355; 0; 2002
vtrace1; 1348; 0; 2002
vtrace1; 1349; 0; 2002
vtrace1; 1350; 0; 2002
vtrace1; 1351; 0; 2002
vtrace1; 1344; 0; 2002
vtrace1; 1345; 0; 2002
vtrace1; 1346; 0; 2002
vtrace1; 1347; 0; 2002
vtrace1; 1340; 0; 2002
vtrace1; 1341; 0; 2002
vtrace1; 1342; 0; 2002
vtrace1; 1343; 0; 2002
vtrace1; 1336; 0; 2002
vtrace1; 1337; 0; 2002
vtrace1; 1338; 0; 2002
vtrace1; 1339; 0; 2002
vtrace1; 1332; 0; 2002
vtrace1; 1333; 0; 2002
vtrace1; 1334; 0; 2002
vtrace1; 1335; 0; 2002
vtrace1; 1328; 0; 2002
vtrace1; 1329; 0; 2002
vtrace1; 1330; 0; 2002
vtrace1; 1331; 0; 2002
vtrace1; 1388; 0; 2002
vtrace1; 1389; 0; 2002
vtrace1; 1390; 0; 2002
vtrace1; 1391; 0; 2002
vtrace1; 1384; 0; 2002
vtrace1; 1385; 0; 2002
vtrace1; 1386; 0; 2002
vtrace1; 1387; 0; 2002
vtrace1; 1380; 0; 2002
vtrace1; 1381; 0; 2002
vtrace1; 1382; 0; 2002
vtrace1; 1383; 0; 2002
vtrace1; 1376; 0; 2002
vtrace1; 1377; 0; 2002
vtrace1; 1378; 0; 2002
vtrace1; 1379; 0; 2002
vtrace1; 1372; 0; 2002
vtrace1; 1373; 0; 2002
vtrace1; 1374; 0; 2002
vtrace1; 1375; 0; 2002
vtrace1; 1368; 0; 2002
vtrace1; 1369; 0; 2002
vtrace1; 1370; 0; 2002
vtrace1; 1371; 0; 2002
vtrace1; 1364; 0; 2002
vtrace1; 1365; 0; 2002
vtrace1; 1366; 0; 2002
vtrace1; 1367; 0; 2002
vtrace1; 1360; 0; 2002
vtrace1; 1361; 0; 2002
vtrace1; 1362; 0; 2002
vtrace1; 1363; 0; 2002
vtrace1; 1548; 0; 2002
vtrace1; 1549; 0; 2002
vtrace1; 1550; 0; 2002
vtrace1; 1551; 0; 2002
vtrace1; 1544; 0; 2002
vtrace1; 1545; 0; 2002
vtrace1; 1546; 0; 2002
vtrace1; 1547; 0; 2002
vtrace1; 1540; 0; 2002
vtrace1; 1541; 0; 2002
vtrace1; 1542; 0; 2002
vtrace1; 1543; 0; 2002
vtrace1; 1536; 0; 2002
vtrace1; 1537; 0; 2002
vtrace1; 1538; 0; 2002
vtrace1; 1539; 0; 2002
vtrace1; 1532; 0; 2002
vtrace1; 1533; 0; 2002
vtrace1; 1534; 0; 2002
vtrace1; 1535; 0; 2002
vtrace1; 1528; 0; 2002
vtrace1; 1529; 0; 2002
vtrace1; 1530; 0; 2002
vtrace1; 1531; 0; 2002
vtrace1; 1524; 0; 2002
vtrace1; 1525; 0; 2002
vtrace1; 1526; 0; 2002
vtrace1; 1527; 0; 2002
vtrace1; 1520; 0; 2002
vtrace1; 1521; 0; 2002
vtrace1; 1522; 0; 2002
vtrace1; 1523; 0; 2002
vtrace1; 1580; 0; 2002
vtrace1; 1581; 0; 2002
vtrace1; 1582; 0; 2002
vtrace1; 1583; 0; 2002
vtrace1; 1576; 0; 2002
vtrace1; 1577; 0; 2002
vtrace1; 1578; 0; 2002
vtrace1; 1579; 0; 2002
vtrace1; 1572; 0; 2002
vtrace1; 1573; 0; 2002
vtrace1; 1574; 0; 2002
vtrace1; 1575; 0; 2002
vtrace1; 1568; 0; 2002
vtrace1; 1569; 0; 2002
vtrace1; 1570; 0; 2002
vtrace1; 1571; 0; 2002
vtrace1; 1564; 0; 2002
vtrace1; 1565; 0; 2002
vtrace1; 1566; 0; 2002
vtrace1; 1567; 0; 2002
vtrace1; 1560; 0; 2002
vtrace1; 1561; 0; 2002
vtrace1; 1562; 0; 2002
vtrace1; 1563; 0; 2002
vtrace1; 1556; 0; 2002
vtrace1; 1557; 0; 2002
vtrace1; 1558; 0; 2002
vtrace1; 1559; 0; 2002
vtrace1; 1552; 0; 2002
vtrace1; 1553; 0; 2002
vtrace1; 1554; 0; 2002
vtrace1; 1555; 0; 2002
vtrace1; 1484; 0; 2002
vtrace1; 1485; 0; 2002
vtrace1; 1486; 0; 2002
vtrace1; 1487; 0; 2002
vtrace1; 1480; 0; 2002
vtrace1; 1481; 0; 2002
vtrace1; 1482; 0; 2002
vtrace1; 1483; 0; 2002
vtrace1; 1476; 0; 2002
vtrace1; 1477; 0; 2002
vtrace1; 1478; 0; 2002
vtrace1; 1479; 0; 2002
vtrace1; 1472; 0; 2002
vtrace1; 1473; 0; 2002
vtrace1; 1474; 0; 2002
vtrace1; 1475; 0; 2002
vtrace1; 1468; 0; 2002
vtrace1; 1469; 0; 2002
vtrace1; 1470; 0; 2002
vtrace1; 1471; 0; 2002
vtrace1; 1464; 0; 2002
vtrace1; 1465; 0; 2002
vtrace1; 1466; 0; 2002
vtrace1; 1467; 0; 2002
vtrace1; 1460; 0; 2002
vtrace1; 1461; 0; 2002
vtrace1; 1462; 0; 2002
vtrace1; 1463; 0; 2002
vtrace1; 1456; 0; 2002
vtrace1; 1457; 0; 2002
vtrace1; 1458; 0; 2002
vtrace1; 1459; 0; 2002
vtrace1; 1516; 0; 2002
vtrace1; 1517; 0; 2002
vtrace1; 1518; 0; 2002
vtrace1; 1519; 0; 2002
vtrace1; 1512; 0; 2002
vtrace1; 1513; 0; 2002
vtrace1; 1514; 0; 2002
vtrace1; 1515; 0; 2002
vtrace1; 1508; 0; 2002
vtrace1; 1509; 0; 2002
vtrace1; 1510; 0; 2002
vtrace1; 1511; 0; 2002
vtrace1; 1504; 0; 2002
vtrace1; 1505; 0; 2002
vtrace1; 1506; 0; 2002
vtrace1; 1507; 0; 2002
vtrace1; 1500; 0; 2002
vtrace1; 1501; 0; 2002
vtrace1; 1502; 0; 2002
vtrace1; 1503; 0; 2002
vtrace1; 1496; 0; 2002
vtrace1; 1497; 0; 2002
vtrace1; 1498; 0; 2002
vtrace1; 1499; 0; 2002
vtrace1; 1492; 0; 2002
vtrace1; 1493; 0; 2002
vtrace1; 1494; 0; 2002
vtrace1; 1495; 0; 2002
vtrace1; 1488; 0; 2002
vtrace1; 1489; 0; 2002
vtrace1; 1490; 0; 2002
vtrace1; 1491; 0; 2002
vtrace1; 1676; 0; 2002
vtrace1; 1677; 0; 2002
vtrace1; 1678; 0; 2002
vtrace1; 1679; 0; 2002
vtrace1; 1672; 0; 2002
vtrace1; 1673; 0; 2002
vtrace1; 1674; 0; 2002
vtrace1; 1675; 0; 2002
vtrace1; 1668; 0; 2002
vtrace1; 1669; 0; 2002
vtrace1; 1670; 0; 2002
vtrace1; 1671; 0; 2002
vtrace1; 1664; 0; 2002
vtrace1; 1665; 0; 2002
vtrace1; 1666; 0; 2002
vtrace1; 1667; 0; 2002
vtrace1; 1660; 0; 2002
vtrace1; 1661; 0; 2002
vtrace1; 1662; 0; 2002
vtrace1; 1663; 0; 2002
vtrace1; 1656; 0; 2002
vtrace1; 1657; 0; 2002
vtrace1; 1658; 0; 2002
vtrace1; 1659; 0; 2002
vtrace1; 1652; 0; 2002
vtrace1; 1653; 0; 2002
vtrace1; 1654; 0; 2002
vtrace1; 1655; 0; 2002
vtrace1; 1648; 0; 2002
vtrace1; 1649; 0; 2002
vtrace1; 1650; 0; 2002
vtrace1; 1651; 0; 2002
vtrace1; 1708; 0; 2002
vtrace1; 1709; 0; 2002
vtrace1; 1710; 0; 2002
vtrace1; 1711; 0; 2002
vtrace1; 1704; 0; 2002
vtrace1; 1705; 0; 2002
vtrace1; 1706; 0; 2002
vtrace1; 1707; 0; 2002
vtrace1; 1700; 0; 2002
vtrace1; 1701; 0; 2002
vtrace1; 1702; 0; 2002
vtrace1; 1703; 0; 2002
vtrace1; 1696; 0; 2002
vtrace1; 1697; 0; 2002
vtrace1; 1698; 0; 2002
vtrace1; 1699; 0; 2002
vtrace1; 1692; 0; 2002
vtrace1; 1693; 0; 2002
vtrace1; 1694; 0; 2002
vtrace1; 1695; 0; 2002
vtrace1; 1688; 0; 2002
vtrace1; 1689; 0; 2002
vtrace1; 1690; 0; 2002
vtrace1; 1691; 0; 2002
vtrace1; 1684; 0; 2002
vtrace1; 1685; 0; 2002
vtrace1; 1686; 0; 2002
vtrace1; 1687; 0; 2002
vtrace1; 1680; 0; 2002
vtrace1; 1681; 0; 2002
vtrace1; 1682; 0; 2002
vtrace1; 1683; 0; 2002
vtrace1; 1612; 0; 2002
vtrace1; 1613; 0; 2002
vtrace1; 1614; 0; 2002
vtrace1; 1615; 0; 2002
vtrace1; 1608; 0; 2002
vtrace1; 1609; 0; 2002
vtrace1; 1610; 0; 2002
vtrace1; 1611; 0; 2002
vtrace1; 1604; 0; 2002
vtrace1; 1605; 0; 2002
vtrace1; 1606; 0; 2002
vtrace1; 1607; 0; 2002
vtrace1; 1600; 0; 2002
vtrace1; 1601; 0; 2002
vtrace1; 1602; 0; 2002
vtrace1; 1603; 0; 2002
vtrace1; 1596; 0; 2002
vtrace1; 1597; 0; 2002
vtrace1; 1598; 0; 2002
vtrace1; 1599; 0; 2002
vtrace1; 1592; 0; 2002
vtrace1; 1593; 0; 2002
vtrace1; 1594; 0; 2002
vtrace1; 1595; 0; 2002
vtrace1; 1588; 0; 2002
vtrace1; 1589; 0; 2002
vtrace1; 1590; 0; 2002
vtrace1; 1591; 0; 2002
vtrace1; 1584; 0; 2002
vtrace1; 1585; 0; 2002
vtrace1; 1586; 0; 2002
vtrace1; 1587; 0; 2002
vtrace1; 1644; 0; 2002
vtrace1; 1645; 0; 2002
vtrace1; 1646; 0; 2002
vtrace1; 1647; 0; 2002
vtrace1; 1640; 0; 2002
vtrace1; 1641; 0; 2002
vtrace1; 1642; 0; 2002
vtrace1; 1643; 0; 2002
vtrace1; 1636; 0; 2002
vtrace1; 1637; 0; 2002
vtrace1; 1638; 0; 2002
vtrace1; 1639; 0; 2002
vtrace1; 1632; 0; 2002
vtrace1; 1633; 0; 2002
vtrace1; 1634; 0; 2002
vtrace1; 1635; 0; 2002
vtrace1; 1628; 0; 2002
vtrace1; 1629; 0; 2002
vtrace1; 1630; 0; 2002
vtrace1; 1631; 0; 2002
vtrace1; 1624; 0; 2002
vtrace1; 1625; 0; 2002
vtrace1; 1626; 0; 2002
vtrace1; 1627; 0; 2002
vtrace1; 1620; 0; 2002
vtrace1; 1621; 0; 2002
vtrace1; 1622; 0; 2002
vtrace1; 1623; 0; 2002
vtrace1; 1616; 0; 2002
vtrace1; 1617; 0; 2002
vtrace1; 1618; 0; 2002
vtrace1; 1619; 0; 2002
vtrace1; 1115; 4594; 4594
vtrace1; 1114; 4594; 4594
vtrace1; 1117; 4594; 4594
vtrace1; 1116; 4594; 4594
vtrace1; 1111; 4594; 4594
vtrace1; 1110; 4594; 4594
vtrace1; 1113; 4594; 4594
vtrace1; 1112; 4594; 4594
vtrace1; 1107; 4594; 4594
vtrace1; 1106; 4594; 4594
vtrace1; 1109; 4594; 4594
vtrace1; 1108; 4594; 4594
vtrace1; 1103; 4594; 4594
vtrace1; 1102; 4594; 4594
vtrace1; 1105; 4594; 4594
vtrace1; 1104; 4594; 4594
vtrace1; 1099; 4594; 4594
vtrace1; 1098; 4594; 4594
vtrace1; 1101; 4594; 4594
vtrace1; 1100; 4594; 4594
vtrace1; 1095; 4594; 4594
vtrace1; 1094; 4594; 4594
vtrace1; 1097; 4594; 4594
vtrace1; 1096; 4594; 4594
vtrace1; 1091; 4594; 4594
vtrace1; 1090; 4594; 4594
vtrace1; 1093; 4594; 4594
vtrace1; 1092; 4594; 4594
vtrace1; 1087; 4594; 4594
vtrace1; 1086; 4594; 4594
vtrace1; 1089; 4594; 4594
vtrace1; 1088; 4594; 4594
vtrace1; 1147; 4594; 4594
vtrace1; 1146; 4594; 4594
vtrace1; 1149; 4594; 4594
vtrace1; 1148; 4594; 4594
vtrace1; 1143; 4594; 4594
vtrace1; 1142; 4594; 4594
vtrace1; 1145; 4594; 4594
vtrace1; 1144; 4594; 4594
vtrace1; 1139; 4594; 4594
vtrace1; 1138; 4594; 4594
vtrace1; 1141; 4594; 4594
vtrace1; 1140; 4594; 4594
vtrace1; 1135; 4594; 4594
vtrace1; 1134; 4594; 4594
vtrace1; 1137; 4594; 4594
vtrace1; 1136; 4594; 4594
vtrace1; 1131; 4594; 4594
vtrace1; 1130; 4594; 4594
vtrace1; 1133; 4594; 4594
vtrace1; 1132; 4594; 4594
vtrace1; 1127; 4594; 4594
vtrace1; 1126; 4594; 4594
vtrace1; 1129; 4594; 4594
vtrace1; 1128; 4594; 4594
vtrace1; 1123; 4594; 4594
vtrace1; 1122; 4594; 4594
vtrace1; 1125; 4594; 4594
vtrace1; 1124; 4594; 4594
vtrace1; 1119; 4594; 4594
vtrace1; 1118; 4594; 4594
vtrace1; 1121; 4594; 4594
vtrace1; 1120; 4594; 4594
vtrace1; 1051; 4594; 4594
vtrace1; 1050; 4594; 4594
vtrace1; 1053; 4594; 4594
vtrace1; 1052; 4594; 4594
vtrace1; 1047; 4594; 4594
vtrace1; 1046; 4594; 4594
vtrace1; 1049; 4594; 4594
vtrace1; 1048; 4594; 4594
vtrace1; 1043; 4594; 4594
vtrace1; 1042; 4594; 4594
vtrace1; 1045; 4594; 4594
vtrace1; 1044; 4594; 4594
vtrace1; 1039; 4594; 4594
vtrace1; 1038; 4594; 4594
vtrace1; 1041; 4594; 4594
vtrace1; 1040; 4594; 4594
vtrace1; 1035; 4594; 4594
vtrace1; 1034; 4594; 4594
vtrace1; 1037; 4594; 4594
vtrace1; 1036; 4594; 4594
vtrace1; 1031; 4594; 4594
vtrace1; 1030; 4594; 4594
vtrace1; 1033; 4594; 4594
vtrace1; 1032; 4594; 4594
vtrace1; 1027; 4594; 4594
vtrace1; 1026; 4594; 4594
vtrace1; 1029; 4594; 4594
vtrace1; 1028; 4594; 4594
vtrace1; 1025; 4594; 4594
vtrace1; 1024; 4594; 4594
vtrace1; 1083; 4594; 4594
vtrace1; 1082; 4594; 4594
vtrace1; 1085; 4594; 4594
vtrace1; 1084; 4594; 4594
vtrace1; 1079; 4594; 4594
vtrace1; 1078; 4594; 4594
vtrace1; 1081; 4594; 4594
vtrace1; 1080; 4594; 4594
vtrace1; 1075; 4594; 4594
vtrace1; 1074; 4594; 4594
vtrace1; 1077; 4594; 4594
vtrace1; 1076; 4594; 4594
vtrace1; 1071; 4594; 4594
vtrace1; 1070; 4594; 4594
vtrace1; 1073; 4594; 4594
vtrace1; 1072; 4594; 4594
vtrace1; 1067; 4594; 4594
vtrace1; 1066; 4594; 4594
vtrace1; 1069; 4594; 4594
vtrace1; 1068; 4594; 4594
vtrace1; 1063; 4594; 4594
vtrace1; 1062; 4594; 4594
vtrace1; 1065; 4594; 4594
vtrace1; 1064; 4594; 4594
vtrace1; 1059; 4594; 4594
vtrace1; 1058; 4594; 4594
vtrace1; 1061; 4594; 4594
vtrace1; 1060; 4594; 4594
vtrace1; 1055; 4594; 4594
vtrace1; 1054; 4594; 4594
vtrace1; 1057; 4594; 4594
vtrace1; 1056; 4594; 4594
vtrace1; 1243; 4594; 4594
vtrace1; 1242; 4594; 4594
vtrace1; 1245; 4594; 4594
vtrace1; 1244; 4594; 4594
vtrace1; 1239; 4594; 4594
vtrace1; 1238; 4594; 4594
vtrace1; 1241; 4594; 4594
vtrace1; 1240; 4594; 4594
vtrace1; 1235; 4594; 4594
vtrace1; 1234; 4594; 4594
vtrace1; 1237; 4594; 4594
vtrace1; 1236; 4594; 4594
vtrace1; 1231; 4594; 4594
vtrace1; 1230; 4594; 4594
vtrace1; 1233; 4594; 4594
vtrace1; 1232; 4594; 4594
vtrace1; 1227; 4594; 4594
vtrace1; 1226; 4594; 4594
vtrace1; 1229; 4594; 4594
vtrace1; 1228; 4594; 4594
vtrace1; 1223; 4594; 4594
vtrace1; 1222; 4594; 4594
vtrace1; 1225; 4594; 4594
vtrace1; 1224; 4594; 4594
vtrace1; 1219; 4594; 4594
vtrace1; 1218; 4594; 4594
vtrace1; 1221; 4594; 4594
vtrace1; 1220; 4594; 4594
vtrace1; 1215; 4594; 4594
vtrace1; 1214; 4594; 4594
vtrace1; 1217; 4594; 4594
vtrace1; 1216; 4594; 4594
vtrace1; 1275; 4594; 4594
vtrace1; 1274; 4594; 4594
vtrace1; 1277; 4594; 4594
vtrace1; 1276; 4594; 4594
vtrace1; 1271; 4594; 4594
vtrace1; 1270; 4594; 4594
vtrace1; 1273; 4594; 4594
vtrace1; 1272; 4594; 4594
vtrace1; 1267; 4594; 4594
vtrace1; 1266; 4594; 4594
vtrace1; 1269; 4594; 4594
vtrace1; 1268; 4594; 4594
vtrace1; 1263; 4594; 4594
vtrace1; 1262; 4594; 4594
vtrace1; 1265; 4594; 4594
vtrace1; 1264; 4594; 4594
vtrace1; 1259; 4594; 4594
vtrace1; 1258; 4594; 4594
vtrace1; 1261; 4594; 4594
vtrace1; 1260; 4594; 4594
vtrace1; 1255; 4594; 4594
vtrace1; 1254; 4594; 4594
vtrace1; 1257; 4594; 4594
vtrace1; 1256; 4594; 4594
vtrace1; 1251; 4594; 4594
vtrace1; 1250; 4594; 4594
vtrace1; 1253; 4594; 4594
vtrace1; 1252; 4594; 4594
vtrace1; 1247; 4594; 4594
vtrace1; 1246; 4594; 4594
vtrace1; 1249; 4594; 4594
vtrace1; 1248; 4594; 4594
vtrace1; 1179; 4594; 4594
vtrace1; 1178; 4594; 4594
vtrace1; 1181; 4594; 4594
vtrace1; 1180; 4594; 4594
vtrace1; 1175; 4594; 4594
vtrace1; 1174; 4594; 4594
vtrace1; 1177; 4594; 4594
vtrace1; 1176; 4594; 4594
vtrace1; 1171; 4594; 4594
vtrace1; 1170; 4594; 4594
vtrace1; 1173; 4594; 4594
vtrace1; 1172; 4594; 4594
vtrace1; 1167; 4594; 4594
vtrace1; 1166; 4594; 4594
vtrace1; 1169; 4594; 4594
vtrace1; 1168; 4594; 4594
vtrace1; 1163; 4594; 4594
vtrace1; 1162; 4594; 4594
vtrace1; 1165; 4594; 4594
vtrace1; 1164; 4594; 4594
vtrace1; 1159; 4594; 4594
vtrace1; 1158; 4594; 4594
vtrace1; 1161; 4594; 4594
vtrace1; 1160; 4594; 4594
vtrace1; 1155; 4594; 4594
vtrace1; 1154; 4594; 4594
vtrace1; 1157; 4594; 4594
vtrace1; 1156; 4594; 4594
vtrace1; 1151; 4594; 4594
vtrace1; 1150; 4594; 4594
vtrace1; 1153; 4594; 4594
vtrace1; 1152; 4594; 4594
vtrace1; 1211; 4594; 4594
vtrace1; 1210; 4594; 4594
vtrace1; 1213; 4594; 4594
vtrace1; 1212; 4594; 4594
vtrace1; 1207; 4594; 4594
vtrace1; 1206; 4594; 4594
vtrace1; 1209; 4594; 4594
vtrace1; 1208; 4594; 4594
vtrace1; 1203; 4594; 4594
vtrace1; 1202; 4594; 4594
vtrace1; 1205; 4594; 4594
vtrace1; 1204; 4594; 4594
vtrace1; 1199; 4594; 4594
vtrace1; 1198; 4594; 4594
vtrace1; 1201; 4594; 4594
vtrace1; 1200; 4594; 4594
vtrace1; 1195; 4594; 4594
vtrace1; 1194; 4594; 4594
vtrace1; 1197; 4594; 4594
vtrace1; 1196; 4594; 4594
vtrace1; 1191; 4594; 4594
vtrace1; 1190; 4594; 4594
vtrace1; 1193; 4594; 4594
vtrace1; 1192; 4594; 4594
vtrace1; 1187; 4594; 4594
vtrace1; 1186; 4594; 4594
vtrace1; 1189; 4594; 4594
vtrace1; 1188; 4594; 4594
vtrace1; 1183; 4594; 4594
vtrace1; 1182; 4594; 4594
vtrace1; 1185; 4594; 4594
vtrace1; 1184; 4594; 4594
vtrace1; 1371; 4594; 4594
vtrace1; 1370; 4594; 4594
vtrace1; 1373; 4594; 4594
vtrace1; 1372; 4594; 4594
vtrace1; 1367; 4594; 4594
vtrace1; 1366; 4594; 4594
vtrace1; 1369; 4594; 4594
vtrace1; 1368; 4594; 4594
vtrace1; 1363; 4594; 4594
vtrace1; 1362; 4594; 4594
vtrace1; 1365; 4594; 4594
vtrace1; 1364; 4594; 4594
vtrace1; 1359; 4594; 4594
vtrace1; 1358; 4594; 4594
vtrace1; 1361; 4594; 4594
vtrace1; 1360; 4594; 4594
vtrace1; 1355; 4594; 4594
vtrace1; 1354; 4594; 4594
vtrace1; 1357; 4594; 4594
vtrace1; 1356; 4594; 4594
vtrace1; 1351; 4594; 4594
vtrace1; 1350; 4594; 4594
vtrace1; 1353; 4594; 4594
vtrace1; 1352; 4594; 4594
vtrace1; 1347; 4594; 4594
vtrace1; 1346; 4594; 4594
vtrace1; 1349; 4594; 4594
vtrace1; 1348; 4594; 4594
vtrace1; 1343; 4594; 4594
vtrace1; 1342; 4594; 4594
vtrace1; 1345; 4594; 4594
vtrace1; 1344; 4594; 4594
vtrace1; 1403; 4594; 4594
vtrace1; 1402; 4594; 4594
vtrace1; 1405; 4594; 4594
vtrace1; 1404; 4594; 4594
vtrace1; 1399; 4594; 4594
vtrace1; 1398; 4594; 4594
vtrace1; 1401; 4594; 4594
vtrace1; 1400; 4594; 4594
vtrace1; 1395; 4594; 4594
vtrace1; 1394; 4594; 4594
vtrace1; 1397; 4594; 4594
vtrace1; 1396; 4594; 4594
vtrace1; 1391; 4594; 4594
vtrace1; 1390; 4594; 4594
vtrace1; 1393; 4594; 4594
vtrace1; 1392; 4594; 4594
vtrace1; 1387; 4594; 4594
vtrace1; 1386; 4594; 4594
vtrace1; 1389; 4594; 4594
vtrace1; 1388; 4594; 4594
vtrace1; 1383; 4594; 4594
vtrace1; 1382; 4594; 4594
vtrace1; 1385; 4594; 4594
vtrace1; 1384; 4594; 4594
vtrace1; 1379; 4594; 4594
vtrace1; 1378; 4594; 4594
vtrace1; 1381; 4594; 4594
vtrace1; 1380; 4594; 4594
vtrace1; 1375; 4594; 4594
vtrace1; 1374; 4594; 4594
vtrace1; 1377; 4594; 4594
vtrace1; 1376; 4594; 4594
vtrace1; 1307; 4594; 4594
vtrace1; 1306; 4594; 4594
vtrace1; 1309; 4594; 4594
vtrace1; 1308; 4594; 4594
vtrace1; 1303; 4594; 4594
vtrace1; 1302; 4594; 4594
vtrace1; 1305; 4594; 4594
vtrace1; 1304; 4594; 4594
vtrace1; 1299; 4594; 4594
vtrace1; 1298; 4594; 4594
vtrace1; 1301; 4594; 4594
vtrace1; 1300; 4594; 4594
vtrace1; 1295; 4594; 4594
vtrace1; 1294; 4594; 4594
vtrace1; 1297; 4594; 4594
vtrace1; 1296; 4594; 4594
vtrace1; 1291; 4594; 4594
vtrace1; 1290; 4594; 4594
vtrace1; 1293; 4594; 4594
vtrace1; 1292; 4594; 4594
vtrace1; 1287; 4594; 4594
vtrace1; 1286; 4594; 4594
vtrace1; 1289; 4594; 4594
vtrace1; 1288; 4594; 4594
vtrace1; 1283; 4594; 4594
vtrace1; 1282; 4594; 4594
vtrace1; 1285; 4594; 4594
vtrace1; 1284; 4594; 4594
vtrace1; 1279; 4594; 4594
vtrace1; 1278; 4594; 4594
vtrace1; 1281; 4594; 4594
vtrace1; 1280; 4594; 4594
vtrace1; 1339; 4594; 4594
vtrace1; 1338; 4594; 4594
vtrace1; 1341; 4594; 4594
vtrace1; 1340; 4594; 4594
vtrace1; 1335; 4594; 4594
vtrace1; 1334; 4594; 4594
vtrace1; 1337; 4594; 4594
vtrace1; 1336; 4594; 4594
vtrace1; 1331; 4594; 4594
vtrace1; 1330; 4594; 4594
vtrace1; 1333; 4594; 4594
vtrace1; 1332; 4594; 4594
vtrace1; 1327; 4594; 4594
vtrace1; 1326; 4594; 4594
vtrace1; 1329; 4594; 4594
vtrace1; 1328; 4594; 4594
vtrace1; 1323; 4594; 4594
vtrace1; 1322; 4594; 4594
vtrace1; 1325; 4594; 4594
vtrace1; 1324; 4594; 4594
vtrace1; 1319; 4594; 4594
vtrace1; 1318; 4594; 4594
vtrace1; 1321; 4594; 4594
vtrace1; 1320; 4594; 4594
vtrace1; 1315; 4594; 4594
vtrace1; 1314; 4594; 4594
vtrace1; 1317; 4594; 4594
vtrace1; 1316; 4594; 4594
vtrace1; 1311; 4594; 4594
vtrace1; 1310; 4594; 4594
vtrace1; 1313; 4594; 4594
vtrace1; 1312; 4594; 4594
vtrace1; 1499; 4594; 4594
vtrace1; 1498; 4594; 4594
vtrace1; 1501; 4594; 4594
vtrace1; 1500; 4594; 4594
vtrace1; 1495; 4594; 4594
vtrace1; 1494; 4594; 4594
vtrace1; 1497; 4594; 4594
vtrace1; 1496; 4594; 4594
vtrace1; 1491; 4594; 4594
vtrace1; 1490; 4594; 4594
vtrace1; 1493; 4594; 4594
vtrace1; 1492; 4594; 4594
vtrace1; 1487; 4594; 4594
vtrace1; 1486; 4594; 4594
vtrace1; 1489; 4594; 4594
vtrace1; 1488; 4594; 4594
vtrace1; 1483; 4594; 4594
vtrace1; 1482; 4594; 4594
vtrace1; 1485; 4594; 4594
vtrace1; 1484; 4594; 4594
vtrace1; 1479; 4594; 4594
vtrace1; 1478; 4594; 4594
vtrace1; 1481; 4594; 4594
vtrace1; 1480; 4594; 4594
vtrace1; 1475; 4594; 4594
vtrace1; 1474; 4594; 4594
vtrace1; 1477; 4594; 4594
vtrace1; 1476; 4594; 4594
vtrace1; 1471; 4594; 4594
vtrace1; 1470; 4594; 4594
vtrace1; 1473; 4594; 4594
vtrace1; 1472; 4594; 4594
vtrace1; 1531; 4594; 4594
vtrace1; 1530; 4594; 4594
vtrace1; 1533; 4594; 4594
vtrace1; 1532; 4594; 4594
vtrace1; 1527; 4594; 4594
vtrace1; 1526; 4594; 4594
vtrace1; 1529; 4594; 4594
vtrace1; 1528; 4594; 4594
vtrace1; 1523; 4594; 4594
vtrace1; 1522; 4594; 4594
vtrace1; 1525; 4594; 4594
vtrace1; 1524; 4594; 4594
vtrace1; 1519; 4594; 4594
vtrace1; 1518; 4594; 4594
vtrace1; 1521; 4594; 4594
vtrace1; 1520; 4594; 4594
vtrace1; 1515; 4594; 4594
vtrace1; 1514; 4594; 4594
vtrace1; 1517; 4594; 4594
vtrace1; 1516; 4594; 4594
vtrace1; 1511; 4594; 4594
vtrace1; 1510; 4594; 4594
vtrace1; 1513; 4594; 4594
vtrace1; 1512; 4594; 4594
vtrace1; 1507; 4594; 4594
vtrace1; 1506; 4594; 4594
vtrace1; 1509; 4594; 4594
vtrace1; 1508; 4594; 4594
vtrace1; 1503; 4594; 4594
vtrace1; 1502; 4594; 4594
vtrace1; 1505; 4594; 4594
vtrace1; 1504; 4594; 4594
vtrace1; 1435; 4594; 4594
vtrace1; 1434; 4594; 4594
vtrace1; 1437; 4594; 4594
vtrace1; 1436; 4594; 4594
vtrace1; 1431; 4594; 4594
vtrace1; 1430; 4594; 4594
vtrace1; 1433; 4594; 4594
vtrace1; 1432; 4594; 4594
vtrace1; 1427; 4594; 4594
vtrace1; 1426; 4594; 4594
vtrace1; 1429; 4594; 4594
vtrace1; 1428; 4594; 4594
vtrace1; 1423; 4594; 4594
vtrace1; 1422; 4594; 4594
vtrace1; 1425; 4594; 4594
vtrace1; 1424; 4594; 4594
vtrace1; 1419; 4594; 4594
vtrace1; 1418; 4594; 4594
vtrace1; 1421; 4594; 4594
vtrace1; 1420; 4594; 4594
vtrace1; 1415; 4594; 4594
vtrace1; 1414; 4594; 4594
vtrace1; 1417; 4594; 4594
vtrace1; 1416; 4594; 4594
vtrace1; 1411; 4594; 4594
vtrace1; 1410; 4594; 4594
vtrace1; 1413; 4594; 4594
vtrace1; 1412; 4594; 4594
vtrace1; 1407; 4594; 4594
vtrace1; 1406; 4594; 4594
vtrace1; 1409; 4594; 4594
vtrace1; 1408; 4594; 4594
vtrace1; 1467; 4594; 4594
vtrace1; 1466; 4594; 4594
vtrace1; 1469; 4594; 4594
vtrace1; 1468; 4594; 4594
vtrace1; 1463; 4594; 4594
vtrace1; 1462; 4594; 4594
vtrace1; 1465; 4594; 4594
vtrace1; 1464; 4594; 4594
vtrace1; 1459; 4594; 4594
vtrace1; 1458; 4594; 4594
vtrace1; 1461; 4594; 4594
vtrace1; 1460; 4594; 4594
vtrace1; 1455; 4594; 4594
vtrace1; 1454; 4594; 4594
vtrace1; 1457; 4594; 4594
vtrace1; 1456; 4594; 4594
vtrace1; 1451; 4594; 4594
vtrace1; 1450; 4594; 4594
vtrace1; 1453; 4594; 4594
vtrace1; 1452; 4594; 4594
vtrace1; 1447; 4594; 4594
vtrace1; 1446; 4594; 4594
vtrace1; 1449; 4594; 4594
vtrace1; 1448; 4594; 4594
vtrace1; 1443; 4594; 4594
vtrace1; 1442; 4594; 4594
vtrace1; 1445; 4594; 4594
vtrace1; 1444; 4594; 4594
vtrace1; 1439; 4594; 4594
vtrace1; 1438; 4594; 4594
vtrace1; 1441; 4594; 4594
vtrace1; 1440; 4594; 4594
vtrace1; 1627; 4594; 4594
vtrace1; 1626; 4594; 4594
vtrace1; 1629; 4594; 4594
vtrace1; 1628; 4594; 4594
vtrace1; 1623; 4594; 4594
vtrace1; 1622; 4594; 4594
vtrace1; 1625; 4594; 4594
vtrace1; 1624; 4594; 4594
vtrace1; 1619; 4594; 4594
vtrace1; 1618; 4594; 4594
vtrace1; 1621; 4594; 4594
vtrace1; 1620; 4594; 4594
vtrace1; 1615; 4594; 4594
vtrace1; 1614; 4594; 4594
vtrace1; 1617; 4594; 4594
vtrace1; 1616; 4594; 4594
vtrace1; 1611; 4594; 4594
vtrace1; 1610; 4594; 4594
vtrace1; 1613; 4594; 4594
vtrace1; 1612; 4594; 4594
vtrace1; 1607; 4594; 4594
vtrace1; 1606; 4594; 4594
vtrace1; 1609; 4594; 4594
vtrace1; 1608; 4594; 4594
vtrace1; 1603; 4594; 4594
vtrace1; 1602; 4594; 4594
vtrace1; 1605; 4594; 4594
vtrace1; 1604; 4594; 4594
vtrace1; 1599; 4594; 4594
vtrace1; 1598; 4594; 4594
vtrace1; 1601; 4594; 4594
vtrace1; 1600; 4594; 4594
vtrace1; 1659; 4594; 4594
vtrace1; 1658; 4594; 4594
vtrace1; 1661; 4594; 4594
vtrace1; 1660; 4594; 4594
vtrace1; 1655; 4594; 4594
vtrace1; 1654; 4594; 4594
vtrace1; 1657; 4594; 4594
vtrace1; 1656; 4594; 4594
vtrace1; 1651; 4594; 4594
vtrace1; 1650; 4594; 4594
vtrace1; 1653; 4594; 4594
vtrace1; 1652; 4594; 4594
vtrace1; 1647; 4594; 4594
vtrace1; 1646; 4594; 4594
vtrace1; 1649; 4594; 4594
vtrace1; 1648; 4594; 4594
vtrace1; 1643; 4594; 4594
vtrace1; 1642; 4594; 4594
vtrace1; 1645; 4594; 4594
vtrace1; 1644; 4594; 4594
vtrace1; 1639; 4594; 4594
vtrace1; 1638; 4594; 4594
vtrace1; 1641; 4594; 4594
vtrace1; 1640; 4594; 4594
vtrace1; 1635; 4594; 4594
vtrace1; 1634; 4594; 4594
vtrace1; 1637; 4594; 4594
vtrace1; 1636; 4594; 4594
vtrace1; 1631; 4594; 4594
vtrace1; 1630; 4594; 4594
vtrace1; 1633; 4594; 4594
vtrace1; 1632; 4594; 4594
vtrace1; 1563; 4594; 4594
vtrace1; 1562; 4594; 4594
vtrace1; 1565; 4594; 4594
vtrace1; 1564; 4594; 4594
vtrace1; 1559; 4594; 4594
vtrace1; 1558; 4594; 4594
vtrace1; 1561; 4594; 4594
vtrace1; 1560; 4594; 4594
vtrace1; 1555; 4594; 4594
vtrace1; 1554; 4594; 4594
vtrace1; 1557; 4594; 4594
vtrace1; 1556; 4594; 4594
vtrace1; 1551; 4594; 4594
vtrace1; 1550; 4594; 4594
vtrace1; 1553; 4594; 4594
vtrace1; 1552; 4594; 4594
vtrace1; 1547; 4594; 4594
vtrace1; 1546; 4594; 4594
vtrace1; 1549; 4594; 4594
vtrace1; 1548; 4594; 4594
vtrace1; 1543; 4594; 4594
vtrace1; 1542; 4594; 4594
vtrace1; 1545; 4594; 4594
vtrace1; 1544; 4594; 4594
vtrace1; 1539; 4594; 4594
vtrace1; 1538; 4594; 4594
vtrace1; 1541; 4594; 4594
vtrace1; 1540; 4594; 4594
vtrace1; 1535; 4594; 4594
vtrace1; 1534; 4594; 4594
vtrace1; 1537; 4594; 4594
vtrace1; 1536; 4594; 4594
vtrace1; 1595; 4594; 4594
vtrace1; 1594; 4594; 4594
vtrace1; 1597; 4594; 4594
vtrace1; 1596; 4594; 4594
vtrace1; 1591; 4594; 4594
vtrace1; 1590; 4594; 4594
vtrace1; 1593; 4594; 4594
vtrace1; 1592; 4594; 4594
vtrace1; 1587; 4594; 4594
vtrace1; 1586; 4594; 4594
vtrace1; 1589; 4594; 4594
vtrace1; 1588; 4594; 4594
vtrace1; 1583; 4594; 4594
vtrace1; 1582; 4594; 4594
vtrace1; 1585; 4594; 4594
vtrace1; 1584; 4594; 4594
vtrace1; 1579; 4594; 4594
vtrace1; 1578; 4594; 4594
vtrace1; 1581; 4594; 4594
vtrace1; 1580; 4594; 4594
vtrace1; 1575; 4594; 4594
vtrace1; 1574; 4594; 4594
vtrace1; 1577; 4594; 4594
vtrace1; 1576; 4594; 4594
vtrace1; 1571; 4594; 4594
vtrace1; 1570; 4594; 4594
vtrace1; 1573; 4594; 4594
vtrace1; 1572; 4594; 4594
vtrace1; 1567; 4594; 4594
vtrace1; 1566; 4594; 4594
vtrace1; 1569; 4594; 4594
vtrace1; 1568; 4594; 4594
vtrace1; 1755; 4594; 4594
vtrace1; 1754; 4594; 4594
vtrace1; 1757; 4594; 4594
vtrace1; 1756; 4594; 4594
vtrace1; 1751; 4594; 4594
vtrace1; 1750; 4594; 4594
vtrace1; 1753; 4594; 4594
vtrace1; 1752; 4594; 4594
vtrace1; 1747; 4594; 4594
vtrace1; 1746; 4594; 4594
vtrace1; 1749; 4594; 4594
vtrace1; 1748; 4594; 4594
vtrace1; 1743; 4594; 4594
vtrace1; 1742; 4594; 4594
vtrace1; 1745; 4594; 4594
vtrace1; 1744; 4594; 4594
vtrace1; 1739; 4594; 4594
vtrace1; 1738; 4594; 4594
vtrace1; 1741; 4594; 4594
vtrace1; 1740; 4594; 4594
vtrace1; 1735; 4594; 4594
vtrace1; 1734; 4594; 4594
vtrace1; 1737; 4594; 4594
vtrace1; 1736; 4594; 4594
vtrace1; 1731; 4594; 4594
vtrace1; 1730; 4594; 4594
vtrace1; 1733; 4594; 4594
vtrace1; 1732; 4594; 4594
vtrace1; 1727; 4594; 4594
vtrace1; 1726; 4594; 4594
vtrace1; 1729; 4594; 4594
vtrace1; 1728; 4594; 4594
vtrace1; 1787; 4594; 4594
vtrace1; 1786; 4594; 4594
vtrace1; 1789; 4594; 4594
vtrace1; 1788; 4594; 4594
vtrace1; 1783; 4594; 4594
vtrace1; 1782; 4594; 4594
vtrace1; 1785; 4594; 4594
vtrace1; 1784; 4594; 4594
vtrace1; 1779; 4594; 4594
vtrace1; 1778; 4594; 4594
vtrace1; 1781; 4594; 4594
vtrace1; 1780; 4594; 4594
vtrace1; 1775; 4594; 4594
vtrace1; 1774; 4594; 4594
vtrace1; 1777; 4594; 4594
vtrace1; 1776; 4594; 4594
vtrace1; 1771; 4594; 4594
vtrace1; 1770; 4594; 4594
vtrace1; 1773; 4594; 4594
vtrace1; 1772; 4594; 4594
vtrace1; 1767; 4594; 4594
vtrace1; 1766; 4594; 4594
vtrace1; 1769; 4594; 4594
vtrace1; 1768; 4594; 4594
vtrace1; 1763; 4594; 4594
vtrace1; 1762; 4594; 4594
vtrace1; 1765; 4594; 4594
vtrace1; 1764; 4594; 4594
vtrace1; 1759; 4594; 4594
vtrace1; 1758; 4594; 4594
vtrace1; 1761; 4594; 4594
vtrace1; 1760; 4594; 4594
vtrace1; 1691; 4594; 4594
vtrace1; 1690; 4594; 4594
vtrace1; 1693; 4594; 4594
vtrace1; 1692; 4594; 4594
vtrace1; 1687; 4594; 4594
vtrace1; 1686; 4594; 4594
vtrace1; 1689; 4594; 4594
vtrace1; 1688; 4594; 4594
vtrace1; 1683; 4594; 4594
vtrace1; 1682; 4594; 4594
vtrace1; 1685; 4594; 4594
vtrace1; 1684; 4594; 4594
vtrace1; 1679; 4594; 4594
vtrace1; 1678; 4594; 4594
vtrace1; 1681; 4594; 4594
vtrace1; 1680; 4594; 4594
vtrace1; 1675; 4594; 4594
vtrace1; 1674; 4594; 4594
vtrace1; 1677; 4594; 4594
vtrace1; 1676; 4594; 4594
vtrace1; 1671; 4594; 4594
vtrace1; 1670; 4594; 4594
vtrace1; 1673; 4594; 4594
vtrace1; 1672; 4594; 4594
vtrace1; 1667; 4594; 4594
vtrace1; 1666; 4594; 4594
vtrace1; 1669; 4594; 4594
vtrace1; 1668; 4594; 4594
vtrace1; 1663; 4594; 4594
vtrace1; 1662; 4594; 4594
vtrace1; 1665; 4594; 4594
vtrace1; 1664; 4594; 4594
vtrace1; 1723; 4594; 4594
vtrace1; 1722; 4594; 4594
vtrace1; 1725; 4594; 4594
vtrace1; 1724; 4594; 4594
vtrace1; 1719; 4594; 4594
vtrace1; 1718; 4594; 4594
vtrace1; 1721; 4594; 4594
vtrace1; 1720; 4594; 4594
vtrace1; 1715; 4594; 4594
vtrace1; 1714; 4594; 4594
vtrace1; 1717; 4594; 4594
vtrace1; 1716; 4594; 4594
vtrace1; 1711; 4594; 4594
vtrace1; 1710; 4594; 4594
vtrace1; 1713; 4594; 4594
vtrace1; 1712; 4594; 4594
vtrace1; 1707; 4594; 4594
vtrace1; 1706; 4594; 4594
vtrace1; 1709; 4594; 4594
vtrace1; 1708; 4594; 4594
vtrace1; 1703; 4594; 4594
vtrace1; 1702; 4594; 4594
vtrace1; 1705; 4594; 4594
vtrace1; 1704; 4594; 4594
vtrace1; 1699; 4594; 4594
vtrace1; 1698; 4594; 4594
vtrace1; 1701; 4594; 4594
vtrace1; 1700; 4594; 4594
vtrace1; 1695; 4594; 4594
vtrace1; 1694; 4594; 4594
vtrace1; 1697; 4594; 4594
vtrace1; 1696; 4594; 4594
vtrace1; 502; 1253; 10136
vtrace1; 353; 5157; 5157
vtrace1; 501; 1253; 10136
vtrace1; 352; 5157; 5157
vtrace1; 504; 1253; 10136
vtrace1; 355; 5157; 5157
vtrace1; 503; 1253; 10136
vtrace1; 354; 5157; 5157
vtrace1; 498; 1253; 10136
vtrace1; 349; 5157; 5157
vtrace1; 497; 1253; 10136
vtrace1; 348; 5157; 5157
vtrace1; 500; 1253; 10136
vtrace1; 351; 5157; 5157
vtrace1; 499; 1253; 10136
vtrace1; 350; 5157; 5157
vtrace1; 494; 1253; 10136
vtrace1; 345; 5157; 5157
vtrace1; 493; 1253; 10136
vtrace1; 344; 5157; 5157
vtrace1; 496; 1253; 10136
vtrace1; 347; 5157; 5157
vtrace1; 495; 1253; 10136
vtrace1; 346; 5157; 5157
vtrace1; 490; 1253; 10136
vtrace1; 341; 5157; 5157
vtrace1; 489; 1253; 10136
vtrace1; 340; 5157; 5157
vtrace1; 492; 1253; 10136
vtrace1; 343; 5157; 5157
vtrace1; 491; 1253; 10136
vtrace1; 342; 5157; 5157
vtrace1; 486; 1253; 10136
vtrace1; 337; 5157; 5157
vtrace1; 485; 1253; 10136
vtrace1; 336; 5157; 5157
vtrace1; 488; 1253; 10136
vtrace1; 339; 5157; 5157
vtrace1; 487; 1253; 10136
vtrace1; 338; 5157; 5157
vtrace1; 482; 1253; 10136
vtrace1; 333; 5157; 5157
vtrace1; 481; 1253; 10136
vtrace1; 332; 5157; 5157
vtrace1; 484; 1253; 10136
vtrace1; 335; 5157; 5157
vtrace1; 483; 1253; 10136
vtrace1; 334; 5157; 5157
vtrace1; 478; 1253; 10136
vtrace1; 329; 5157; 5157
vtrace1; 477; 1253; 10136
vtrace1; 328; 5157; 5157
vtrace1; 480; 1253; 10136
vtrace1; 331; 5157; 5157
vtrace1; 479; 1253; 10136
vtrace1; 330; 5157; 5157
vtrace1; 474; 1253; 10136
vtrace1; 325; 5157; 5157
vtrace1; 473; 1253; 10136
vtrace1; 324; 5157; 5157
vtrace1; 476; 1253; 10136
vtrace1; 327; 5157; 5157
vtrace1; 475; 1253; 10136
vtrace1; 326; 5157; 5157
vtrace1; 534; 1253; 10136
vtrace1; 385; 5157; 5157
vtrace1; 533; 1253; 10136
vtrace1; 384; 5157; 5157
vtrace1; 536; 1253; 10136
vtrace1; 387; 5157; 5157
vtrace1; 535; 1253; 10136
vtrace1; 386; 5157; 5157
vtrace1; 530; 1253; 10136
vtrace1; 381; 5157; 5157
vtrace1; 529; 1253; 10136
vtrace1; 380; 5157; 5157
vtrace1; 532; 1253; 10136
vtrace1; 383; 5157; 5157
vtrace1; 531; 1253; 10136
vtrace1; 382; 5157; 5157
vtrace1; 526; 1253; 10136
vtrace1; 377; 5157; 5157
vtrace1; 525; 1253; 10136
vtrace1; 376; 5157; 5157
vtrace1; 528; 1253; 10136
vtrace1; 379; 5157; 5157
vtrace1; 527; 1253; 10136
vtrace1; 378; 5157; 5157
vtrace1; 522; 1253; 10136
vtrace1; 373; 5157; 5157
vtrace1; 521; 1253; 10136
vtrace1; 372; 5157; 5157
vtrace1; 524; 1253; 10136
vtrace1; 375; 5157; 5157
vtrace1; 523; 1253; 10136
vtrace1; 374; 5157; 5157
vtrace1; 518; 1253; 10136
vtrace1; 369; 5157; 5157
vtrace1; 517; 1253; 10136
vtrace1; 368; 5157; 5157
vtrace1; 520; 1253; 10136
vtrace1; 371; 5157; 5157
vtrace1; 519; 1253; 10136
vtrace1; 370; 5157; 5157
vtrace1; 514; 1253; 10136
vtrace1; 365; 5157; 5157
vtrace1; 513; 1253; 10136
vtrace1; 364; 5157; 5157
vtrace1; 516; 1253; 10136
vtrace1; 367; 5157; 5157
vtrace1; 515; 1253; 10136
vtrace1; 366; 5157; 5157
vtrace1; 510; 1253; 10136
vtrace1; 361; 5157; 5157
vtrace1; 509; 1253; 10136
vtrace1; 360; 5157; 5157
vtrace1; 512; 1253; 10136
vtrace1; 363; 5157; 5157
vtrace1; 511; 1253; 10136
vtrace1; 362; 5157; 5157
vtrace1; 506; 1253; 10136
vtrace1; 357; 5157; 5157
vtrace1; 505; 1253; 10136
vtrace1; 356; 5157; 5157
vtrace1; 508; 1253; 10136
vtrace1; 359; 5157; 5157
vtrace1; 507; 1253; 10136
vtrace1; 358; 5157; 5157
vtrace1; 438; 1253; 10136
vtrace1; 289; 5157; 5157
vtrace1; 437; 1253; 10136
vtrace1; 288; 5157; 5157
vtrace1; 440; 1253; 10136
vtrace1; 291; 5157; 5157
vtrace1; 439; 1253; 10136
vtrace1; 290; 5157; 5157
vtrace1; 434; 1253; 10136
vtrace1; 285; 5157; 5157
vtrace1; 433; 1253; 10136
vtrace1; 284; 5157; 5157
vtrace1; 436; 1253; 10136
vtrace1; 287; 5157; 5157
vtrace1; 435; 1253; 10136
vtrace1; 286; 5157; 5157
vtrace1; 430; 1253; 10136
vtrace1; 281; 5157; 5157
vtrace1; 429; 1253; 10136
vtrace1; 280; 5157; 5157
vtrace1; 432; 1253; 10136
vtrace1; 283; 5157; 5157
vtrace1; 431; 1253; 10136
vtrace1; 282; 5157; 5157
vtrace1; 426; 1253; 10136
vtrace1; 277; 5157; 5157
vtrace1; 425; 1253; 10136
vtrace1; 276; 5157; 5157
vtrace1; 428; 1253; 10136
vtrace1; 279; 5157; 5157
vtrace1; 427; 1253; 10136
vtrace1; 278; 5157; 5157
vtrace1; 422; 1253; 10136
vtrace1; 273; 5157; 5157
vtrace1; 421; 1253; 10136
vtrace1; 272; 5157; 5157
vtrace1; 424; 1253; 10136
vtrace1; 275; 5157; 5157
vtrace1; 423; 1253; 10136
vtrace1; 274; 5157; 5157
vtrace1; 418; 1253; 10136
vtrace1; 269; 5157; 5157
vtrace1; 417; 1253; 10136
vtrace1; 268; 5157; 5157
vtrace1; 420; 1253; 10136
vtrace1; 271; 5157; 5157
vtrace1; 419; 1253; 10136
vtrace1; 270; 5157; 5157
vtrace1; 414; 1253; 10136
vtrace1; 265; 5157; 5157
vtrace1; 413; 1253; 10136
vtrace1; 264; 5157; 5157
vtrace1; 416; 1253; 10136
vtrace1; 267; 5157; 5157
vtrace1; 415; 1253; 10136
vtrace1; 266; 5157; 5157
vtrace1; 410; 1253; 10136
vtrace1; 261; 5157; 5157
vtrace1; 409; 1253; 10136
vtrace1; 260; 5157; 5157
vtrace1; 412; 1253; 10136
vtrace1; 263; 5157; 5157
vtrace1; 411; 1253; 10136
vtrace1; 262; 5157; 5157
vtrace1; 470; 1253; 10136
vtrace1; 321; 5157; 5157
vtrace1; 469; 1253; 10136
vtrace1; 320; 5157; 5157
vtrace1; 472; 1253; 10136
vtrace1; 323; 5157; 5157
vtrace1; 471; 1253; 10136
vtrace1; 322; 5157; 5157
vtrace1; 466; 1253; 10136
vtrace1; 317; 5157; 5157
vtrace1; 465; 1253; 10136
vtrace1; 316; 5157; 5157
vtrace1; 468; 1253; 10136
vtrace1; 319; 5157; 5157
vtrace1; 467; 1253; 10136
vtrace1; 318; 5157; 5157
vtrace1; 462; 1253; 10136
vtrace1; 313; 5157; 5157
vtrace1; 461; 1253; 10136
vtrace1; 312; 5157; 5157
vtrace1; 464; 1253; 10136
vtrace1; 315; 5157; 5157
vtrace1; 463; 1253; 10136
vtrace1; 314; 5157; 5157
vtrace1; 458; 1253; 10136
vtrace1; 309; 5157; 5157
vtrace1; 457; 1253; 10136
vtrace1; 308; 5157; 5157
vtrace1; 460; 1253; 10136
vtrace1; 311; 5157; 5157
vtrace1; 459; 1253; 10136
vtrace1; 310; 5157; 5157
vtrace1; 454; 1253; 10136
vtrace1; 305; 5157; 5157
vtrace1; 453; 1253; 10136
vtrace1; 304; 5157; 5157
vtrace1; 456; 1253; 10136
vtrace1; 307; 5157; 5157
vtrace1; 455; 1253; 10136
vtrace1; 306; 5157; 5157
vtrace1; 450; 1253; 10136
vtrace1; 301; 5157; 5157
vtrace1; 449; 1253; 10136
vtrace1; 300; 5157; 5157
vtrace1; 452; 1253; 10136
vtrace1; 303; 5157; 5157
vtrace1; 451; 1253; 10136
vtrace1; 302; 5157; 5157
vtrace1; 446; 1253; 10136
vtrace1; 297; 5157; 5157
vtrace1; 445; 1253; 10136
vtrace1; 296; 5157; 5157
vtrace1; 448; 1253; 10136
vtrace1; 299; 5157; 5157
vtrace1; 447; 1253; 10136
vtrace1; 298; 5157; 5157
vtrace1; 442; 1253; 10136
vtrace1; 293; 5157; 5157
vtrace1; 441; 1253; 10136
vtrace1; 292; 5157; 5157
vtrace1; 444; 1253; 10136
vtrace1; 295; 5157; 5157
vtrace1; 443; 1253; 10136
vtrace1; 294; 5157; 5157
vtrace1; 630; 1253; 10136
vtrace1; 481; 5157; 5157
vtrace1; 629; 1253; 10136
vtrace1; 480; 5157; 5157
vtrace1; 632; 1253; 10136
vtrace1; 483; 5157; 5157
vtrace1; 631; 1253; 10136
vtrace1; 482; 5157; 5157
vtrace1; 626; 1253; 10136
vtrace1; 477; 5157; 5157
vtrace1; 625; 1253; 10136
vtrace1; 476; 5157; 5157
vtrace1; 628; 1253; 10136
vtrace1; 479; 5157; 5157
vtrace1; 627; 1253; 10136
vtrace1; 478; 5157; 5157
vtrace1; 622; 1253; 10136
vtrace1; 473; 5157; 5157
vtrace1; 621; 1253; 10136
vtrace1; 472; 5157; 5157
vtrace1; 624; 1253; 10136
vtrace1; 475; 5157; 5157
vtrace1; 623; 1253; 10136
vtrace1; 474; 5157; 5157
vtrace1; 618; 1253; 10136
vtrace1; 469; 5157; 5157
vtrace1; 617; 1253; 10136
vtrace1; 468; 5157; 5157
vtrace1; 620; 1253; 10136
vtrace1; 471; 5157; 5157
vtrace1; 619; 1253; 10136
vtrace1; 470; 5157; 5157
vtrace1; 614; 1253; 10136
vtrace1; 465; 5157; 5157
vtrace1; 613; 1253; 10136
vtrace1; 464; 5157; 5157
vtrace1; 616; 1253; 10136
vtrace1; 467; 5157; 5157
vtrace1; 615; 1253; 10136
vtrace1; 466; 5157; 5157
vtrace1; 610; 1253; 10136
vtrace1; 461; 5157; 5157
vtrace1; 609; 1253; 10136
vtrace1; 460; 5157; 5157
vtrace1; 612; 1253; 10136
vtrace1; 463; 5157; 5157
vtrace1; 611; 1253; 10136
vtrace1; 462; 5157; 5157
vtrace1; 606; 1253; 10136
vtrace1; 457; 5157; 5157
vtrace1; 605; 1253; 10136
vtrace1; 456; 5157; 5157
vtrace1; 608; 1253; 10136
vtrace1; 459; 5157; 5157
vtrace1; 607; 1253; 10136
vtrace1; 458; 5157; 5157
vtrace1; 602; 1253; 10136
vtrace1; 453; 5157; 5157
vtrace1; 601; 1253; 10136
vtrace1; 452; 5157; 5157
vtrace1; 604; 1253; 10136
vtrace1; 455; 5157; 5157
vtrace1; 603; 1253; 10136
vtrace1; 454; 5157; 5157
vtrace1; 662; 1253; 10136
vtrace1; 513; 5157; 5157
vtrace1; 661; 1253; 10136
vtrace1; 512; 5157; 5157
vtrace1; 664; 1253; 10136
vtrace1; 515; 5157; 5157
vtrace1; 663; 1253; 10136
vtrace1; 514; 5157; 5157
vtrace1; 658; 1253; 10136
vtrace1; 509; 5157; 5157
vtrace1; 657; 1253; 10136
vtrace1; 508; 5157; 5157
vtrace1; 660; 1253; 10136
vtrace1; 511; 5157; 5157
vtrace1; 659; 1253; 10136
vtrace1; 510; 5157; 5157
vtrace1; 654; 1253; 10136
vtrace1; 505; 5157; 5157
vtrace1; 653; 1253; 10136
vtrace1; 504; 5157; 5157
vtrace1; 656; 1253; 10136
vtrace1; 507; 5157; 5157
vtrace1; 655; 1253; 10136
vtrace1; 506; 5157; 5157
vtrace1; 650; 1253; 10136
vtrace1; 501; 5157; 5157
vtrace1; 649; 1253; 10136
vtrace1; 500; 5157; 5157
vtrace1; 652; 1253; 10136
vtrace1; 503; 5157; 5157
vtrace1; 651; 1253; 10136
vtrace1; 502; 5157; 5157
vtrace1; 646; 1253; 10136
vtrace1; 497; 5157; 5157
vtrace1; 645; 1253; 10136
vtrace1; 496; 5157; 5157
vtrace1; 648; 1253; 10136
vtrace1; 499; 5157; 5157
vtrace1; 647; 1253; 10136
vtrace1; 498; 5157; 5157
vtrace1; 642; 1253; 10136
vtrace1; 493; 5157; 5157
vtrace1; 641; 1253; 10136
vtrace1; 492; 5157; 5157
vtrace1; 644; 1253; 10136
vtrace1; 495; 5157; 5157
vtrace1; 643; 1253; 10136
vtrace1; 494; 5157; 5157
vtrace1; 638; 1253; 10136
vtrace1; 489; 5157; 5157
vtrace1; 637; 1253; 10136
vtrace1; 488; 5157; 5157
vtrace1; 640; 1253; 10136
vtrace1; 491; 5157; 5157
vtrace1; 639; 1253; 10136
vtrace1; 490; 5157; 5157
vtrace1; 634; 1253; 10136
vtrace1; 485; 5157; 5157
vtrace1; 633; 1253; 10136
vtrace1; 484; 5157; 5157
vtrace1; 636; 1253; 10136
vtrace1; 487; 5157; 5157
vtrace1; 635; 1253; 10136
vtrace1; 486; 5157; 5157
vtrace1; 566; 1253; 10136
vtrace1; 417; 5157; 5157
vtrace1; 565; 1253; 10136
vtrace1; 416; 5157; 5157
vtrace1; 568; 1253; 10136
vtrace1; 419; 5157; 5157
vtrace1; 567; 1253; 10136
vtrace1; 418; 5157; 5157
vtrace1; 562; 1253; 10136
vtrace1; 413; 5157; 5157
vtrace1; 561; 1253; 10136
vtrace1; 412; 5157; 5157
vtrace1; 564; 1253; 10136
vtrace1; 415; 5157; 5157
vtrace1; 563; 1253; 10136
vtrace1; 414; 5157; 5157
vtrace1; 558; 1253; 10136
vtrace1; 409; 5157; 5157
vtrace1; 557; 1253; 10136
vtrace1; 408; 5157; 5157
vtrace1; 560; 1253; 10136
vtrace1; 411; 5157; 5157
vtrace1; 559; 1253; 10136
vtrace1; 410; 5157; 5157
vtrace1; 554; 1253; 10136
vtrace1; 405; 5157; 5157
vtrace1; 553; 1253; 10136
vtrace1; 404; 5157; 5157
vtrace1; 556; 1253; 10136
vtrace1; 407; 5157; 5157
vtrace1; 555; 1253; 10136
vtrace1; 406; 5157; 5157
vtrace1; 550; 1253; 10136
vtrace1; 401; 5157; 5157
vtrace1; 549; 1253; 10136
vtrace1; 400; 5157; 5157
vtrace1; 552; 1253; 10136
vtrace1; 403; 5157; 5157
vtrace1; 551; 1253; 10136
vtrace1; 402; 5157; 5157
vtrace1; 546; 1253; 10136
vtrace1; 397; 5157; 5157
vtrace1; 545; 1253; 10136
vtrace1; 396; 5157; 5157
vtrace1; 548; 1253; 10136
vtrace1; 399; 5157; 5157
vtrace1; 547; 1253; 10136
vtrace1; 398; 5157; 5157
vtrace1; 542; 1253; 10136
vtrace1; 393; 5157; 5157
vtrace1; 541; 1253; 10136
vtrace1; 392; 5157; 5157
vtrace1; 544; 1253; 10136
vtrace1; 395; 5157; 5157
vtrace1; 543; 1253; 10136
vtrace1; 394; 5157; 5157
vtrace1; 538; 1253; 10136
vtrace1; 389; 5157; 5157
vtrace1; 537; 1253; 10136
vtrace1; 388; 5157; 5157
vtrace1; 540; 1253; 10136
vtrace1; 391; 5157; 5157
vtrace1; 539; 1253; 10136
vtrace1; 390; 5157; 5157
vtrace1; 598; 1253; 10136
vtrace1; 449; 5157; 5157
vtrace1; 597; 1253; 10136
vtrace1; 448; 5157; 5157
vtrace1; 600; 1253; 10136
vtrace1; 451; 5157; 5157
vtrace1; 599; 1253; 10136
vtrace1; 450; 5157; 5157
vtrace1; 594; 1253; 10136
vtrace1; 445; 5157; 5157
vtrace1; 593; 1253; 10136
vtrace1; 444; 5157; 5157
vtrace1; 596; 1253; 10136
vtrace1; 447; 5157; 5157
vtrace1; 595; 1253; 10136
vtrace1; 446; 5157; 5157
vtrace1; 590; 1253; 10136
vtrace1; 441; 5157; 5157
vtrace1; 589; 1253; 10136
vtrace1; 440; 5157; 5157
vtrace1; 592; 1253; 10136
vtrace1; 443; 5157; 5157
vtrace1; 591; 1253; 10136
vtrace1; 442; 5157; 5157
vtrace1; 586; 1253; 10136
vtrace1; 437; 5157; 5157
vtrace1; 585; 1253; 10136
vtrace1; 436; 5157; 5157
vtrace1; 588; 1253; 10136
vtrace1; 439; 5157; 5157
vtrace1; 587; 1253; 10136
vtrace1; 438; 5157; 5157
vtrace1; 582; 1253; 10136
vtrace1; 433; 5157; 5157
vtrace1; 581; 1253; 10136
vtrace1; 432; 5157; 5157
vtrace1; 584; 1253; 10136
vtrace1; 435; 5157; 5157
vtrace1; 583; 1253; 10136
vtrace1; 434; 5157; 5157
vtrace1; 578; 1253; 10136
vtrace1; 429; 5157; 5157
vtrace1; 577; 1253; 10136
vtrace1; 428; 5157; 5157
vtrace1; 580; 1253; 10136
vtrace1; 431; 5157; 5157
vtrace1; 579; 1253; 10136
vtrace1; 430; 5157; 5157
vtrace1; 574; 1253; 10136
vtrace1; 425; 5157; 5157
vtrace1; 573; 1253; 10136
vtrace1; 424; 5157; 5157
vtrace1; 576; 1253; 10136
vtrace1; 427; 5157; 5157
vtrace1; 575; 1253; 10136
vtrace1; 426; 5157; 5157
vtrace1; 570; 1253; 10136
vtrace1; 421; 5157; 5157
vtrace1; 569; 1253; 10136
vtrace1; 420; 5157; 5157
vtrace1; 572; 1253; 10136
vtrace1; 423; 5157; 5157
vtrace1; 571; 1253; 10136
vtrace1; 422; 5157; 5157
vtrace1; 758; 1253; 10136
vtrace1; 609; 5157; 5157
vtrace1; 757; 1253; 10136
vtrace1; 608; 5157; 5157
vtrace1; 760; 1253; 10136
vtrace1; 611; 5157; 5157
vtrace1; 759; 1253; 10136
vtrace1; 610; 5157; 5157
vtrace1; 754; 1253; 10136
vtrace1; 605; 5157; 5157
vtrace1; 753; 1253; 10136
vtrace1; 604; 5157; 5157
vtrace1; 756; 1253; 10136
vtrace1; 607; 5157; 5157
vtrace1; 755; 1253; 10136
vtrace1; 606; 5157; 5157
vtrace1; 750; 1253; 10136
vtrace1; 601; 5157; 5157
vtrace1; 749; 1253; 10136
vtrace1; 600; 5157; 5157
vtrace1; 752; 1253; 10136
vtrace1; 603; 5157; 5157
vtrace1; 751; 1253; 10136
vtrace1; 602; 5157; 5157
vtrace1; 746; 1253; 10136
vtrace1; 597; 5157; 5157
vtrace1; 745; 1253; 10136
vtrace1; 596; 5157; 5157
vtrace1; 748; 1253; 10136
vtrace1; 599; 5157; 5157
vtrace1; 747; 1253; 10136
vtrace1; 598; 5157; 5157
vtrace1; 742; 1253; 10136
vtrace1; 593; 5157; 5157
vtrace1; 741; 1253; 10136
vtrace1; 592; 5157; 5157
vtrace1; 744; 1253; 10136
vtrace1; 595; 5157; 5157
vtrace1; 743; 1253; 10136
vtrace1; 594; 5157; 5157
vtrace1; 738; 1253; 10136
vtrace1; 589; 5157; 5157
vtrace1; 737; 1253; 10136
vtrace1; 588; 5157; 5157
vtrace1; 740; 1253; 10136
vtrace1; 591; 5157; 5157
vtrace1; 739; 1253; 10136
vtrace1; 590; 5157; 5157
vtrace1; 734; 1253; 10136
vtrace1; 585; 5157; 5157
vtrace1; 733; 1253; 10136
vtrace1; 584; 5157; 5157
vtrace1; 736; 1253; 10136
vtrace1; 587; 5157; 5157
vtrace1; 735; 1253; 10136
vtrace1; 586; 5157; 5157
vtrace1; 730; 1253; 10136
vtrace1; 581; 5157; 5157
vtrace1; 729; 1253; 10136
vtrace1; 580; 5157; 5157
vtrace1; 732; 1253; 10136
vtrace1; 583; 5157; 5157
vtrace1; 731; 1253; 10136
vtrace1; 582; 5157; 5157
vtrace1; 790; 1253; 10136
vtrace1; 641; 5157; 5157
vtrace1; 789; 1253; 10136
vtrace1; 640; 5157; 5157
vtrace1; 792; 1253; 10136
vtrace1; 643; 5157; 5157
vtrace1; 791; 1253; 10136
vtrace1; 642; 5157; 5157
vtrace1; 786; 1253; 10136
vtrace1; 637; 5157; 5157
vtrace1; 785; 1253; 10136
vtrace1; 636; 5157; 5157
vtrace1; 788; 1253; 10136
vtrace1; 639; 5157; 5157
vtrace1; 787; 1253; 10136
vtrace1; 638; 5157; 5157
vtrace1; 782; 1253; 10136
vtrace1; 633; 5157; 5157
vtrace1; 781; 1253; 10136
vtrace1; 632; 5157; 5157
vtrace1; 784; 1253; 10136
vtrace1; 635; 5157; 5157
vtrace1; 783; 1253; 10136
vtrace1; 634; 5157; 5157
vtrace1; 778; 1253; 10136
vtrace1; 629; 5157; 5157
vtrace1; 777; 1253; 10136
vtrace1; 628; 5157; 5157
vtrace1; 780; 1253; 10136
vtrace1; 631; 5157; 5157
vtrace1; 779; 1253; 10136
vtrace1; 630; 5157; 5157
vtrace1; 774; 1253; 10136
vtrace1; 625; 5157; 5157
vtrace1; 773; 1253; 10136
vtrace1; 624; 5157; 5157
vtrace1; 776; 1253; 10136
vtrace1; 627; 5157; 5157
vtrace1; 775; 1253; 10136
vtrace1; 626; 5157; 5157
vtrace1; 770; 1253; 10136
vtrace1; 621; 5157; 5157
vtrace1; 769; 1253; 10136
vtrace1; 620; 5157; 5157
vtrace1; 772; 1253; 10136
vtrace1; 623; 5157; 5157
vtrace1; 771; 1253; 10136
vtrace1; 622; 5157; 5157
vtrace1; 766; 1253; 10136
vtrace1; 617; 5157; 5157
vtrace1; 765; 1253; 10136
vtrace1; 616; 5157; 5157
vtrace1; 768; 1253; 10136
vtrace1; 619; 5157; 5157
vtrace1; 767; 1253; 10136
vtrace1; 618; 5157; 5157
vtrace1; 762; 1253; 10136
vtrace1; 613; 5157; 5157
vtrace1; 761; 1253; 10136
vtrace1; 612; 5157; 5157
vtrace1; 764; 1253; 10136
vtrace1; 615; 5157; 5157
vtrace1; 763; 1253; 10136
vtrace1; 614; 5157; 5157
vtrace1; 694; 1253; 10136
vtrace1; 545; 5157; 5157
vtrace1; 693; 1253; 10136
vtrace1; 544; 5157; 5157
vtrace1; 696; 1253; 10136
vtrace1; 547; 5157; 5157
vtrace1; 695; 1253; 10136
vtrace1; 546; 5157; 5157
vtrace1; 690; 1253; 10136
vtrace1; 541; 5157; 5157
vtrace1; 689; 1253; 10136
vtrace1; 540; 5157; 5157
vtrace1; 692; 1253; 10136
vtrace1; 543; 5157; 5157
vtrace1; 691; 1253; 10136
vtrace1; 542; 5157; 5157
vtrace1; 686; 1253; 10136
vtrace1; 537; 5157; 5157
vtrace1; 685; 1253; 10136
vtrace1; 536; 5157; 5157
vtrace1; 688; 1253; 10136
vtrace1; 539; 5157; 5157
vtrace1; 687; 1253; 10136
vtrace1; 538; 5157; 5157
vtrace1; 682; 1253; 10136
vtrace1; 533; 5157; 5157
vtrace1; 681; 1253; 10136
vtrace1; 532; 5157; 5157
vtrace1; 684; 1253; 10136
vtrace1; 535; 5157; 5157
vtrace1; 683; 1253; 10136
vtrace1; 534; 5157; 5157
vtrace1; 678; 1253; 10136
vtrace1; 529; 5157; 5157
vtrace1; 677; 1253; 10136
vtrace1; 528; 5157; 5157
vtrace1; 680; 1253; 10136
vtrace1; 531; 5157; 5157
vtrace1; 679; 1253; 10136
vtrace1; 530; 5157; 5157
vtrace1; 674; 1253; 10136
vtrace1; 525; 5157; 5157
vtrace1; 673; 1253; 10136
vtrace1; 524; 5157; 5157
vtrace1; 676; 1253; 10136
vtrace1; 527; 5157; 5157
vtrace1; 675; 1253; 10136
vtrace1; 526; 5157; 5157
vtrace1; 670; 1253; 10136
vtrace1; 521; 5157; 5157
vtrace1; 669; 1253; 10136
vtrace1; 520; 5157; 5157
vtrace1; 672; 1253; 10136
vtrace1; 523; 5157; 5157
vtrace1; 671; 1253; 10136
vtrace1; 522; 5157; 5157
vtrace1; 666; 1253; 10136
vtrace1; 517; 5157; 5157
vtrace1; 665; 1253; 10136
vtrace1; 516; 5157; 5157
vtrace1; 668; 1253; 10136
vtrace1; 519; 5157; 5157
vtrace1; 667; 1253; 10136
vtrace1; 518; 5157; 5157
vtrace1; 726; 1253; 10136
vtrace1; 577; 5157; 5157
vtrace1; 725; 1253; 10136
vtrace1; 576; 5157; 5157
vtrace1; 728; 1253; 10136
vtrace1; 579; 5157; 5157
vtrace1; 727; 1253; 10136
vtrace1; 578; 5157; 5157
vtrace1; 722; 1253; 10136
vtrace1; 573; 5157; 5157
vtrace1; 721; 1253; 10136
vtrace1; 572; 5157; 5157
vtrace1; 724; 1253; 10136
vtrace1; 575; 5157; 5157
vtrace1; 723; 1253; 10136
vtrace1; 574; 5157; 5157
vtrace1; 718; 1253; 10136
vtrace1; 569; 5157; 5157
vtrace1; 717; 1253; 10136
vtrace1; 568; 5157; 5157
vtrace1; 720; 1253; 10136
vtrace1; 571; 5157; 5157
vtrace1; 719; 1253; 10136
vtrace1; 570; 5157; 5157
vtrace1; 714; 1253; 10136
vtrace1; 565; 5157; 5157
vtrace1; 713; 1253; 10136
vtrace1; 564; 5157; 5157
vtrace1; 716; 1253; 10136
vtrace1; 567; 5157; 5157
vtrace1; 715; 1253; 10136
vtrace1; 566; 5157; 5157
vtrace1; 710; 1253; 10136
vtrace1; 561; 5157; 5157
vtrace1; 709; 1253; 10136
vtrace1; 560; 5157; 5157
vtrace1; 712; 1253; 10136
vtrace1; 563; 5157; 5157
vtrace1; 711; 1253; 10136
vtrace1; 562; 5157; 5157
vtrace1; 706; 1253; 10136
vtrace1; 557; 5157; 5157
vtrace1; 705; 1253; 10136
vtrace1; 556; 5157; 5157
vtrace1; 708; 1253; 10136
vtrace1; 559; 5157; 5157
vtrace1; 707; 1253; 10136
vtrace1; 558; 5157; 5157
vtrace1; 702; 1253; 10136
vtrace1; 553; 5157; 5157
vtrace1; 701; 1253; 10136
vtrace1; 552; 5157; 5157
vtrace1; 704; 1253; 10136
vtrace1; 555; 5157; 5157
vtrace1; 703; 1253; 10136
vtrace1; 554; 5157; 5157
vtrace1; 698; 1253; 10136
vtrace1; 549; 5157; 5157
vtrace1; 697; 1253; 10136
vtrace1; 548; 5157; 5157
vtrace1; 700; 1253; 10136
vtrace1; 551; 5157; 5157
vtrace1; 699; 1253; 10136
vtrace1; 550; 5157; 5157
vtrace1; 886; 1253; 10136
vtrace1; 737; 5157; 5157
vtrace1; 885; 1253; 10136
vtrace1; 736; 5157; 5157
vtrace1; 888; 1253; 10136
vtrace1; 739; 5157; 5157
vtrace1; 887; 1253; 10136
vtrace1; 738; 5157; 5157
vtrace1; 882; 1253; 10136
vtrace1; 733; 5157; 5157
vtrace1; 881; 1253; 10136
vtrace1; 732; 5157; 5157
vtrace1; 884; 1253; 10136
vtrace1; 735; 5157; 5157
vtrace1; 883; 1253; 10136
vtrace1; 734; 5157; 5157
vtrace1; 878; 1253; 10136
vtrace1; 729; 5157; 5157
vtrace1; 877; 1253; 10136
vtrace1; 728; 5157; 5157
vtrace1; 880; 1253; 10136
vtrace1; 731; 5157; 5157
vtrace1; 879; 1253; 10136
vtrace1; 730; 5157; 5157
vtrace1; 874; 1253; 10136
vtrace1; 725; 5157; 5157
vtrace1; 873; 1253; 10136
vtrace1; 724; 5157; 5157
vtrace1; 876; 1253; 10136
vtrace1; 727; 5157; 5157
vtrace1; 875; 1253; 10136
vtrace1; 726; 5157; 5157
vtrace1; 870; 1253; 10136
vtrace1; 721; 5157; 5157
vtrace1; 869; 1253; 10136
vtrace1; 720; 5157; 5157
vtrace1; 872; 1253; 10136
vtrace1; 723; 5157; 5157
vtrace1; 871; 1253; 10136
vtrace1; 722; 5157; 5157
vtrace1; 866; 1253; 10136
vtrace1; 717; 5157; 5157
vtrace1; 865; 1253; 10136
vtrace1; 716; 5157; 5157
vtrace1; 868; 1253; 10136
vtrace1; 719; 5157; 5157
vtrace1; 867; 1253; 10136
vtrace1; 718; 5157; 5157
vtrace1; 862; 1253; 10136
vtrace1; 713; 5157; 5157
vtrace1; 861; 1253; 10136
vtrace1; 712; 5157; 5157
vtrace1; 864; 1253; 10136
vtrace1; 715; 5157; 5157
vtrace1; 863; 1253; 10136
vtrace1; 714; 5157; 5157
vtrace1; 858; 1253; 10136
vtrace1; 709; 5157; 5157
vtrace1; 857; 1253; 10136
vtrace1; 708; 5157; 5157
vtrace1; 860; 1253; 10136
vtrace1; 711; 5157; 5157
vtrace1; 859; 1253; 10136
vtrace1; 710; 5157; 5157
vtrace1; 918; 1253; 10136
vtrace1; 769; 5157; 5157
vtrace1; 917; 1253; 10136
vtrace1; 768; 5157; 5157
vtrace1; 920; 1253; 10136
vtrace1; 771; 5157; 5157
vtrace1; 919; 1253; 10136
vtrace1; 770; 5157; 5157
vtrace1; 914; 1253; 10136
vtrace1; 765; 5157; 5157
vtrace1; 913; 1253; 10136
vtrace1; 764; 5157; 5157
vtrace1; 916; 1253; 10136
vtrace1; 767; 5157; 5157
vtrace1; 915; 1253; 10136
vtrace1; 766; 5157; 5157
vtrace1; 910; 1253; 10136
vtrace1; 761; 5157; 5157
vtrace1; 909; 1253; 10136
vtrace1; 760; 5157; 5157
vtrace1; 912; 1253; 10136
vtrace1; 763; 5157; 5157
vtrace1; 911; 1253; 10136
vtrace1; 762; 5157; 5157
vtrace1; 906; 1253; 10136
vtrace1; 757; 5157; 5157
vtrace1; 905; 1253; 10136
vtrace1; 756; 5157; 5157
vtrace1; 908; 1253; 10136
vtrace1; 759; 5157; 5157
vtrace1; 907; 1253; 10136
vtrace1; 758; 5157; 5157
vtrace1; 902; 1253; 10136
vtrace1; 753; 5157; 5157
vtrace1; 901; 1253; 10136
vtrace1; 752; 5157; 5157
vtrace1; 904; 1253; 10136
vtrace1; 755; 5157; 5157
vtrace1; 903; 1253; 10136
vtrace1; 754; 5157; 5157
vtrace1; 898; 1253; 10136
vtrace1; 749; 5157; 5157
vtrace1; 897; 1253; 10136
vtrace1; 748; 5157; 5157
vtrace1; 900; 1253; 10136
vtrace1; 751; 5157; 5157
vtrace1; 899; 1253; 10136
vtrace1; 750; 5157; 5157
vtrace1; 894; 1253; 10136
vtrace1; 745; 5157; 5157
vtrace1; 893; 1253; 10136
vtrace1; 744; 5157; 5157
vtrace1; 896; 1253; 10136
vtrace1; 747; 5157; 5157
vtrace1; 895; 1253; 10136
vtrace1; 746; 5157; 5157
vtrace1; 890; 1253; 10136
vtrace1; 741; 5157; 5157
vtrace1; 889; 1253; 10136
vtrace1; 740; 5157; 5157
vtrace1; 892; 1253; 10136
vtrace1; 743; 5157; 5157
vtrace1; 891; 1253; 10136
vtrace1; 742; 5157; 5157
vtrace1; 822; 1253; 10136
vtrace1; 673; 5157; 5157
vtrace1; 821; 1253; 10136
vtrace1; 672; 5157; 5157
vtrace1; 824; 1253; 10136
vtrace1; 675; 5157; 5157
vtrace1; 823; 1253; 10136
vtrace1; 674; 5157; 5157
vtrace1; 818; 1253; 10136
vtrace1; 669; 5157; 5157
vtrace1; 817; 1253; 10136
vtrace1; 668; 5157; 5157
vtrace1; 820; 1253; 10136
vtrace1; 671; 5157; 5157
vtrace1; 819; 1253; 10136
vtrace1; 670; 5157; 5157
vtrace1; 814; 1253; 10136
vtrace1; 665; 5157; 5157
vtrace1; 813; 1253; 10136
vtrace1; 664; 5157; 5157
vtrace1; 816; 1253; 10136
vtrace1; 667; 5157; 5157
vtrace1; 815; 1253; 10136
vtrace1; 666; 5157; 5157
vtrace1; 810; 1253; 10136
vtrace1; 661; 5157; 5157
vtrace1; 809; 1253; 10136
vtrace1; 660; 5157; 5157
vtrace1; 812; 1253; 10136
vtrace1; 663; 5157; 5157
vtrace1; 811; 1253; 10136
vtrace1; 662; 5157; 5157
vtrace1; 806; 1253; 10136
vtrace1; 657; 5157; 5157
vtrace1; 805; 1253; 10136
vtrace1; 656; 5157; 5157
vtrace1; 808; 1253; 10136
vtrace1; 659; 5157; 5157
vtrace1; 807; 1253; 10136
vtrace1; 658; 5157; 5157
vtrace1; 802; 1253; 10136
vtrace1; 653; 5157; 5157
vtrace1; 801; 1253; 10136
vtrace1; 652; 5157; 5157
vtrace1; 804; 1253; 10136
vtrace1; 655; 5157; 5157
vtrace1; 803; 1253; 10136
vtrace1; 654; 5157; 5157
vtrace1; 798; 1253; 10136
vtrace1; 649; 5157; 5157
vtrace1; 797; 1253; 10136
vtrace1; 648; 5157; 5157
vtrace1; 800; 1253; 10136
vtrace1; 651; 5157; 5157
vtrace1; 799; 1253; 10136
vtrace1; 650; 5157; 5157
vtrace1; 794; 1253; 10136
vtrace1; 645; 5157; 5157
vtrace1; 793; 1253; 10136
vtrace1; 644; 5157; 5157
vtrace1; 796; 1253; 10136
vtrace1; 647; 5157; 5157
vtrace1; 795; 1253; 10136
vtrace1; 646; 5157; 5157
vtrace1; 854; 1253; 10136
vtrace1; 705; 5157; 5157
vtrace1; 853; 1253; 10136
vtrace1; 704; 5157; 5157
vtrace1; 856; 1253; 10136
vtrace1; 707; 5157; 5157
vtrace1; 855; 1253; 10136
vtrace1; 706; 5157; 5157
vtrace1; 850; 1253; 10136
vtrace1; 701; 5157; 5157
vtrace1; 849; 1253; 10136
vtrace1; 700; 5157; 5157
vtrace1; 852; 1253; 10136
vtrace1; 703; 5157; 5157
vtrace1; 851; 1253; 10136
vtrace1; 702; 5157; 5157
vtrace1; 846; 1253; 10136
vtrace1; 697; 5157; 5157
vtrace1; 845; 1253; 10136
vtrace1; 696; 5157; 5157
vtrace1; 848; 1253; 10136
vtrace1; 699; 5157; 5157
vtrace1; 847; 1253; 10136
vtrace1; 698; 5157; 5157
vtrace1; 842; 1253; 10136
vtrace1; 693; 5157; 5157
vtrace1; 841; 1253; 10136
vtrace1; 692; 5157; 5157
vtrace1; 844; 1253; 10136
vtrace1; 695; 5157; 5157
vtrace1; 843; 1253; 10136
vtrace1; 694; 5157; 5157
vtrace1; 838; 1253; 10136
vtrace1; 689; 5157; 5157
vtrace1; 837; 1253; 10136
vtrace1; 688; 5157; 5157
vtrace1; 840; 1253; 10136
vtrace1; 691; 5157; 5157
vtrace1; 839; 1253; 10136
vtrace1; 690; 5157; 5157
vtrace1; 834; 1253; 10136
vtrace1; 685; 5157; 5157
vtrace1; 833; 1253; 10136
vtrace1; 684; 5157; 5157
vtrace1; 836; 1253; 10136
vtrace1; 687; 5157; 5157
vtrace1; 835; 1253; 10136
vtrace1; 686; 5157; 5157
vtrace1; 830; 1253; 10136
vtrace1; 681; 5157; 5157
vtrace1; 829; 1253; 10136
vtrace1; 680; 5157; 5157
vtrace1; 832; 1253; 10136
vtrace1; 683; 5157; 5157
vtrace1; 831; 1253; 10136
vtrace1; 682; 5157; 5157
vtrace1; 826; 1253; 10136
vtrace1; 677; 5157; 5157
vtrace1; 825; 1253; 10136
vtrace1; 676; 5157; 5157
vtrace1; 828; 1253; 10136
vtrace1; 679; 5157; 5157
vtrace1; 827; 1253; 10136
vtrace1; 678; 5157; 5157
vtrace1; 1014; 1253; 10136
vtrace1; 865; 5157; 5157
vtrace1; 1013; 1253; 10136
vtrace1; 864; 5157; 5157
vtrace1; 1016; 1253; 10136
vtrace1; 867; 5157; 5157
vtrace1; 1015; 1253; 10136
vtrace1; 866; 5157; 5157
vtrace1; 1010; 1253; 10136
vtrace1; 861; 5157; 5157
vtrace1; 1009; 1253; 10136
vtrace1; 860; 5157; 5157
vtrace1; 1012; 1253; 10136
vtrace1; 863; 5157; 5157
vtrace1; 1011; 1253; 10136
vtrace1; 862; 5157; 5157
vtrace1; 1006; 1253; 10136
vtrace1; 857; 5157; 5157
vtrace1; 1005; 1253; 10136
vtrace1; 856; 5157; 5157
vtrace1; 1008; 1253; 10136
vtrace1; 859; 5157; 5157
vtrace1; 1007; 1253; 10136
vtrace1; 858; 5157; 5157
vtrace1; 1002; 1253; 10136
vtrace1; 853; 5157; 5157
vtrace1; 1001; 1253; 10136
vtrace1; 852; 5157; 5157
vtrace1; 1004; 1253; 10136
vtrace1; 855; 5157; 5157
vtrace1; 1003; 1253; 10136
vtrace1; 854; 5157; 5157
vtrace1; 998; 1253; 10136
vtrace1; 849; 5157; 5157
vtrace1; 997; 1253; 10136
vtrace1; 848; 5157; 5157
vtrace1; 1000; 1253; 10136
vtrace1; 851; 5157; 5157
vtrace1; 999; 1253; 10136
vtrace1; 850; 5157; 5157
vtrace1; 994; 1253; 10136
vtrace1; 845; 5157; 5157
vtrace1; 993; 1253; 10136
vtrace1; 844; 5157; 5157
vtrace1; 996; 1253; 10136
vtrace1; 847; 5157; 5157
vtrace1; 995; 1253; 10136
vtrace1; 846; 5157; 5157
vtrace1; 990; 1253; 10136
vtrace1; 841; 5157; 5157
vtrace1; 989; 1253; 10136
vtrace1; 840; 5157; 5157
vtrace1; 992; 1253; 10136
vtrace1; 843; 5157; 5157
vtrace1; 991; 1253; 10136
vtrace1; 842; 5157; 5157
vtrace1; 986; 1253; 10136
vtrace1; 837; 5157; 5157
vtrace1; 985; 1253; 10136
vtrace1; 836; 5157; 5157
vtrace1; 988; 1253; 10136
vtrace1; 839; 5157; 5157
vtrace1; 987; 1253; 10136
vtrace1; 838; 5157; 5157
vtrace1; 897; 5157; 5157
vtrace1; 896; 5157; 5157
vtrace1; 899; 5157; 5157
vtrace1; 898; 5157; 5157
vtrace1; 893; 5157; 5157
vtrace1; 892; 5157; 5157
vtrace1; 895; 5157; 5157
vtrace1; 894; 5157; 5157
vtrace1; 889; 5157; 5157
vtrace1; 888; 5157; 5157
vtrace1; 891; 5157; 5157
vtrace1; 890; 5157; 5157
vtrace1; 885; 5157; 5157
vtrace1; 884; 5157; 5157
vtrace1; 887; 5157; 5157
vtrace1; 886; 5157; 5157
vtrace1; 881; 5157; 5157
vtrace1; 880; 5157; 5157
vtrace1; 883; 5157; 5157
vtrace1; 882; 5157; 5157
vtrace1; 877; 5157; 5157
vtrace1; 876; 5157; 5157
vtrace1; 879; 5157; 5157
vtrace1; 878; 5157; 5157
vtrace1; 1022; 1253; 10136
vtrace1; 873; 5157; 5157
vtrace1; 1021; 1253; 10136
vtrace1; 872; 5157; 5157
vtrace1; 875; 5157; 5157
vtrace1; 1023; 1253; 10136
vtrace1; 874; 5157; 5157
vtrace1; 1018; 1253; 10136
vtrace1; 869; 5157; 5157
vtrace1; 1017; 1253; 10136
vtrace1; 868; 5157; 5157
vtrace1; 1020; 1253; 10136
vtrace1; 871; 5157; 5157
vtrace1; 1019; 1253; 10136
vtrace1; 870; 5157; 5157
vtrace1; 950; 1253; 10136
vtrace1; 801; 5157; 5157
vtrace1; 949; 1253; 10136
vtrace1; 800; 5157; 5157
vtrace1; 952; 1253; 10136
vtrace1; 803; 5157; 5157
vtrace1; 951; 1253; 10136
vtrace1; 802; 5157; 5157
vtrace1; 946; 1253; 10136
vtrace1; 797; 5157; 5157
vtrace1; 945; 1253; 10136
vtrace1; 796; 5157; 5157
vtrace1; 948; 1253; 10136
vtrace1; 799; 5157; 5157
vtrace1; 947; 1253; 10136
vtrace1; 798; 5157; 5157
vtrace1; 942; 1253; 10136
vtrace1; 793; 5157; 5157
vtrace1; 941; 1253; 10136
vtrace1; 792; 5157; 5157
vtrace1; 944; 1253; 10136
vtrace1; 795; 5157; 5157
vtrace1; 943; 1253; 10136
vtrace1; 794; 5157; 5157
vtrace1; 938; 1253; 10136
vtrace1; 789; 5157; 5157
vtrace1; 937; 1253; 10136
vtrace1; 788; 5157; 5157
vtrace1; 940; 1253; 10136
vtrace1; 791; 5157; 5157
vtrace1; 939; 1253; 10136
vtrace1; 790; 5157; 5157
vtrace1; 934; 1253; 10136
vtrace1; 785; 5157; 5157
vtrace1; 933; 1253; 10136
vtrace1; 784; 5157; 5157
vtrace1; 936; 1253; 10136
vtrace1; 787; 5157; 5157
vtrace1; 935; 1253; 10136
vtrace1; 786; 5157; 5157
vtrace1; 930; 1253; 10136
vtrace1; 781; 5157; 5157
vtrace1; 929; 1253; 10136
vtrace1; 780; 5157; 5157
vtrace1; 932; 1253; 10136
vtrace1; 783; 5157; 5157
vtrace1; 931; 1253; 10136
vtrace1; 782; 5157; 5157
vtrace1; 926; 1253; 10136
vtrace1; 777; 5157; 5157
vtrace1; 925; 1253; 10136
vtrace1; 776; 5157; 5157
vtrace1; 928; 1253; 10136
vtrace1; 779; 5157; 5157
vtrace1; 927; 1253; 10136
vtrace1; 778; 5157; 5157
vtrace1; 922; 1253; 10136
vtrace1; 773; 5157; 5157
vtrace1; 921; 1253; 10136
vtrace1; 772; 5157; 5157
vtrace1; 924; 1253; 10136
vtrace1; 775; 5157; 5157
vtrace1; 923; 1253; 10136
vtrace1; 774; 5157; 5157
vtrace1; 982; 1253; 10136
vtrace1; 833; 5157; 5157
vtrace1; 981; 1253; 10136
vtrace1; 832; 5157; 5157
vtrace1; 984; 1253; 10136
vtrace1; 835; 5157; 5157
vtrace1; 983; 1253; 10136
vtrace1; 834; 5157; 5157
vtrace1; 978; 1253; 10136
vtrace1; 829; 5157; 5157
vtrace1; 977; 1253; 10136
vtrace1; 828; 5157; 5157
vtrace1; 980; 1253; 10136
vtrace1; 831; 5157; 5157
vtrace1; 979; 1253; 10136
vtrace1; 830; 5157; 5157
vtrace1; 974; 1253; 10136
vtrace1; 825; 5157; 5157
vtrace1; 973; 1253; 10136
vtrace1; 824; 5157; 5157
vtrace1; 976; 1253; 10136
vtrace1; 827; 5157; 5157
vtrace1; 975; 1253; 10136
vtrace1; 826; 5157; 5157
vtrace1; 970; 1253; 10136
vtrace1; 821; 5157; 5157
vtrace1; 969; 1253; 10136
vtrace1; 820; 5157; 5157
vtrace1; 972; 1253; 10136
vtrace1; 823; 5157; 5157
vtrace1; 971; 1253; 10136
vtrace1; 822; 5157; 5157
vtrace1; 966; 1253; 10136
vtrace1; 817; 5157; 5157
vtrace1; 965; 1253; 10136
vtrace1; 816; 5157; 5157
vtrace1; 968; 1253; 10136
vtrace1; 819; 5157; 5157
vtrace1; 967; 1253; 10136
vtrace1; 818; 5157; 5157
vtrace1; 962; 1253; 10136
vtrace1; 813; 5157; 5157
vtrace1; 961; 1253; 10136
vtrace1; 812; 5157; 5157
vtrace1; 964; 1253; 10136
vtrace1; 815; 5157; 5157
vtrace1; 963; 1253; 10136
vtrace1; 814; 5157; 5157
vtrace1; 958; 1253; 10136
vtrace1; 809; 5157; 5157
vtrace1; 957; 1253; 10136
vtrace1; 808; 5157; 5157
vtrace1; 960; 1253; 10136
vtrace1; 811; 5157; 5157
vtrace1; 959; 1253; 10136
vtrace1; 810; 5157; 5157
vtrace1; 954; 1253; 10136
vtrace1; 805; 5157; 5157
vtrace1; 953; 1253; 10136
vtrace1; 804; 5157; 5157
vtrace1; 956; 1253; 10136
vtrace1; 807; 5157; 5157
vtrace1; 955; 1253; 10136
vtrace1; 806; 5157; 5157
vtrace1; 993; 5157; 5157
vtrace1; 992; 5157; 5157
vtrace1; 995; 5157; 5157
vtrace1; 994; 5157; 5157
vtrace1; 989; 5157; 5157
vtrace1; 988; 5157; 5157
vtrace1; 991; 5157; 5157
vtrace1; 990; 5157; 5157
vtrace1; 985; 5157; 5157
vtrace1; 984; 5157; 5157
vtrace1; 987; 5157; 5157
vtrace1; 986; 5157; 5157
vtrace1; 981; 5157; 5157
vtrace1; 980; 5157; 5157
vtrace1; 983; 5157; 5157
vtrace1; 982; 5157; 5157
vtrace1; 977; 5157; 5157
vtrace1; 976; 5157; 5157
vtrace1; 979; 5157; 5157
vtrace1; 978; 5157; 5157
vtrace1; 973; 5157; 5157
vtrace1; 972; 5157; 5157
vtrace1; 975; 5157; 5157
vtrace1; 974; 5157; 5157
vtrace1; 969; 5157; 5157
vtrace1; 968; 5157; 5157
vtrace1; 971; 5157; 5157
vtrace1; 970; 5157; 5157
vtrace1; 965; 5157; 5157
vtrace1; 964; 5157; 5157
vtrace1; 967; 5157; 5157
vtrace1; 966; 5157; 5157
vtrace1; 1021; 5157; 5157
vtrace1; 1020; 5157; 5157
vtrace1; 1023; 5157; 5157
vtrace1; 1022; 5157; 5157
vtrace1; 1017; 5157; 5157
vtrace1; 1016; 5157; 5157
vtrace1; 1019; 5157; 5157
vtrace1; 1018; 5157; 5157
vtrace1; 1013; 5157; 5157
vtrace1; 1012; 5157; 5157
vtrace1; 1015; 5157; 5157
vtrace1; 1014; 5157; 5157
vtrace1; 1009; 5157; 5157
vtrace1; 1008; 5157; 5157
vtrace1; 1011; 5157; 5157
vtrace1; 1010; 5157; 5157
vtrace1; 1005; 5157; 5157
vtrace1; 1004; 5157; 5157
vtrace1; 1007; 5157; 5157
vtrace1; 1006; 5157; 5157
vtrace1; 1001; 5157; 5157
vtrace1; 1000; 5157; 5157
vtrace1; 1003; 5157; 5157
vtrace1; 1002; 5157; 5157
vtrace1; 997; 5157; 5157
vtrace1; 996; 5157; 5157
vtrace1; 999; 5157; 5157
vtrace1; 998; 5157; 5157
vtrace1; 929; 5157; 5157
vtrace1; 928; 5157; 5157
vtrace1; 931; 5157; 5157
vtrace1; 930; 5157; 5157
vtrace1; 925; 5157; 5157
vtrace1; 924; 5157; 5157
vtrace1; 927; 5157; 5157
vtrace1; 926; 5157; 5157
vtrace1; 921; 5157; 5157
vtrace1; 920; 5157; 5157
vtrace1; 923; 5157; 5157
vtrace1; 922; 5157; 5157
vtrace1; 917; 5157; 5157
vtrace1; 916; 5157; 5157
vtrace1; 919; 5157; 5157
vtrace1; 918; 5157; 5157
vtrace1; 913; 5157; 5157
vtrace1; 912; 5157; 5157
vtrace1; 915; 5157; 5157
vtrace1; 914; 5157; 5157
vtrace1; 909; 5157; 5157
vtrace1; 908; 5157; 5157
vtrace1; 911; 5157; 5157
vtrace1; 910; 5157; 5157
vtrace1; 905; 5157; 5157
vtrace1; 904; 5157; 5157
vtrace1; 907; 5157; 5157
vtrace1; 906; 5157; 5157
vtrace1; 901; 5157; 5157
vtrace1; 900; 5157; 5157
vtrace1; 903; 5157; 5157
vtrace1; 902; 5157; 5157
vtrace1; 961; 5157; 5157
vtrace1; 960; 5157; 5157
vtrace1; 963; 5157; 5157
vtrace1; 962; 5157; 5157
vtrace1; 957; 5157; 5157
vtrace1; 956; 5157; 5157
vtrace1; 959; 5157; 5157
vtrace1; 958; 5157; 5157
vtrace1; 953; 5157; 5157
vtrace1; 952; 5157; 5157
vtrace1; 955; 5157; 5157
vtrace1; 954; 5157; 5157
vtrace1; 949; 5157; 5157
vtrace1; 948; 5157; 5157
vtrace1; 951; 5157; 5157
vtrace1; 950; 5157; 5157
vtrace1; 945; 5157; 5157
vtrace1; 944; 5157; 5157
vtrace1; 947; 5157; 5157
vtrace1; 946; 5157; 5157
vtrace1; 941; 5157; 5157
vtrace1; 940; 5157; 5157
vtrace1; 943; 5157; 5157
vtrace1; 942; 5157; 5157
vtrace1; 937; 5157; 5157
vtrace1; 936; 5157; 5157
vtrace1; 939; 5157; 5157
vtrace1; 938; 5157; 5157
vtrace1; 933; 5157; 5157
vtrace1; 932; 5157; 5157
vtrace1; 935; 5157; 5157
vtrace1; 934; 5157; 5157
vtrace1; 859; 4594; 4594
vtrace1; 858; 4594; 4594
vtrace1; 861; 4594; 4594
vtrace1; 860; 4594; 4594
vtrace1; 855; 4594; 4594
vtrace1; 854; 4594; 4594
vtrace1; 857; 4594; 4594
vtrace1; 856; 4594; 4594
vtrace1; 851; 4594; 4594
vtrace1; 850; 4594; 4594
vtrace1; 853; 4594; 4594
vtrace1; 852; 4594; 4594
vtrace1; 847; 4594; 4594
vtrace1; 846; 4594; 4594
vtrace1; 849; 4594; 4594
vtrace1; 848; 4594; 4594
vtrace1; 843; 4594; 4594
vtrace1; 842; 4594; 4594
vtrace1; 845; 4594; 4594
vtrace1; 844; 4594; 4594
vtrace1; 839; 4594; 4594
vtrace1; 838; 4594; 4594
vtrace1; 841; 4594; 4594
vtrace1; 840; 4594; 4594
vtrace1; 835; 4594; 4594
vtrace1; 834; 4594; 4594
vtrace1; 837; 4594; 4594
vtrace1; 836; 4594; 4594
vtrace1; 831; 4594; 4594
vtrace1; 830; 4594; 4594
vtrace1; 833; 4594; 4594
vtrace1; 832; 4594; 4594
vtrace1; 891; 4594; 4594
vtrace1; 890; 4594; 4594
vtrace1; 893; 4594; 4594
vtrace1; 892; 4594; 4594
vtrace1; 887; 4594; 4594
vtrace1; 886; 4594; 4594
vtrace1; 889; 4594; 4594
vtrace1; 888; 4594; 4594
vtrace1; 883; 4594; 4594
vtrace1; 882; 4594; 4594
vtrace1; 885; 4594; 4594
vtrace1; 884; 4594; 4594
vtrace1; 879; 4594; 4594
vtrace1; 878; 4594; 4594
vtrace1; 881; 4594; 4594
vtrace1; 880; 4594; 4594
vtrace1; 875; 4594; 4594
vtrace1; 874; 4594; 4594
vtrace1; 877; 4594; 4594
vtrace1; 876; 4594; 4594
vtrace1; 871; 4594; 4594
vtrace1; 870; 4594; 4594
vtrace1; 873; 4594; 4594
vtrace1; 872; 4594; 4594
vtrace1; 867; 4594; 4594
vtrace1; 866; 4594; 4594
vtrace1; 869; 4594; 4594
vtrace1; 868; 4594; 4594
vtrace1; 863; 4594; 4594
vtrace1; 862; 4594; 4594
vtrace1; 865; 4594; 4594
vtrace1; 864; 4594; 4594
vtrace1; 795; 4594; 4594
vtrace1; 794; 4594; 4594
vtrace1; 797; 4594; 4594
vtrace1; 796; 4594; 4594
vtrace1; 791; 4594; 4594
vtrace1; 790; 4594; 4594
vtrace1; 793; 4594; 4594
vtrace1; 792; 4594; 4594
vtrace1; 787; 4594; 4594
vtrace1; 786; 4594; 4594
vtrace1; 789; 4594; 4594
vtrace1; 788; 4594; 4594
vtrace1; 783; 4594; 4594
vtrace1; 782; 4594; 4594
vtrace1; 785; 4594; 4594
vtrace1; 784; 4594; 4594
vtrace1; 779; 4594; 4594
vtrace1; 778; 4594; 4594
vtrace1; 781; 4594; 4594
vtrace1; 780; 4594; 4594
vtrace1; 775; 4594; 4594
vtrace1; 774; 4594; 4594
vtrace1; 777; 4594; 4594
vtrace1; 776; 4594; 4594
vtrace1; 771; 4594; 4594
vtrace1; 770; 4594; 4594
vtrace1; 773; 4594; 4594
vtrace1; 772; 4594; 4594
vtrace1; 767; 4594; 4594
vtrace1; 766; 4594; 4594
vtrace1; 769; 4594; 4594
vtrace1; 768; 4594; 4594
vtrace1; 827; 4594; 4594
vtrace1; 826; 4594; 4594
vtrace1; 829; 4594; 4594
vtrace1; 828; 4594; 4594
vtrace1; 823; 4594; 4594
vtrace1; 822; 4594; 4594
vtrace1; 825; 4594; 4594
vtrace1; 824; 4594; 4594
vtrace1; 819; 4594; 4594
vtrace1; 818; 4594; 4594
vtrace1; 821; 4594; 4594
vtrace1; 820; 4594; 4594
vtrace1; 815; 4594; 4594
vtrace1; 814; 4594; 4594
vtrace1; 817; 4594; 4594
vtrace1; 816; 4594; 4594
vtrace1; 811; 4594; 4594
vtrace1; 810; 4594; 4594
vtrace1; 813; 4594; 4594
vtrace1; 812; 4594; 4594
vtrace1; 807; 4594; 4594
vtrace1; 806; 4594; 4594
vtrace1; 809; 4594; 4594
vtrace1; 808; 4594; 4594
vtrace1; 803; 4594; 4594
vtrace1; 802; 4594; 4594
vtrace1; 805; 4594; 4594
vtrace1; 804; 4594; 4594
vtrace1; 799; 4594; 4594
vtrace1; 798; 4594; 4594
vtrace1; 801; 4594; 4594
vtrace1; 800; 4594; 4594
vtrace1; 987; 4594; 4594
vtrace1; 986; 4594; 4594
vtrace1; 989; 4594; 4594
vtrace1; 988; 4594; 4594
vtrace1; 983; 4594; 4594
vtrace1; 982; 4594; 4594
vtrace1; 985; 4594; 4594
vtrace1; 984; 4594; 4594
vtrace1; 979; 4594; 4594
vtrace1; 978; 4594; 4594
vtrace1; 981; 4594; 4594
vtrace1; 980; 4594; 4594
vtrace1; 975; 4594; 4594
vtrace1; 974; 4594; 4594
vtrace1; 977; 4594; 4594
vtrace1; 976; 4594; 4594
vtrace1; 971; 4594; 4594
vtrace1; 970; 4594; 4594
vtrace1; 973; 4594; 4594
vtrace1; 972; 4594; 4594
vtrace1; 967; 4594; 4594
vtrace1; 966; 4594; 4594
vtrace1; 969; 4594; 4594
vtrace1; 968; 4594; 4594
vtrace1; 963; 4594; 4594
vtrace1; 962; 4594; 4594
vtrace1; 965; 4594; 4594
vtrace1; 964; 4594; 4594
vtrace1; 959; 4594; 4594
vtrace1; 958; 4594; 4594
vtrace1; 961; 4594; 4594
vtrace1; 960; 4594; 4594
vtrace1; 1019; 4594; 4594
vtrace1; 1018; 4594; 4594
vtrace1; 1021; 4594; 4594
vtrace1; 1020; 4594; 4594
vtrace1; 1015; 4594; 4594
vtrace1; 1014; 4594; 4594
vtrace1; 1017; 4594; 4594
vtrace1; 1016; 4594; 4594
vtrace1; 1011; 4594; 4594
vtrace1; 1010; 4594; 4594
vtrace1; 1013; 4594; 4594
vtrace1; 1012; 4594; 4594
vtrace1; 1007; 4594; 4594
vtrace1; 1006; 4594; 4594
vtrace1; 1009; 4594; 4594
vtrace1; 1008; 4594; 4594
vtrace1; 1003; 4594; 4594
vtrace1; 1002; 4594; 4594
vtrace1; 1005; 4594; 4594
vtrace1; 1004; 4594; 4594
vtrace1; 999; 4594; 4594
vtrace1; 998; 4594; 4594
vtrace1; 1001; 4594; 4594
vtrace1; 1000; 4594; 4594
vtrace1; 995; 4594; 4594
vtrace1; 994; 4594; 4594
vtrace1; 997; 4594; 4594
vtrace1; 996; 4594; 4594
vtrace1; 991; 4594; 4594
vtrace1; 990; 4594; 4594
vtrace1; 993; 4594; 4594
vtrace1; 992; 4594; 4594
vtrace1; 923; 4594; 4594
vtrace1; 922; 4594; 4594
vtrace1; 925; 4594; 4594
vtrace1; 924; 4594; 4594
vtrace1; 919; 4594; 4594
vtrace1; 918; 4594; 4594
vtrace1; 921; 4594; 4594
vtrace1; 920; 4594; 4594
vtrace1; 915; 4594; 4594
vtrace1; 914; 4594; 4594
vtrace1; 917; 4594; 4594
vtrace1; 916; 4594; 4594
vtrace1; 911; 4594; 4594
vtrace1; 910; 4594; 4594
vtrace1; 913; 4594; 4594
vtrace1; 912; 4594; 4594
vtrace1; 907; 4594; 4594
vtrace1; 906; 4594; 4594
vtrace1; 909; 4594; 4594
vtrace1; 908; 4594; 4594
vtrace1; 903; 4594; 4594
vtrace1; 902; 4594; 4594
vtrace1; 905; 4594; 4594
vtrace1; 904; 4594; 4594
vtrace1; 899; 4594; 4594
vtrace1; 898; 4594; 4594
vtrace1; 901; 4594; 4594
vtrace1; 900; 4594; 4594
vtrace1; 895; 4594; 4594
vtrace1; 894; 4594; 4594
vtrace1; 897; 4594; 4594
vtrace1; 896; 4594; 4594
vtrace1; 955; 4594; 4594
vtrace1; 954; 4594; 4594
vtrace1; 957; 4594; 4594
vtrace1; 956; 4594; 4594
vtrace1; 951; 4594; 4594
vtrace1; 950; 4594; 4594
vtrace1; 953; 4594; 4594
vtrace1; 952; 4594; 4594
vtrace1; 947; 4594; 4594
vtrace1; 946; 4594; 4594
vtrace1; 949; 4594; 4594
vtrace1; 948; 4594; 4594
vtrace1; 943; 4594; 4594
vtrace1; 942; 4594; 4594
vtrace1; 945; 4594; 4594
vtrace1; 944; 4594; 4594
vtrace1; 939; 4594; 4594
vtrace1; 938; 4594; 4594
vtrace1; 941; 4594; 4594
vtrace1; 940; 4594; 4594
vtrace1; 935; 4594; 4594
vtrace1; 934; 4594; 4594
vtrace1; 937; 4594; 4594
vtrace1; 936; 4594; 4594
vtrace1; 931; 4594; 4594
vtrace1; 930; 4594; 4594
vtrace1; 933; 4594; 4594
vtrace1; 932; 4594; 4594
vtrace1; 927; 4594; 4594
vtrace1; 926; 4594; 4594
vtrace1; 929; 4594; 4594
vtrace1; 928; 4594; 4594
vtrace1; 1023; 4594; 4594
vtrace1; 1022; 4594; 4594
vtrace1; 1883; 4594; 4594
vtrace1; 1882; 4594; 4594
vtrace1; 1885; 4594; 4594
vtrace1; 1884; 4594; 4594
vtrace1; 1879; 4594; 4594
vtrace1; 1878; 4594; 4594
vtrace1; 1881; 4594; 4594
vtrace1; 1880; 4594; 4594
vtrace1; 1875; 4594; 4594
vtrace1; 1874; 4594; 4594
vtrace1; 1877; 4594; 4594
vtrace1; 1876; 4594; 4594
vtrace1; 1871; 4594; 4594
vtrace1; 1870; 4594; 4594
vtrace1; 1873; 4594; 4594
vtrace1; 1872; 4594; 4594
vtrace1; 1867; 4594; 4594
vtrace1; 1866; 4594; 4594
vtrace1; 1869; 4594; 4594
vtrace1; 1868; 4594; 4594
vtrace1; 1863; 4594; 4594
vtrace1; 1862; 4594; 4594
vtrace1; 1865; 4594; 4594
vtrace1; 1864; 4594; 4594
vtrace1; 1859; 4594; 4594
vtrace1; 1858; 4594; 4594
vtrace1; 1861; 4594; 4594
vtrace1; 1860; 4594; 4594
vtrace1; 1855; 4594; 4594
vtrace1; 1854; 4594; 4594
vtrace1; 1857; 4594; 4594
vtrace1; 1856; 4594; 4594
vtrace1; 1915; 4594; 4594
vtrace1; 1914; 4594; 4594
vtrace1; 1917; 4594; 4594
vtrace1; 1916; 4594; 4594
vtrace1; 1911; 4594; 4594
vtrace1; 1910; 4594; 4594
vtrace1; 1913; 4594; 4594
vtrace1; 1912; 4594; 4594
vtrace1; 1907; 4594; 4594
vtrace1; 1906; 4594; 4594
vtrace1; 1909; 4594; 4594
vtrace1; 1908; 4594; 4594
vtrace1; 1903; 4594; 4594
vtrace1; 1902; 4594; 4594
vtrace1; 1905; 4594; 4594
vtrace1; 1904; 4594; 4594
vtrace1; 1899; 4594; 4594
vtrace1; 1898; 4594; 4594
vtrace1; 1901; 4594; 4594
vtrace1; 1900; 4594; 4594
vtrace1; 1895; 4594; 4594
vtrace1; 1894; 4594; 4594
vtrace1; 1897; 4594; 4594
vtrace1; 1896; 4594; 4594
vtrace1; 1891; 4594; 4594
vtrace1; 1890; 4594; 4594
vtrace1; 1893; 4594; 4594
vtrace1; 1892; 4594; 4594
vtrace1; 1887; 4594; 4594
vtrace1; 1886; 4594; 4594
vtrace1; 1889; 4594; 4594
vtrace1; 1888; 4594; 4594
vtrace1; 1819; 4594; 4594
vtrace1; 1818; 4594; 4594
vtrace1; 1821; 4594; 4594
vtrace1; 1820; 4594; 4594
vtrace1; 1815; 4594; 4594
vtrace1; 1814; 4594; 4594
vtrace1; 1817; 4594; 4594
vtrace1; 1816; 4594; 4594
vtrace1; 1811; 4594; 4594
vtrace1; 1810; 4594; 4594
vtrace1; 1813; 4594; 4594
vtrace1; 1812; 4594; 4594
vtrace1; 1807; 4594; 4594
vtrace1; 1806; 4594; 4594
vtrace1; 1809; 4594; 4594
vtrace1; 1808; 4594; 4594
vtrace1; 1803; 4594; 4594
vtrace1; 1802; 4594; 4594
vtrace1; 1805; 4594; 4594
vtrace1; 1804; 4594; 4594
vtrace1; 1799; 4594; 4594
vtrace1; 1798; 4594; 4594
vtrace1; 1801; 4594; 4594
vtrace1; 1800; 4594; 4594
vtrace1; 1795; 4594; 4594
vtrace1; 1794; 4594; 4594
vtrace1; 1797; 4594; 4594
vtrace1; 1796; 4594; 4594
vtrace1; 1791; 4594; 4594
vtrace1; 1790; 4594; 4594
vtrace1; 1793; 4594; 4594
vtrace1; 1792; 4594; 4594
vtrace1; 1851; 4594; 4594
vtrace1; 1850; 4594; 4594
vtrace1; 1853; 4594; 4594
vtrace1; 1852; 4594; 4594
vtrace1; 1847; 4594; 4594
vtrace1; 1846; 4594; 4594
vtrace1; 1849; 4594; 4594
vtrace1; 1848; 4594; 4594
vtrace1; 1843; 4594; 4594
vtrace1; 1842; 4594; 4594
vtrace1; 1845; 4594; 4594
vtrace1; 1844; 4594; 4594
vtrace1; 1839; 4594; 4594
vtrace1; 1838; 4594; 4594
vtrace1; 1841; 4594; 4594
vtrace1; 1840; 4594; 4594
vtrace1; 1835; 4594; 4594
vtrace1; 1834; 4594; 4594
vtrace1; 1837; 4594; 4594
vtrace1; 1836; 4594; 4594
vtrace1; 1831; 4594; 4594
vtrace1; 1830; 4594; 4594
vtrace1; 1833; 4594; 4594
vtrace1; 1832; 4594; 4594
vtrace1; 1827; 4594; 4594
vtrace1; 1826; 4594; 4594
vtrace1; 1829; 4594; 4594
vtrace1; 1828; 4594; 4594
vtrace1; 1823; 4594; 4594
vtrace1; 1822; 4594; 4594
vtrace1; 1825; 4594; 4594
vtrace1; 1824; 4594; 4594
vtrace1; 1995; 4594; 4594
vtrace1; 1994; 4594; 4594
vtrace1; 1997; 4594; 4594
vtrace1; 1996; 4594; 4594
vtrace1; 1991; 4594; 4594
vtrace1; 1990; 4594; 4594
vtrace1; 1993; 4594; 4594
vtrace1; 1992; 4594; 4594
vtrace1; 1987; 4594; 4594
vtrace1; 1986; 4594; 4594
vtrace1; 1989; 4594; 4594
vtrace1; 1988; 4594; 4594
vtrace1; 1983; 4594; 4594
vtrace1; 1982; 4594; 4594
vtrace1; 1985; 4594; 4594
vtrace1; 1984; 4594; 4594
vtrace1; 1947; 4594; 4594
vtrace1; 1946; 4594; 4594
vtrace1; 1949; 4594; 4594
vtrace1; 1948; 4594; 4594
vtrace1; 1943; 4594; 4594
vtrace1; 1942; 4594; 4594
vtrace1; 1945; 4594; 4594
vtrace1; 1944; 4594; 4594
vtrace1; 1939; 4594; 4594
vtrace1; 1938; 4594; 4594
vtrace1; 1941; 4594; 4594
vtrace1; 1940; 4594; 4594
vtrace1; 1935; 4594; 4594
vtrace1; 1934; 4594; 4594
vtrace1; 1937; 4594; 4594
vtrace1; 1936; 4594; 4594
vtrace1; 1931; 4594; 4594
vtrace1; 1930; 4594; 4594
vtrace1; 1933; 4594; 4594
vtrace1; 1932; 4594; 4594
vtrace1; 1927; 4594; 4594
vtrace1; 1926; 4594; 4594
vtrace1; 1929; 4594; 4594
vtrace1; 1928; 4594; 4594
vtrace1; 1923; 4594; 4594
vtrace1; 1922; 4594; 4594
vtrace1; 1925; 4594; 4594
vtrace1; 1924; 4594; 4594
vtrace1; 1919; 4594; 4594
vtrace1; 1918; 4594; 4594
vtrace1; 1921; 4594; 4594
vtrace1; 1920; 4594; 4594
vtrace1; 1979; 4594; 4594
vtrace1; 1978; 4594; 4594
vtrace1; 1981; 4594; 4594
vtrace1; 1980; 4594; 4594
vtrace1; 1975; 4594; 4594
vtrace1; 1974; 4594; 4594
vtrace1; 1977; 4594; 4594
vtrace1; 1976; 4594; 4594
vtrace1; 1971; 4594; 4594
vtrace1; 1970; 4594; 4594
vtrace1; 1973; 4594; 4594
vtrace1; 1972; 4594; 4594
vtrace1; 1967; 4594; 4594
vtrace1; 1966; 4594; 4594
vtrace1; 1969; 4594; 4594
vtrace1; 1968; 4594; 4594
vtrace1; 1963; 4594; 4594
vtrace1; 1962; 4594; 4594
vtrace1; 1965; 4594; 4594
vtrace1; 1964; 4594; 4594
vtrace1; 1959; 4594; 4594
vtrace1; 1958; 4594; 4594
vtrace1; 1961; 4594; 4594
vtrace1; 1960; 4594; 4594
vtrace1; 1955; 4594; 4594
vtrace1; 1954; 4594; 4594
vtrace1; 1957; 4594; 4594
vtrace1; 1956; 4594; 4594
vtrace1; 1951; 4594; 4594
vtrace1; 1950; 4594; 4594
vtrace1; 1953; 4594; 4594
vtrace1; 1952; 4594; 4594
vtrace1; 91; 4594; 4594
vtrace1; 90; 4594; 4594
vtrace1; 93; 4594; 4594
vtrace1; 92; 4594; 4594
vtrace1; 87; 4594; 4594
vtrace1; 86; 4594; 4594
vtrace1; 89; 4594; 4594
vtrace1; 88; 4594; 4594
vtrace1; 83; 4594; 4594
vtrace1; 82; 4594; 4594
vtrace1; 85; 4594; 4594
vtrace1; 84; 4594; 4594
vtrace1; 79; 4594; 4594
vtrace1; 78; 4594; 4594
vtrace1; 81; 4594; 4594
vtrace1; 80; 4594; 4594
vtrace1; 75; 4594; 4594
vtrace1; 74; 4594; 4594
vtrace1; 77; 4594; 4594
vtrace1; 76; 4594; 4594
vtrace1; 71; 4594; 4594
vtrace1; 70; 4594; 4594
vtrace1; 73; 4594; 4594
vtrace1; 72; 4594; 4594
vtrace1; 67; 4594; 4594
vtrace1; 66; 4594; 4594
vtrace1; 69; 4594; 4594
vtrace1; 68; 4594; 4594
vtrace1; 63; 4594; 4594
vtrace1; 62; 4594; 4594
vtrace1; 65; 4594; 4594
vtrace1; 64; 4594; 4594
vtrace1; 123; 4594; 4594
vtrace1; 122; 4594; 4594
vtrace1; 125; 4594; 4594
vtrace1; 124; 4594; 4594
vtrace1; 119; 4594; 4594
vtrace1; 118; 4594; 4594
vtrace1; 121; 4594; 4594
vtrace1; 120; 4594; 4594
vtrace1; 115; 4594; 4594
vtrace1; 114; 4594; 4594
vtrace1; 117; 4594; 4594
vtrace1; 116; 4594; 4594
vtrace1; 111; 4594; 4594
vtrace1; 110; 4594; 4594
vtrace1; 113; 4594; 4594
vtrace1; 112; 4594; 4594
vtrace1; 107; 4594; 4594
vtrace1; 106; 4594; 4594
vtrace1; 109; 4594; 4594
vtrace1; 108; 4594; 4594
vtrace1; 103; 4594; 4594
vtrace1; 102; 4594; 4594
vtrace1; 105; 4594; 4594
vtrace1; 104; 4594; 4594
vtrace1; 99; 4594; 4594
vtrace1; 98; 4594; 4594
vtrace1; 101; 4594; 4594
vtrace1; 100; 4594; 4594
vtrace1; 95; 4594; 4594
vtrace1; 94; 4594; 4594
vtrace1; 97; 4594; 4594
vtrace1; 96; 4594; 4594
vtrace1; 27; 4594; 4594
vtrace1; 26; 4594; 4594
vtrace1; 29; 4594; 4594
vtrace1; 28; 4594; 4594
vtrace1; 23; 4594; 4594
vtrace1; 22; 4594; 4594
vtrace1; 25; 4594; 4594
vtrace1; 24; 4594; 4594
vtrace1; 19; 4594; 4594
vtrace1; 18; 4594; 4594
vtrace1; 21; 4594; 4594
vtrace1; 20; 4594; 4594
vtrace1; 15; 4594; 4594
vtrace1; 14; 4594; 4594
vtrace1; 17; 4594; 4594
vtrace1; 16; 4594; 4594
vtrace1; 11; 4594; 4594
vtrace1; 10; 4594; 4594
vtrace1; 13; 4594; 4594
vtrace1; 12; 4594; 4594
vtrace1; 7; 4594; 4594
vtrace1; 6; 4594; 4594
vtrace1; 9; 4594; 4594
vtrace1; 8; 4594; 4594
vtrace1; 3; 4594; 4594
vtrace1; 2; 4594; 4594
vtrace1; 5; 4594; 4594
vtrace1; 4; 4594; 4594
vtrace1; 1; 4594; 4594
vtrace1; 0; 4594; 4594
vtrace1; 59; 4594; 4594
vtrace1; 58; 4594; 4594
vtrace1; 61; 4594; 4594
vtrace1; 60; 4594; 4594
vtrace1; 55; 4594; 4594
vtrace1; 54; 4594; 4594
vtrace1; 57; 4594; 4594
vtrace1; 56; 4594; 4594
vtrace1; 51; 4594; 4594
vtrace1; 50; 4594; 4594
vtrace1; 53; 4594; 4594
vtrace1; 52; 4594; 4594
vtrace1; 47; 4594; 4594
vtrace1; 46; 4594; 4594
vtrace1; 49; 4594; 4594
vtrace1; 48; 4594; 4594
vtrace1; 43; 4594; 4594
vtrace1; 42; 4594; 4594
vtrace1; 45; 4594; 4594
vtrace1; 44; 4594; 4594
vtrace1; 39; 4594; 4594
vtrace1; 38; 4594; 4594
vtrace1; 41; 4594; 4594
vtrace1; 40; 4594; 4594
vtrace1; 35; 4594; 4594
vtrace1; 34; 4594; 4594
vtrace1; 37; 4594; 4594
vtrace1; 36; 4594; 4594
vtrace1; 31; 4594; 4594
vtrace1; 30; 4594; 4594
vtrace1; 33; 4594; 4594
vtrace1; 32; 4594; 4594
vtrace1; 219; 4594; 4594
vtrace1; 218; 4594; 4594
vtrace1; 221; 4594; 4594
vtrace1; 220; 4594; 4594
vtrace1; 215; 4594; 4594
vtrace1; 214; 4594; 4594
vtrace1; 217; 4594; 4594
vtrace1; 216; 4594; 4594
vtrace1; 211; 4594; 4594
vtrace1; 210; 4594; 4594
vtrace1; 213; 4594; 4594
vtrace1; 212; 4594; 4594
vtrace1; 207; 4594; 4594
vtrace1; 206; 4594; 4594
vtrace1; 209; 4594; 4594
vtrace1; 208; 4594; 4594
vtrace1; 203; 4594; 4594
vtrace1; 202; 4594; 4594
vtrace1; 205; 4594; 4594
vtrace1; 204; 4594; 4594
vtrace1; 199; 4594; 4594
vtrace1; 198; 4594; 4594
vtrace1; 201; 4594; 4594
vtrace1; 200; 4594; 4594
vtrace1; 195; 4594; 4594
vtrace1; 194; 4594; 4594
vtrace1; 197; 4594; 4594
vtrace1; 196; 4594; 4594
vtrace1; 191; 4594; 4594
vtrace1; 190; 4594; 4594
vtrace1; 193; 4594; 4594
vtrace1; 192; 4594; 4594
vtrace1; 251; 4594; 4594
vtrace1; 250; 4594; 4594
vtrace1; 253; 4594; 4594
vtrace1; 252; 4594; 4594
vtrace1; 247; 4594; 4594
vtrace1; 246; 4594; 4594
vtrace1; 249; 4594; 4594
vtrace1; 248; 4594; 4594
vtrace1; 243; 4594; 4594
vtrace1; 242; 4594; 4594
vtrace1; 245; 4594; 4594
vtrace1; 244; 4594; 4594
vtrace1; 239; 4594; 4594
vtrace1; 238; 4594; 4594
vtrace1; 241; 4594; 4594
vtrace1; 240; 4594; 4594
vtrace1; 235; 4594; 4594
vtrace1; 234; 4594; 4594
vtrace1; 237; 4594; 4594
vtrace1; 236; 4594; 4594
vtrace1; 231; 4594; 4594
vtrace1; 230; 4594; 4594
vtrace1; 233; 4594; 4594
vtrace1; 232; 4594; 4594
vtrace1; 227; 4594; 4594
vtrace1; 226; 4594; 4594
vtrace1; 229; 4594; 4594
vtrace1; 228; 4594; 4594
vtrace1; 223; 4594; 4594
vtrace1; 222; 4594; 4594
vtrace1; 225; 4594; 4594
vtrace1; 224; 4594; 4594
vtrace1; 155; 4594; 4594
vtrace1; 154; 4594; 4594
vtrace1; 157; 4594; 4594
vtrace1; 156; 4594; 4594
vtrace1; 151; 4594; 4594
vtrace1; 150; 4594; 4594
vtrace1; 153; 4594; 4594
vtrace1; 152; 4594; 4594
vtrace1; 147; 4594; 4594
vtrace1; 146; 4594; 4594
vtrace1; 149; 4594; 4594
vtrace1; 148; 4594; 4594
vtrace1; 143; 4594; 4594
vtrace1; 142; 4594; 4594
vtrace1; 145; 4594; 4594
vtrace1; 144; 4594; 4594
vtrace1; 139; 4594; 4594
vtrace1; 138; 4594; 4594
vtrace1; 141; 4594; 4594
vtrace1; 140; 4594; 4594
vtrace1; 135; 4594; 4594
vtrace1; 134; 4594; 4594
vtrace1; 137; 4594; 4594
vtrace1; 136; 4594; 4594
vtrace1; 131; 4594; 4594
vtrace1; 130; 4594; 4594
vtrace1; 133; 4594; 4594
vtrace1; 132; 4594; 4594
vtrace1; 127; 4594; 4594
vtrace1; 126; 4594; 4594
vtrace1; 129; 4594; 4594
vtrace1; 128; 4594; 4594
vtrace1; 187; 4594; 4594
vtrace1; 186; 4594; 4594
vtrace1; 189; 4594; 4594
vtrace1; 188; 4594; 4594
vtrace1; 183; 4594; 4594
vtrace1; 182; 4594; 4594
vtrace1; 185; 4594; 4594
vtrace1; 184; 4594; 4594
vtrace1; 179; 4594; 4594
vtrace1; 178; 4594; 4594
vtrace1; 181; 4594; 4594
vtrace1; 180; 4594; 4594
vtrace1; 175; 4594; 4594
vtrace1; 174; 4594; 4594
vtrace1; 177; 4594; 4594
vtrace1; 176; 4594; 4594
vtrace1; 171; 4594; 4594
vtrace1; 170; 4594; 4594
vtrace1; 173; 4594; 4594
vtrace1; 172; 4594; 4594
vtrace1; 167; 4594; 4594
vtrace1; 166; 4594; 4594
vtrace1; 169; 4594; 4594
vtrace1; 168; 4594; 4594
vtrace1; 163; 4594; 4594
vtrace1; 162; 4594; 4594
vtrace1; 165; 4594; 4594
vtrace1; 164; 4594; 4594
vtrace1; 159; 4594; 4594
vtrace1; 158; 4594; 4594
vtrace1; 161; 4594; 4594
vtrace1; 160; 4594; 4594
vtrace1; 347; 4594; 4594
vtrace1; 346; 4594; 4594
vtrace1; 349; 4594; 4594
vtrace1; 348; 4594; 4594
vtrace1; 343; 4594; 4594
vtrace1; 342; 4594; 4594
vtrace1; 345; 4594; 4594
vtrace1; 344; 4594; 4594
vtrace1; 339; 4594; 4594
vtrace1; 338; 4594; 4594
vtrace1; 341; 4594; 4594
vtrace1; 340; 4594; 4594
vtrace1; 335; 4594; 4594
vtrace1; 334; 4594; 4594
vtrace1; 337; 4594; 4594
vtrace1; 336; 4594; 4594
vtrace1; 331; 4594; 4594
vtrace1; 330; 4594; 4594
vtrace1; 333; 4594; 4594
vtrace1; 332; 4594; 4594
vtrace1; 327; 4594; 4594
vtrace1; 326; 4594; 4594
vtrace1; 329; 4594; 4594
vtrace1; 328; 4594; 4594
vtrace1; 323; 4594; 4594
vtrace1; 322; 4594; 4594
vtrace1; 325; 4594; 4594
vtrace1; 324; 4594; 4594
vtrace1; 319; 4594; 4594
vtrace1; 318; 4594; 4594
vtrace1; 321; 4594; 4594
vtrace1; 320; 4594; 4594
vtrace1; 379; 4594; 4594
vtrace1; 378; 4594; 4594
vtrace1; 381; 4594; 4594
vtrace1; 380; 4594; 4594
vtrace1; 375; 4594; 4594
vtrace1; 374; 4594; 4594
vtrace1; 377; 4594; 4594
vtrace1; 376; 4594; 4594
vtrace1; 371; 4594; 4594
vtrace1; 370; 4594; 4594
vtrace1; 373; 4594; 4594
vtrace1; 372; 4594; 4594
vtrace1; 367; 4594; 4594
vtrace1; 366; 4594; 4594
vtrace1; 369; 4594; 4594
vtrace1; 368; 4594; 4594
vtrace1; 363; 4594; 4594
vtrace1; 362; 4594; 4594
vtrace1; 365; 4594; 4594
vtrace1; 364; 4594; 4594
vtrace1; 359; 4594; 4594
vtrace1; 358; 4594; 4594
vtrace1; 361; 4594; 4594
vtrace1; 360; 4594; 4594
vtrace1; 355; 4594; 4594
vtrace1; 354; 4594; 4594
vtrace1; 357; 4594; 4594
vtrace1; 356; 4594; 4594
vtrace1; 351; 4594; 4594
vtrace1; 350; 4594; 4594
vtrace1; 353; 4594; 4594
vtrace1; 352; 4594; 4594
vtrace1; 283; 4594; 4594
vtrace1; 282; 4594; 4594
vtrace1; 285; 4594; 4594
vtrace1; 284; 4594; 4594
vtrace1; 279; 4594; 4594
vtrace1; 278; 4594; 4594
vtrace1; 281; 4594; 4594
vtrace1; 280; 4594; 4594
vtrace1; 275; 4594; 4594
vtrace1; 274; 4594; 4594
vtrace1; 277; 4594; 4594
vtrace1; 276; 4594; 4594
vtrace1; 271; 4594; 4594
vtrace1; 270; 4594; 4594
vtrace1; 273; 4594; 4594
vtrace1; 272; 4594; 4594
vtrace1; 267; 4594; 4594
vtrace1; 266; 4594; 4594
vtrace1; 269; 4594; 4594
vtrace1; 268; 4594; 4594
vtrace1; 263; 4594; 4594
vtrace1; 262; 4594; 4594
vtrace1; 265; 4594; 4594
vtrace1; 264; 4594; 4594
vtrace1; 259; 4594; 4594
vtrace1; 258; 4594; 4594
vtrace1; 261; 4594; 4594
vtrace1; 260; 4594; 4594
vtrace1; 255; 4594; 4594
vtrace1; 254; 4594; 4594
vtrace1; 257; 4594; 4594
vtrace1; 256; 4594; 4594
vtrace1; 315; 4594; 4594
vtrace1; 314; 4594; 4594
vtrace1; 317; 4594; 4594
vtrace1; 316; 4594; 4594
vtrace1; 311; 4594; 4594
vtrace1; 310; 4594; 4594
vtrace1; 313; 4594; 4594
vtrace1; 312; 4594; 4594
vtrace1; 307; 4594; 4594
vtrace1; 306; 4594; 4594
vtrace1; 309; 4594; 4594
vtrace1; 308; 4594; 4594
vtrace1; 303; 4594; 4594
vtrace1; 302; 4594; 4594
vtrace1; 305; 4594; 4594
vtrace1; 304; 4594; 4594
vtrace1; 299; 4594; 4594
vtrace1; 298; 4594; 4594
vtrace1; 301; 4594; 4594
vtrace1; 300; 4594; 4594
vtrace1; 295; 4594; 4594
vtrace1; 294; 4594; 4594
vtrace1; 297; 4594; 4594
vtrace1; 296; 4594; 4594
vtrace1; 291; 4594; 4594
vtrace1; 290; 4594; 4594
vtrace1; 293; 4594; 4594
vtrace1; 292; 4594; 4594
vtrace1; 287; 4594; 4594
vtrace1; 286; 4594; 4594
vtrace1; 289; 4594; 4594
vtrace1; 288; 4594; 4594
vtrace1; 475; 4594; 4594
vtrace1; 474; 4594; 4594
vtrace1; 477; 4594; 4594
vtrace1; 476; 4594; 4594
vtrace1; 471; 4594; 4594
vtrace1; 470; 4594; 4594
vtrace1; 473; 4594; 4594
vtrace1; 472; 4594; 4594
vtrace1; 467; 4594; 4594
vtrace1; 466; 4594; 4594
vtrace1; 469; 4594; 4594
vtrace1; 468; 4594; 4594
vtrace1; 463; 4594; 4594
vtrace1; 462; 4594; 4594
vtrace1; 465; 4594; 4594
vtrace1; 464; 4594; 4594
vtrace1; 459; 4594; 4594
vtrace1; 458; 4594; 4594
vtrace1; 461; 4594; 4594
vtrace1; 460; 4594; 4594
vtrace1; 455; 4594; 4594
vtrace1; 454; 4594; 4594
vtrace1; 457; 4594; 4594
vtrace1; 456; 4594; 4594
vtrace1; 451; 4594; 4594
vtrace1; 450; 4594; 4594
vtrace1; 453; 4594; 4594
vtrace1; 452; 4594; 4594
vtrace1; 447; 4594; 4594
vtrace1; 446; 4594; 4594
vtrace1; 449; 4594; 4594
vtrace1; 448; 4594; 4594
vtrace1; 507; 4594; 4594
vtrace1; 506; 4594; 4594
vtrace1; 509; 4594; 4594
vtrace1; 508; 4594; 4594
vtrace1; 503; 4594; 4594
vtrace1; 502; 4594; 4594
vtrace1; 505; 4594; 4594
vtrace1; 504; 4594; 4594
vtrace1; 499; 4594; 4594
vtrace1; 498; 4594; 4594
vtrace1; 501; 4594; 4594
vtrace1; 500; 4594; 4594
vtrace1; 495; 4594; 4594
vtrace1; 494; 4594; 4594
vtrace1; 497; 4594; 4594
vtrace1; 496; 4594; 4594
vtrace1; 491; 4594; 4594
vtrace1; 490; 4594; 4594
vtrace1; 493; 4594; 4594
vtrace1; 492; 4594; 4594
vtrace1; 487; 4594; 4594
vtrace1; 486; 4594; 4594
vtrace1; 489; 4594; 4594
vtrace1; 488; 4594; 4594
vtrace1; 483; 4594; 4594
vtrace1; 482; 4594; 4594
vtrace1; 485; 4594; 4594
vtrace1; 484; 4594; 4594
vtrace1; 479; 4594; 4594
vtrace1; 478; 4594; 4594
vtrace1; 481; 4594; 4594
vtrace1; 480; 4594; 4594
vtrace1; 411; 4594; 4594
vtrace1; 410; 4594; 4594
vtrace1; 413; 4594; 4594
vtrace1; 412; 4594; 4594
vtrace1; 407; 4594; 4594
vtrace1; 406; 4594; 4594
vtrace1; 409; 4594; 4594
vtrace1; 408; 4594; 4594
vtrace1; 403; 4594; 4594
vtrace1; 402; 4594; 4594
vtrace1; 405; 4594; 4594
vtrace1; 404; 4594; 4594
vtrace1; 399; 4594; 4594
vtrace1; 398; 4594; 4594
vtrace1; 401; 4594; 4594
vtrace1; 400; 4594; 4594
vtrace1; 395; 4594; 4594
vtrace1; 394; 4594; 4594
vtrace1; 397; 4594; 4594
vtrace1; 396; 4594; 4594
vtrace1; 391; 4594; 4594
vtrace1; 390; 4594; 4594
vtrace1; 393; 4594; 4594
vtrace1; 392; 4594; 4594
vtrace1; 387; 4594; 4594
vtrace1; 386; 4594; 4594
vtrace1; 389; 4594; 4594
vtrace1; 388; 4594; 4594
vtrace1; 383; 4594; 4594
vtrace1; 382; 4594; 4594
vtrace1; 385; 4594; 4594
vtrace1; 384; 4594; 4594
vtrace1; 443; 4594; 4594
vtrace1; 442; 4594; 4594
vtrace1; 445; 4594; 4594
vtrace1; 444; 4594; 4594
vtrace1; 439; 4594; 4594
vtrace1; 438; 4594; 4594
vtrace1; 441; 4594; 4594
vtrace1; 440; 4594; 4594
vtrace1; 435; 4594; 4594
vtrace1; 434; 4594; 4594
vtrace1; 437; 4594; 4594
vtrace1; 436; 4594; 4594
vtrace1; 431; 4594; 4594
vtrace1; 430; 4594; 4594
vtrace1; 433; 4594; 4594
vtrace1; 432; 4594; 4594
vtrace1; 427; 4594; 4594
vtrace1; 426; 4594; 4594
vtrace1; 429; 4594; 4594
vtrace1; 428; 4594; 4594
vtrace1; 423; 4594; 4594
vtrace1; 422; 4594; 4594
vtrace1; 425; 4594; 4594
vtrace1; 424; 4594; 4594
vtrace1; 419; 4594; 4594
vtrace1; 418; 4594; 4594
vtrace1; 421; 4594; 4594
vtrace1; 420; 4594; 4594
vtrace1; 415; 4594; 4594
vtrace1; 414; 4594; 4594
vtrace1; 417; 4594; 4594
vtrace1; 416; 4594; 4594
vtrace1; 603; 4594; 4594
vtrace1; 602; 4594; 4594
vtrace1; 605; 4594; 4594
vtrace1; 604; 4594; 4594
vtrace1; 599; 4594; 4594
vtrace1; 598; 4594; 4594
vtrace1; 601; 4594; 4594
vtrace1; 600; 4594; 4594
vtrace1; 595; 4594; 4594
vtrace1; 594; 4594; 4594
vtrace1; 597; 4594; 4594
vtrace1; 596; 4594; 4594
vtrace1; 591; 4594; 4594
vtrace1; 590; 4594; 4594
vtrace1; 593; 4594; 4594
vtrace1; 592; 4594; 4594
vtrace1; 587; 4594; 4594
vtrace1; 586; 4594; 4594
vtrace1; 589; 4594; 4594
vtrace1; 588; 4594; 4594
vtrace1; 583; 4594; 4594
vtrace1; 582; 4594; 4594
vtrace1; 585; 4594; 4594
vtrace1; 584; 4594; 4594
vtrace1; 579; 4594; 4594
vtrace1; 578; 4594; 4594
vtrace1; 581; 4594; 4594
vtrace1; 580; 4594; 4594
vtrace1; 575; 4594; 4594
vtrace1; 574; 4594; 4594
vtrace1; 577; 4594; 4594
vtrace1; 576; 4594; 4594
vtrace1; 635; 4594; 4594
vtrace1; 634; 4594; 4594
vtrace1; 637; 4594; 4594
vtrace1; 636; 4594; 4594
vtrace1; 631; 4594; 4594
vtrace1; 630; 4594; 4594
vtrace1; 633; 4594; 4594
vtrace1; 632; 4594; 4594
vtrace1; 627; 4594; 4594
vtrace1; 626; 4594; 4594
vtrace1; 629; 4594; 4594
vtrace1; 628; 4594; 4594
vtrace1; 623; 4594; 4594
vtrace1; 622; 4594; 4594
vtrace1; 625; 4594; 4594
vtrace1; 624; 4594; 4594
vtrace1; 619; 4594; 4594
vtrace1; 618; 4594; 4594
vtrace1; 621; 4594; 4594
vtrace1; 620; 4594; 4594
vtrace1; 615; 4594; 4594
vtrace1; 614; 4594; 4594
vtrace1; 617; 4594; 4594
vtrace1; 616; 4594; 4594
vtrace1; 611; 4594; 4594
vtrace1; 610; 4594; 4594
vtrace1; 613; 4594; 4594
vtrace1; 612; 4594; 4594
vtrace1; 607; 4594; 4594
vtrace1; 606; 4594; 4594
vtrace1; 609; 4594; 4594
vtrace1; 608; 4594; 4594
vtrace1; 539; 4594; 4594
vtrace1; 538; 4594; 4594
vtrace1; 541; 4594; 4594
vtrace1; 540; 4594; 4594
vtrace1; 535; 4594; 4594
vtrace1; 534; 4594; 4594
vtrace1; 537; 4594; 4594
vtrace1; 536; 4594; 4594
vtrace1; 531; 4594; 4594
vtrace1; 530; 4594; 4594
vtrace1; 533; 4594; 4594
vtrace1; 532; 4594; 4594
vtrace1; 527; 4594; 4594
vtrace1; 526; 4594; 4594
vtrace1; 529; 4594; 4594
vtrace1; 528; 4594; 4594
vtrace1; 523; 4594; 4594
vtrace1; 522; 4594; 4594
vtrace1; 525; 4594; 4594
vtrace1; 524; 4594; 4594
vtrace1; 519; 4594; 4594
vtrace1; 518; 4594; 4594
vtrace1; 521; 4594; 4594
vtrace1; 520; 4594; 4594
vtrace1; 515; 4594; 4594
vtrace1; 514; 4594; 4594
vtrace1; 517; 4594; 4594
vtrace1; 516; 4594; 4594
vtrace1; 511; 4594; 4594
vtrace1; 510; 4594; 4594
vtrace1; 513; 4594; 4594
vtrace1; 512; 4594; 4594
vtrace1; 571; 4594; 4594
vtrace1; 570; 4594; 4594
vtrace1; 573; 4594; 4594
vtrace1; 572; 4594; 4594
vtrace1; 567; 4594; 4594
vtrace1; 566; 4594; 4594
vtrace1; 569; 4594; 4594
vtrace1; 568; 4594; 4594
vtrace1; 563; 4594; 4594
vtrace1; 562; 4594; 4594
vtrace1; 565; 4594; 4594
vtrace1; 564; 4594; 4594
vtrace1; 559; 4594; 4594
vtrace1; 558; 4594; 4594
vtrace1; 561; 4594; 4594
vtrace1; 560; 4594; 4594
vtrace1; 555; 4594; 4594
vtrace1; 554; 4594; 4594
vtrace1; 557; 4594; 4594
vtrace1; 556; 4594; 4594
vtrace1; 551; 4594; 4594
vtrace1; 550; 4594; 4594
vtrace1; 553; 4594; 4594
vtrace1; 552; 4594; 4594
vtrace1; 547; 4594; 4594
vtrace1; 546; 4594; 4594
vtrace1; 549; 4594; 4594
vtrace1; 548; 4594; 4594
vtrace1; 543; 4594; 4594
vtrace1; 542; 4594; 4594
vtrace1; 545; 4594; 4594
vtrace1; 544; 4594; 4594
vtrace1; 731; 4594; 4594
vtrace1; 730; 4594; 4594
vtrace1; 733; 4594; 4594
vtrace1; 732; 4594; 4594
vtrace1; 727; 4594; 4594
vtrace1; 726; 4594; 4594
vtrace1; 729; 4594; 4594
vtrace1; 728; 4594; 4594
vtrace1; 723; 4594; 4594
vtrace1; 722; 4594; 4594
vtrace1; 725; 4594; 4594
vtrace1; 724; 4594; 4594
vtrace1; 719; 4594; 4594
vtrace1; 718; 4594; 4594
vtrace1; 721; 4594; 4594
vtrace1; 720; 4594; 4594
vtrace1; 715; 4594; 4594
vtrace1; 714; 4594; 4594
vtrace1; 717; 4594; 4594
vtrace1; 716; 4594; 4594
vtrace1; 711; 4594; 4594
vtrace1; 710; 4594; 4594
vtrace1; 713; 4594; 4594
vtrace1; 712; 4594; 4594
vtrace1; 707; 4594; 4594
vtrace1; 706; 4594; 4594
vtrace1; 709; 4594; 4594
vtrace1; 708; 4594; 4594
vtrace1; 703; 4594; 4594
vtrace1; 702; 4594; 4594
vtrace1; 705; 4594; 4594
vtrace1; 704; 4594; 4594
vtrace1; 763; 4594; 4594
vtrace1; 762; 4594; 4594
vtrace1; 765; 4594; 4594
vtrace1; 764; 4594; 4594
vtrace1; 759; 4594; 4594
vtrace1; 758; 4594; 4594
vtrace1; 761; 4594; 4594
vtrace1; 760; 4594; 4594
vtrace1; 755; 4594; 4594
vtrace1; 754; 4594; 4594
vtrace1; 757; 4594; 4594
vtrace1; 756; 4594; 4594
vtrace1; 751; 4594; 4594
vtrace1; 750; 4594; 4594
vtrace1; 753; 4594; 4594
vtrace1; 752; 4594; 4594
vtrace1; 747; 4594; 4594
vtrace1; 746; 4594; 4594
vtrace1; 749; 4594; 4594
vtrace1; 748; 4594; 4594
vtrace1; 743; 4594; 4594
vtrace1; 742; 4594; 4594
vtrace1; 745; 4594; 4594
vtrace1; 744; 4594; 4594
vtrace1; 739; 4594; 4594
vtrace1; 738; 4594; 4594
vtrace1; 741; 4594; 4594
vtrace1; 740; 4594; 4594
vtrace1; 735; 4594; 4594
vtrace1; 734; 4594; 4594
vtrace1; 737; 4594; 4594
vtrace1; 736; 4594; 4594
vtrace1; 667; 4594; 4594
vtrace1; 666; 4594; 4594
vtrace1; 669; 4594; 4594
vtrace1; 668; 4594; 4594
vtrace1; 663; 4594; 4594
vtrace1; 662; 4594; 4594
vtrace1; 665; 4594; 4594
vtrace1; 664; 4594; 4594
vtrace1; 659; 4594; 4594
vtrace1; 658; 4594; 4594
vtrace1; 661; 4594; 4594
vtrace1; 660; 4594; 4594
vtrace1; 655; 4594; 4594
vtrace1; 654; 4594; 4594
vtrace1; 657; 4594; 4594
vtrace1; 656; 4594; 4594
vtrace1; 651; 4594; 4594
vtrace1; 650; 4594; 4594
vtrace1; 653; 4594; 4594
vtrace1; 652; 4594; 4594
vtrace1; 647; 4594; 4594
vtrace1; 646; 4594; 4594
vtrace1; 649; 4594; 4594
vtrace1; 648; 4594; 4594
vtrace1; 643; 4594; 4594
vtrace1; 642; 4594; 4594
vtrace1; 645; 4594; 4594
vtrace1; 644; 4594; 4594
vtrace1; 639; 4594; 4594
vtrace1; 638; 4594; 4594
vtrace1; 641; 4594; 4594
vtrace1; 640; 4594; 4594
vtrace1; 699; 4594; 4594
vtrace1; 698; 4594; 4594
vtrace1; 701; 4594; 4594
vtrace1; 700; 4594; 4594
vtrace1; 695; 4594; 4594
vtrace1; 694; 4594; 4594
vtrace1; 697; 4594; 4594
vtrace1; 696; 4594; 4594
vtrace1; 691; 4594; 4594
vtrace1; 690; 4594; 4594
vtrace1; 693; 4594; 4594
vtrace1; 692; 4594; 4594
vtrace1; 687; 4594; 4594
vtrace1; 686; 4594; 4594
vtrace1; 689; 4594; 4594
vtrace1; 688; 4594; 4594
vtrace1; 683; 4594; 4594
vtrace1; 682; 4594; 4594
vtrace1; 685; 4594; 4594
vtrace1; 684; 4594; 4594
vtrace1; 679; 4594; 4594
vtrace1; 678; 4594; 4594
vtrace1; 681; 4594; 4594
vtrace1; 680; 4594; 4594
vtrace1; 675; 4594; 4594
vtrace1; 674; 4594; 4594
vtrace1; 677; 4594; 4594
vtrace1; 676; 4594; 4594
vtrace1; 671; 4594; 4594
vtrace1; 670; 4594; 4594
vtrace1; 673; 4594; 4594
vtrace1; 672; 4594; 4594
vtrace1; 1525; 1253; 10136
vtrace1; 1376; 5157; 5157
vtrace1; 1526; 1253; 10136
vtrace1; 1377; 5157; 5157
vtrace1; 1527; 1253; 10136
vtrace1; 1378; 5157; 5157
vtrace1; 1528; 1253; 10136
vtrace1; 1379; 5157; 5157
vtrace1; 1521; 1253; 10136
vtrace1; 1372; 5157; 5157
vtrace1; 1522; 1253; 10136
vtrace1; 1373; 5157; 5157
vtrace1; 1523; 1253; 10136
vtrace1; 1374; 5157; 5157
vtrace1; 1524; 1253; 10136
vtrace1; 1375; 5157; 5157
vtrace1; 1517; 1253; 10136
vtrace1; 1368; 5157; 5157
vtrace1; 1518; 1253; 10136
vtrace1; 1369; 5157; 5157
vtrace1; 1519; 1253; 10136
vtrace1; 1370; 5157; 5157
vtrace1; 1520; 1253; 10136
vtrace1; 1371; 5157; 5157
vtrace1; 1513; 1253; 10136
vtrace1; 1364; 5157; 5157
vtrace1; 1514; 1253; 10136
vtrace1; 1365; 5157; 5157
vtrace1; 1515; 1253; 10136
vtrace1; 1366; 5157; 5157
vtrace1; 1516; 1253; 10136
vtrace1; 1367; 5157; 5157
vtrace1; 1509; 1253; 10136
vtrace1; 1360; 5157; 5157
vtrace1; 1510; 1253; 10136
vtrace1; 1361; 5157; 5157
vtrace1; 1511; 1253; 10136
vtrace1; 1362; 5157; 5157
vtrace1; 1512; 1253; 10136
vtrace1; 1363; 5157; 5157
vtrace1; 1505; 1253; 10136
vtrace1; 1356; 5157; 5157
vtrace1; 1506; 1253; 10136
vtrace1; 1357; 5157; 5157
vtrace1; 1507; 1253; 10136
vtrace1; 1358; 5157; 5157
vtrace1; 1508; 1253; 10136
vtrace1; 1359; 5157; 5157
vtrace1; 1501; 1253; 10136
vtrace1; 1352; 5157; 5157
vtrace1; 1502; 1253; 10136
vtrace1; 1353; 5157; 5157
vtrace1; 1503; 1253; 10136
vtrace1; 1354; 5157; 5157
vtrace1; 1504; 1253; 10136
vtrace1; 1355; 5157; 5157
vtrace1; 1497; 1253; 10136
vtrace1; 1348; 5157; 5157
vtrace1; 1498; 1253; 10136
vtrace1; 1349; 5157; 5157
vtrace1; 1499; 1253; 10136
vtrace1; 1350; 5157; 5157
vtrace1; 1500; 1253; 10136
vtrace1; 1351; 5157; 5157
vtrace1; 1557; 1253; 10136
vtrace1; 1408; 5157; 5157
vtrace1; 1558; 1253; 10136
vtrace1; 1409; 5157; 5157
vtrace1; 1559; 1253; 10136
vtrace1; 1410; 5157; 5157
vtrace1; 1560; 1253; 10136
vtrace1; 1411; 5157; 5157
vtrace1; 1553; 1253; 10136
vtrace1; 1404; 5157; 5157
vtrace1; 1554; 1253; 10136
vtrace1; 1405; 5157; 5157
vtrace1; 1555; 1253; 10136
vtrace1; 1406; 5157; 5157
vtrace1; 1556; 1253; 10136
vtrace1; 1407; 5157; 5157
vtrace1; 1549; 1253; 10136
vtrace1; 1400; 5157; 5157
vtrace1; 1550; 1253; 10136
vtrace1; 1401; 5157; 5157
vtrace1; 1551; 1253; 10136
vtrace1; 1402; 5157; 5157
vtrace1; 1552; 1253; 10136
vtrace1; 1403; 5157; 5157
vtrace1; 1545; 1253; 10136
vtrace1; 1396; 5157; 5157
vtrace1; 1546; 1253; 10136
vtrace1; 1397; 5157; 5157
vtrace1; 1547; 1253; 10136
vtrace1; 1398; 5157; 5157
vtrace1; 1548; 1253; 10136
vtrace1; 1399; 5157; 5157
vtrace1; 1541; 1253; 10136
vtrace1; 1392; 5157; 5157
vtrace1; 1542; 1253; 10136
vtrace1; 1393; 5157; 5157
vtrace1; 1543; 1253; 10136
vtrace1; 1394; 5157; 5157
vtrace1; 1544; 1253; 10136
vtrace1; 1395; 5157; 5157
vtrace1; 1537; 1253; 10136
vtrace1; 1388; 5157; 5157
vtrace1; 1538; 1253; 10136
vtrace1; 1389; 5157; 5157
vtrace1; 1539; 1253; 10136
vtrace1; 1390; 5157; 5157
vtrace1; 1540; 1253; 10136
vtrace1; 1391; 5157; 5157
vtrace1; 1533; 1253; 10136
vtrace1; 1384; 5157; 5157
vtrace1; 1534; 1253; 10136
vtrace1; 1385; 5157; 5157
vtrace1; 1535; 1253; 10136
vtrace1; 1386; 5157; 5157
vtrace1; 1536; 1253; 10136
vtrace1; 1387; 5157; 5157
vtrace1; 1529; 1253; 10136
vtrace1; 1380; 5157; 5157
vtrace1; 1530; 1253; 10136
vtrace1; 1381; 5157; 5157
vtrace1; 1531; 1253; 10136
vtrace1; 1382; 5157; 5157
vtrace1; 1532; 1253; 10136
vtrace1; 1383; 5157; 5157
vtrace1; 1461; 1253; 10136
vtrace1; 1312; 5157; 5157
vtrace1; 1462; 1253; 10136
vtrace1; 1313; 5157; 5157
vtrace1; 1463; 1253; 10136
vtrace1; 1314; 5157; 5157
vtrace1; 1464; 1253; 10136
vtrace1; 1315; 5157; 5157
vtrace1; 1457; 1253; 10136
vtrace1; 1308; 5157; 5157
vtrace1; 1458; 1253; 10136
vtrace1; 1309; 5157; 5157
vtrace1; 1459; 1253; 10136
vtrace1; 1310; 5157; 5157
vtrace1; 1460; 1253; 10136
vtrace1; 1311; 5157; 5157
vtrace1; 1453; 1253; 10136
vtrace1; 1304; 5157; 5157
vtrace1; 1454; 1253; 10136
vtrace1; 1305; 5157; 5157
vtrace1; 1455; 1253; 10136
vtrace1; 1306; 5157; 5157
vtrace1; 1456; 1253; 10136
vtrace1; 1307; 5157; 5157
vtrace1; 1449; 1253; 10136
vtrace1; 1300; 5157; 5157
vtrace1; 1450; 1253; 10136
vtrace1; 1301; 5157; 5157
vtrace1; 1451; 1253; 10136
vtrace1; 1302; 5157; 5157
vtrace1; 1452; 1253; 10136
vtrace1; 1303; 5157; 5157
vtrace1; 1445; 1253; 10136
vtrace1; 1296; 5157; 5157
vtrace1; 1446; 1253; 10136
vtrace1; 1297; 5157; 5157
vtrace1; 1447; 1253; 10136
vtrace1; 1298; 5157; 5157
vtrace1; 1448; 1253; 10136
vtrace1; 1299; 5157; 5157
vtrace1; 1441; 1253; 10136
vtrace1; 1292; 5157; 5157
vtrace1; 1442; 1253; 10136
vtrace1; 1293; 5157; 5157
vtrace1; 1443; 1253; 10136
vtrace1; 1294; 5157; 5157
vtrace1; 1444; 1253; 10136
vtrace1; 1295; 5157; 5157
vtrace1; 1437; 1253; 10136
vtrace1; 1288; 5157; 5157
vtrace1; 1438; 1253; 10136
vtrace1; 1289; 5157; 5157
vtrace1; 1439; 1253; 10136
vtrace1; 1290; 5157; 5157
vtrace1; 1440; 1253; 10136
vtrace1; 1291; 5157; 5157
vtrace1; 1433; 1253; 10136
vtrace1; 1284; 5157; 5157
vtrace1; 1434; 1253; 10136
vtrace1; 1285; 5157; 5157
vtrace1; 1435; 1253; 10136
vtrace1; 1286; 5157; 5157
vtrace1; 1436; 1253; 10136
vtrace1; 1287; 5157; 5157
vtrace1; 1493; 1253; 10136
vtrace1; 1344; 5157; 5157
vtrace1; 1494; 1253; 10136
vtrace1; 1345; 5157; 5157
vtrace1; 1495; 1253; 10136
vtrace1; 1346; 5157; 5157
vtrace1; 1496; 1253; 10136
vtrace1; 1347; 5157; 5157
vtrace1; 1489; 1253; 10136
vtrace1; 1340; 5157; 5157
vtrace1; 1490; 1253; 10136
vtrace1; 1341; 5157; 5157
vtrace1; 1491; 1253; 10136
vtrace1; 1342; 5157; 5157
vtrace1; 1492; 1253; 10136
vtrace1; 1343; 5157; 5157
vtrace1; 1485; 1253; 10136
vtrace1; 1336; 5157; 5157
vtrace1; 1486; 1253; 10136
vtrace1; 1337; 5157; 5157
vtrace1; 1487; 1253; 10136
vtrace1; 1338; 5157; 5157
vtrace1; 1488; 1253; 10136
vtrace1; 1339; 5157; 5157
vtrace1; 1481; 1253; 10136
vtrace1; 1332; 5157; 5157
vtrace1; 1482; 1253; 10136
vtrace1; 1333; 5157; 5157
vtrace1; 1483; 1253; 10136
vtrace1; 1334; 5157; 5157
vtrace1; 1484; 1253; 10136
vtrace1; 1335; 5157; 5157
vtrace1; 1477; 1253; 10136
vtrace1; 1328; 5157; 5157
vtrace1; 1478; 1253; 10136
vtrace1; 1329; 5157; 5157
vtrace1; 1479; 1253; 10136
vtrace1; 1330; 5157; 5157
vtrace1; 1480; 1253; 10136
vtrace1; 1331; 5157; 5157
vtrace1; 1473; 1253; 10136
vtrace1; 1324; 5157; 5157
vtrace1; 1474; 1253; 10136
vtrace1; 1325; 5157; 5157
vtrace1; 1475; 1253; 10136
vtrace1; 1326; 5157; 5157
vtrace1; 1476; 1253; 10136
vtrace1; 1327; 5157; 5157
vtrace1; 1469; 1253; 10136
vtrace1; 1320; 5157; 5157
vtrace1; 1470; 1253; 10136
vtrace1; 1321; 5157; 5157
vtrace1; 1471; 1253; 10136
vtrace1; 1322; 5157; 5157
vtrace1; 1472; 1253; 10136
vtrace1; 1323; 5157; 5157
vtrace1; 1465; 1253; 10136
vtrace1; 1316; 5157; 5157
vtrace1; 1466; 1253; 10136
vtrace1; 1317; 5157; 5157
vtrace1; 1467; 1253; 10136
vtrace1; 1318; 5157; 5157
vtrace1; 1468; 1253; 10136
vtrace1; 1319; 5157; 5157
vtrace1; 1653; 1253; 10136
vtrace1; 1504; 5157; 5157
vtrace1; 1654; 1253; 10136
vtrace1; 1505; 5157; 5157
vtrace1; 1655; 1253; 10136
vtrace1; 1506; 5157; 5157
vtrace1; 1656; 1253; 10136
vtrace1; 1507; 5157; 5157
vtrace1; 1649; 1253; 10136
vtrace1; 1500; 5157; 5157
vtrace1; 1650; 1253; 10136
vtrace1; 1501; 5157; 5157
vtrace1; 1651; 1253; 10136
vtrace1; 1502; 5157; 5157
vtrace1; 1652; 1253; 10136
vtrace1; 1503; 5157; 5157
vtrace1; 1645; 1253; 10136
vtrace1; 1496; 5157; 5157
vtrace1; 1646; 1253; 10136
vtrace1; 1497; 5157; 5157
vtrace1; 1647; 1253; 10136
vtrace1; 1498; 5157; 5157
vtrace1; 1648; 1253; 10136
vtrace1; 1499; 5157; 5157
vtrace1; 1641; 1253; 10136
vtrace1; 1492; 5157; 5157
vtrace1; 1642; 1253; 10136
vtrace1; 1493; 5157; 5157
vtrace1; 1643; 1253; 10136
vtrace1; 1494; 5157; 5157
vtrace1; 1644; 1253; 10136
vtrace1; 1495; 5157; 5157
vtrace1; 1637; 1253; 10136
vtrace1; 1488; 5157; 5157
vtrace1; 1638; 1253; 10136
vtrace1; 1489; 5157; 5157
vtrace1; 1639; 1253; 10136
vtrace1; 1490; 5157; 5157
vtrace1; 1640; 1253; 10136
vtrace1; 1491; 5157; 5157
vtrace1; 1633; 1253; 10136
vtrace1; 1484; 5157; 5157
vtrace1; 1634; 1253; 10136
vtrace1; 1485; 5157; 5157
vtrace1; 1635; 1253; 10136
vtrace1; 1486; 5157; 5157
vtrace1; 1636; 1253; 10136
vtrace1; 1487; 5157; 5157
vtrace1; 1629; 1253; 10136
vtrace1; 1480; 5157; 5157
vtrace1; 1630; 1253; 10136
vtrace1; 1481; 5157; 5157
vtrace1; 1631; 1253; 10136
vtrace1; 1482; 5157; 5157
vtrace1; 1632; 1253; 10136
vtrace1; 1483; 5157; 5157
vtrace1; 1625; 1253; 10136
vtrace1; 1476; 5157; 5157
vtrace1; 1626; 1253; 10136
vtrace1; 1477; 5157; 5157
vtrace1; 1627; 1253; 10136
vtrace1; 1478; 5157; 5157
vtrace1; 1628; 1253; 10136
vtrace1; 1479; 5157; 5157
vtrace1; 1685; 1253; 10136
vtrace1; 1536; 5157; 5157
vtrace1; 1686; 1253; 10136
vtrace1; 1537; 5157; 5157
vtrace1; 1687; 1253; 10136
vtrace1; 1538; 5157; 5157
vtrace1; 1688; 1253; 10136
vtrace1; 1539; 5157; 5157
vtrace1; 1681; 1253; 10136
vtrace1; 1532; 5157; 5157
vtrace1; 1682; 1253; 10136
vtrace1; 1533; 5157; 5157
vtrace1; 1683; 1253; 10136
vtrace1; 1534; 5157; 5157
vtrace1; 1684; 1253; 10136
vtrace1; 1535; 5157; 5157
vtrace1; 1677; 1253; 10136
vtrace1; 1528; 5157; 5157
vtrace1; 1678; 1253; 10136
vtrace1; 1529; 5157; 5157
vtrace1; 1679; 1253; 10136
vtrace1; 1530; 5157; 5157
vtrace1; 1680; 1253; 10136
vtrace1; 1531; 5157; 5157
vtrace1; 1673; 1253; 10136
vtrace1; 1524; 5157; 5157
vtrace1; 1674; 1253; 10136
vtrace1; 1525; 5157; 5157
vtrace1; 1675; 1253; 10136
vtrace1; 1526; 5157; 5157
vtrace1; 1676; 1253; 10136
vtrace1; 1527; 5157; 5157
vtrace1; 1669; 1253; 10136
vtrace1; 1520; 5157; 5157
vtrace1; 1670; 1253; 10136
vtrace1; 1521; 5157; 5157
vtrace1; 1671; 1253; 10136
vtrace1; 1522; 5157; 5157
vtrace1; 1672; 1253; 10136
vtrace1; 1523; 5157; 5157
vtrace1; 1665; 1253; 10136
vtrace1; 1516; 5157; 5157
vtrace1; 1666; 1253; 10136
vtrace1; 1517; 5157; 5157
vtrace1; 1667; 1253; 10136
vtrace1; 1518; 5157; 5157
vtrace1; 1668; 1253; 10136
vtrace1; 1519; 5157; 5157
vtrace1; 1661; 1253; 10136
vtrace1; 1512; 5157; 5157
vtrace1; 1662; 1253; 10136
vtrace1; 1513; 5157; 5157
vtrace1; 1663; 1253; 10136
vtrace1; 1514; 5157; 5157
vtrace1; 1664; 1253; 10136
vtrace1; 1515; 5157; 5157
vtrace1; 1657; 1253; 10136
vtrace1; 1508; 5157; 5157
vtrace1; 1658; 1253; 10136
vtrace1; 1509; 5157; 5157
vtrace1; 1659; 1253; 10136
vtrace1; 1510; 5157; 5157
vtrace1; 1660; 1253; 10136
vtrace1; 1511; 5157; 5157
vtrace1; 1589; 1253; 10136
vtrace1; 1440; 5157; 5157
vtrace1; 1590; 1253; 10136
vtrace1; 1441; 5157; 5157
vtrace1; 1591; 1253; 10136
vtrace1; 1442; 5157; 5157
vtrace1; 1592; 1253; 10136
vtrace1; 1443; 5157; 5157
vtrace1; 1585; 1253; 10136
vtrace1; 1436; 5157; 5157
vtrace1; 1586; 1253; 10136
vtrace1; 1437; 5157; 5157
vtrace1; 1587; 1253; 10136
vtrace1; 1438; 5157; 5157
vtrace1; 1588; 1253; 10136
vtrace1; 1439; 5157; 5157
vtrace1; 1581; 1253; 10136
vtrace1; 1432; 5157; 5157
vtrace1; 1582; 1253; 10136
vtrace1; 1433; 5157; 5157
vtrace1; 1583; 1253; 10136
vtrace1; 1434; 5157; 5157
vtrace1; 1584; 1253; 10136
vtrace1; 1435; 5157; 5157
vtrace1; 1577; 1253; 10136
vtrace1; 1428; 5157; 5157
vtrace1; 1578; 1253; 10136
vtrace1; 1429; 5157; 5157
vtrace1; 1579; 1253; 10136
vtrace1; 1430; 5157; 5157
vtrace1; 1580; 1253; 10136
vtrace1; 1431; 5157; 5157
vtrace1; 1573; 1253; 10136
vtrace1; 1424; 5157; 5157
vtrace1; 1574; 1253; 10136
vtrace1; 1425; 5157; 5157
vtrace1; 1575; 1253; 10136
vtrace1; 1426; 5157; 5157
vtrace1; 1576; 1253; 10136
vtrace1; 1427; 5157; 5157
vtrace1; 1569; 1253; 10136
vtrace1; 1420; 5157; 5157
vtrace1; 1570; 1253; 10136
vtrace1; 1421; 5157; 5157
vtrace1; 1571; 1253; 10136
vtrace1; 1422; 5157; 5157
vtrace1; 1572; 1253; 10136
vtrace1; 1423; 5157; 5157
vtrace1; 1565; 1253; 10136
vtrace1; 1416; 5157; 5157
vtrace1; 1566; 1253; 10136
vtrace1; 1417; 5157; 5157
vtrace1; 1567; 1253; 10136
vtrace1; 1418; 5157; 5157
vtrace1; 1568; 1253; 10136
vtrace1; 1419; 5157; 5157
vtrace1; 1561; 1253; 10136
vtrace1; 1412; 5157; 5157
vtrace1; 1562; 1253; 10136
vtrace1; 1413; 5157; 5157
vtrace1; 1563; 1253; 10136
vtrace1; 1414; 5157; 5157
vtrace1; 1564; 1253; 10136
vtrace1; 1415; 5157; 5157
vtrace1; 1621; 1253; 10136
vtrace1; 1472; 5157; 5157
vtrace1; 1622; 1253; 10136
vtrace1; 1473; 5157; 5157
vtrace1; 1623; 1253; 10136
vtrace1; 1474; 5157; 5157
vtrace1; 1624; 1253; 10136
vtrace1; 1475; 5157; 5157
vtrace1; 1617; 1253; 10136
vtrace1; 1468; 5157; 5157
vtrace1; 1618; 1253; 10136
vtrace1; 1469; 5157; 5157
vtrace1; 1619; 1253; 10136
vtrace1; 1470; 5157; 5157
vtrace1; 1620; 1253; 10136
vtrace1; 1471; 5157; 5157
vtrace1; 1613; 1253; 10136
vtrace1; 1464; 5157; 5157
vtrace1; 1614; 1253; 10136
vtrace1; 1465; 5157; 5157
vtrace1; 1615; 1253; 10136
vtrace1; 1466; 5157; 5157
vtrace1; 1616; 1253; 10136
vtrace1; 1467; 5157; 5157
vtrace1; 1609; 1253; 10136
vtrace1; 1460; 5157; 5157
vtrace1; 1610; 1253; 10136
vtrace1; 1461; 5157; 5157
vtrace1; 1611; 1253; 10136
vtrace1; 1462; 5157; 5157
vtrace1; 1612; 1253; 10136
vtrace1; 1463; 5157; 5157
vtrace1; 1605; 1253; 10136
vtrace1; 1456; 5157; 5157
vtrace1; 1606; 1253; 10136
vtrace1; 1457; 5157; 5157
vtrace1; 1607; 1253; 10136
vtrace1; 1458; 5157; 5157
vtrace1; 1608; 1253; 10136
vtrace1; 1459; 5157; 5157
vtrace1; 1601; 1253; 10136
vtrace1; 1452; 5157; 5157
vtrace1; 1602; 1253; 10136
vtrace1; 1453; 5157; 5157
vtrace1; 1603; 1253; 10136
vtrace1; 1454; 5157; 5157
vtrace1; 1604; 1253; 10136
vtrace1; 1455; 5157; 5157
vtrace1; 1597; 1253; 10136
vtrace1; 1448; 5157; 5157
vtrace1; 1598; 1253; 10136
vtrace1; 1449; 5157; 5157
vtrace1; 1599; 1253; 10136
vtrace1; 1450; 5157; 5157
vtrace1; 1600; 1253; 10136
vtrace1; 1451; 5157; 5157
vtrace1; 1593; 1253; 10136
vtrace1; 1444; 5157; 5157
vtrace1; 1594; 1253; 10136
vtrace1; 1445; 5157; 5157
vtrace1; 1595; 1253; 10136
vtrace1; 1446; 5157; 5157
vtrace1; 1596; 1253; 10136
vtrace1; 1447; 5157; 5157
vtrace1; 1781; 1253; 10136
vtrace1; 1632; 5157; 5157
vtrace1; 1782; 1253; 10136
vtrace1; 1633; 5157; 5157
vtrace1; 1783; 1253; 10136
vtrace1; 1634; 5157; 5157
vtrace1; 1784; 1253; 10136
vtrace1; 1635; 5157; 5157
vtrace1; 1777; 1253; 10136
vtrace1; 1628; 5157; 5157
vtrace1; 1778; 1253; 10136
vtrace1; 1629; 5157; 5157
vtrace1; 1779; 1253; 10136
vtrace1; 1630; 5157; 5157
vtrace1; 1780; 1253; 10136
vtrace1; 1631; 5157; 5157
vtrace1; 1773; 1253; 10136
vtrace1; 1624; 5157; 5157
vtrace1; 1774; 1253; 10136
vtrace1; 1625; 5157; 5157
vtrace1; 1775; 1253; 10136
vtrace1; 1626; 5157; 5157
vtrace1; 1776; 1253; 10136
vtrace1; 1627; 5157; 5157
vtrace1; 1769; 1253; 10136
vtrace1; 1620; 5157; 5157
vtrace1; 1770; 1253; 10136
vtrace1; 1621; 5157; 5157
vtrace1; 1771; 1253; 10136
vtrace1; 1622; 5157; 5157
vtrace1; 1772; 1253; 10136
vtrace1; 1623; 5157; 5157
vtrace1; 1765; 1253; 10136
vtrace1; 1616; 5157; 5157
vtrace1; 1766; 1253; 10136
vtrace1; 1617; 5157; 5157
vtrace1; 1767; 1253; 10136
vtrace1; 1618; 5157; 5157
vtrace1; 1768; 1253; 10136
vtrace1; 1619; 5157; 5157
vtrace1; 1761; 1253; 10136
vtrace1; 1612; 5157; 5157
vtrace1; 1762; 1253; 10136
vtrace1; 1613; 5157; 5157
vtrace1; 1763; 1253; 10136
vtrace1; 1614; 5157; 5157
vtrace1; 1764; 1253; 10136
vtrace1; 1615; 5157; 5157
vtrace1; 1757; 1253; 10136
vtrace1; 1608; 5157; 5157
vtrace1; 1758; 1253; 10136
vtrace1; 1609; 5157; 5157
vtrace1; 1759; 1253; 10136
vtrace1; 1610; 5157; 5157
vtrace1; 1760; 1253; 10136
vtrace1; 1611; 5157; 5157
vtrace1; 1753; 1253; 10136
vtrace1; 1604; 5157; 5157
vtrace1; 1754; 1253; 10136
vtrace1; 1605; 5157; 5157
vtrace1; 1755; 1253; 10136
vtrace1; 1606; 5157; 5157
vtrace1; 1756; 1253; 10136
vtrace1; 1607; 5157; 5157
vtrace1; 1813; 1253; 10136
vtrace1; 1664; 5157; 5157
vtrace1; 1814; 1253; 10136
vtrace1; 1665; 5157; 5157
vtrace1; 1815; 1253; 10136
vtrace1; 1666; 5157; 5157
vtrace1; 1816; 1253; 10136
vtrace1; 1667; 5157; 5157
vtrace1; 1809; 1253; 10136
vtrace1; 1660; 5157; 5157
vtrace1; 1810; 1253; 10136
vtrace1; 1661; 5157; 5157
vtrace1; 1811; 1253; 10136
vtrace1; 1662; 5157; 5157
vtrace1; 1812; 1253; 10136
vtrace1; 1663; 5157; 5157
vtrace1; 1805; 1253; 10136
vtrace1; 1656; 5157; 5157
vtrace1; 1806; 1253; 10136
vtrace1; 1657; 5157; 5157
vtrace1; 1807; 1253; 10136
vtrace1; 1658; 5157; 5157
vtrace1; 1808; 1253; 10136
vtrace1; 1659; 5157; 5157
vtrace1; 1801; 1253; 10136
vtrace1; 1652; 5157; 5157
vtrace1; 1802; 1253; 10136
vtrace1; 1653; 5157; 5157
vtrace1; 1803; 1253; 10136
vtrace1; 1654; 5157; 5157
vtrace1; 1804; 1253; 10136
vtrace1; 1655; 5157; 5157
vtrace1; 1797; 1253; 10136
vtrace1; 1648; 5157; 5157
vtrace1; 1798; 1253; 10136
vtrace1; 1649; 5157; 5157
vtrace1; 1799; 1253; 10136
vtrace1; 1650; 5157; 5157
vtrace1; 1800; 1253; 10136
vtrace1; 1651; 5157; 5157
vtrace1; 1793; 1253; 10136
vtrace1; 1644; 5157; 5157
vtrace1; 1794; 1253; 10136
vtrace1; 1645; 5157; 5157
vtrace1; 1795; 1253; 10136
vtrace1; 1646; 5157; 5157
vtrace1; 1796; 1253; 10136
vtrace1; 1647; 5157; 5157
vtrace1; 1789; 1253; 10136
vtrace1; 1640; 5157; 5157
vtrace1; 1790; 1253; 10136
vtrace1; 1641; 5157; 5157
vtrace1; 1791; 1253; 10136
vtrace1; 1642; 5157; 5157
vtrace1; 1792; 1253; 10136
vtrace1; 1643; 5157; 5157
vtrace1; 1785; 1253; 10136
vtrace1; 1636; 5157; 5157
vtrace1; 1786; 1253; 10136
vtrace1; 1637; 5157; 5157
vtrace1; 1787; 1253; 10136
vtrace1; 1638; 5157; 5157
vtrace1; 1788; 1253; 10136
vtrace1; 1639; 5157; 5157
vtrace1; 1717; 1253; 10136
vtrace1; 1568; 5157; 5157
vtrace1; 1718; 1253; 10136
vtrace1; 1569; 5157; 5157
vtrace1; 1719; 1253; 10136
vtrace1; 1570; 5157; 5157
vtrace1; 1720; 1253; 10136
vtrace1; 1571; 5157; 5157
vtrace1; 1713; 1253; 10136
vtrace1; 1564; 5157; 5157
vtrace1; 1714; 1253; 10136
vtrace1; 1565; 5157; 5157
vtrace1; 1715; 1253; 10136
vtrace1; 1566; 5157; 5157
vtrace1; 1716; 1253; 10136
vtrace1; 1567; 5157; 5157
vtrace1; 1709; 1253; 10136
vtrace1; 1560; 5157; 5157
vtrace1; 1710; 1253; 10136
vtrace1; 1561; 5157; 5157
vtrace1; 1711; 1253; 10136
vtrace1; 1562; 5157; 5157
vtrace1; 1712; 1253; 10136
vtrace1; 1563; 5157; 5157
vtrace1; 1705; 1253; 10136
vtrace1; 1556; 5157; 5157
vtrace1; 1706; 1253; 10136
vtrace1; 1557; 5157; 5157
vtrace1; 1707; 1253; 10136
vtrace1; 1558; 5157; 5157
vtrace1; 1708; 1253; 10136
vtrace1; 1559; 5157; 5157
vtrace1; 1701; 1253; 10136
vtrace1; 1552; 5157; 5157
vtrace1; 1702; 1253; 10136
vtrace1; 1553; 5157; 5157
vtrace1; 1703; 1253; 10136
vtrace1; 1554; 5157; 5157
vtrace1; 1704; 1253; 10136
vtrace1; 1555; 5157; 5157
vtrace1; 1697; 1253; 10136
vtrace1; 1548; 5157; 5157
vtrace1; 1698; 1253; 10136
vtrace1; 1549; 5157; 5157
vtrace1; 1699; 1253; 10136
vtrace1; 1550; 5157; 5157
vtrace1; 1700; 1253; 10136
vtrace1; 1551; 5157; 5157
vtrace1; 1693; 1253; 10136
vtrace1; 1544; 5157; 5157
vtrace1; 1694; 1253; 10136
vtrace1; 1545; 5157; 5157
vtrace1; 1695; 1253; 10136
vtrace1; 1546; 5157; 5157
vtrace1; 1696; 1253; 10136
vtrace1; 1547; 5157; 5157
vtrace1; 1689; 1253; 10136
vtrace1; 1540; 5157; 5157
vtrace1; 1690; 1253; 10136
vtrace1; 1541; 5157; 5157
vtrace1; 1691; 1253; 10136
vtrace1; 1542; 5157; 5157
vtrace1; 1692; 1253; 10136
vtrace1; 1543; 5157; 5157
vtrace1; 1749; 1253; 10136
vtrace1; 1600; 5157; 5157
vtrace1; 1750; 1253; 10136
vtrace1; 1601; 5157; 5157
vtrace1; 1751; 1253; 10136
vtrace1; 1602; 5157; 5157
vtrace1; 1752; 1253; 10136
vtrace1; 1603; 5157; 5157
vtrace1; 1745; 1253; 10136
vtrace1; 1596; 5157; 5157
vtrace1; 1746; 1253; 10136
vtrace1; 1597; 5157; 5157
vtrace1; 1747; 1253; 10136
vtrace1; 1598; 5157; 5157
vtrace1; 1748; 1253; 10136
vtrace1; 1599; 5157; 5157
vtrace1; 1741; 1253; 10136
vtrace1; 1592; 5157; 5157
vtrace1; 1742; 1253; 10136
vtrace1; 1593; 5157; 5157
vtrace1; 1743; 1253; 10136
vtrace1; 1594; 5157; 5157
vtrace1; 1744; 1253; 10136
vtrace1; 1595; 5157; 5157
vtrace1; 1737; 1253; 10136
vtrace1; 1588; 5157; 5157
vtrace1; 1738; 1253; 10136
vtrace1; 1589; 5157; 5157
vtrace1; 1739; 1253; 10136
vtrace1; 1590; 5157; 5157
vtrace1; 1740; 1253; 10136
vtrace1; 1591; 5157; 5157
vtrace1; 1733; 1253; 10136
vtrace1; 1584; 5157; 5157
vtrace1; 1734; 1253; 10136
vtrace1; 1585; 5157; 5157
vtrace1; 1735; 1253; 10136
vtrace1; 1586; 5157; 5157
vtrace1; 1736; 1253; 10136
vtrace1; 1587; 5157; 5157
vtrace1; 1729; 1253; 10136
vtrace1; 1580; 5157; 5157
vtrace1; 1730; 1253; 10136
vtrace1; 1581; 5157; 5157
vtrace1; 1731; 1253; 10136
vtrace1; 1582; 5157; 5157
vtrace1; 1732; 1253; 10136
vtrace1; 1583; 5157; 5157
vtrace1; 1725; 1253; 10136
vtrace1; 1576; 5157; 5157
vtrace1; 1726; 1253; 10136
vtrace1; 1577; 5157; 5157
vtrace1; 1727; 1253; 10136
vtrace1; 1578; 5157; 5157
vtrace1; 1728; 1253; 10136
vtrace1; 1579; 5157; 5157
vtrace1; 1721; 1253; 10136
vtrace1; 1572; 5157; 5157
vtrace1; 1722; 1253; 10136
vtrace1; 1573; 5157; 5157
vtrace1; 1723; 1253; 10136
vtrace1; 1574; 5157; 5157
vtrace1; 1724; 1253; 10136
vtrace1; 1575; 5157; 5157
vtrace1; 1909; 1253; 10136
vtrace1; 1760; 5157; 5157
vtrace1; 1910; 1253; 10136
vtrace1; 1761; 5157; 5157
vtrace1; 1911; 1253; 10136
vtrace1; 1762; 5157; 5157
vtrace1; 1912; 1253; 10136
vtrace1; 1763; 5157; 5157
vtrace1; 1905; 1253; 10136
vtrace1; 1756; 5157; 5157
vtrace1; 1906; 1253; 10136
vtrace1; 1757; 5157; 5157
vtrace1; 1907; 1253; 10136
vtrace1; 1758; 5157; 5157
vtrace1; 1908; 1253; 10136
vtrace1; 1759; 5157; 5157
vtrace1; 1901; 1253; 10136
vtrace1; 1752; 5157; 5157
vtrace1; 1902; 1253; 10136
vtrace1; 1753; 5157; 5157
vtrace1; 1903; 1253; 10136
vtrace1; 1754; 5157; 5157
vtrace1; 1904; 1253; 10136
vtrace1; 1755; 5157; 5157
vtrace1; 1897; 1253; 10136
vtrace1; 1748; 5157; 5157
vtrace1; 1898; 1253; 10136
vtrace1; 1749; 5157; 5157
vtrace1; 1899; 1253; 10136
vtrace1; 1750; 5157; 5157
vtrace1; 1900; 1253; 10136
vtrace1; 1751; 5157; 5157
vtrace1; 1893; 1253; 10136
vtrace1; 1744; 5157; 5157
vtrace1; 1894; 1253; 10136
vtrace1; 1745; 5157; 5157
vtrace1; 1895; 1253; 10136
vtrace1; 1746; 5157; 5157
vtrace1; 1896; 1253; 10136
vtrace1; 1747; 5157; 5157
vtrace1; 1889; 1253; 10136
vtrace1; 1740; 5157; 5157
vtrace1; 1890; 1253; 10136
vtrace1; 1741; 5157; 5157
vtrace1; 1891; 1253; 10136
vtrace1; 1742; 5157; 5157
vtrace1; 1892; 1253; 10136
vtrace1; 1743; 5157; 5157
vtrace1; 1885; 1253; 10136
vtrace1; 1736; 5157; 5157
vtrace1; 1886; 1253; 10136
vtrace1; 1737; 5157; 5157
vtrace1; 1887; 1253; 10136
vtrace1; 1738; 5157; 5157
vtrace1; 1888; 1253; 10136
vtrace1; 1739; 5157; 5157
vtrace1; 1881; 1253; 10136
vtrace1; 1732; 5157; 5157
vtrace1; 1882; 1253; 10136
vtrace1; 1733; 5157; 5157
vtrace1; 1883; 1253; 10136
vtrace1; 1734; 5157; 5157
vtrace1; 1884; 1253; 10136
vtrace1; 1735; 5157; 5157
vtrace1; 1941; 1253; 10136
vtrace1; 1792; 5157; 5157
vtrace1; 1942; 1253; 10136
vtrace1; 1793; 5157; 5157
vtrace1; 1943; 1253; 10136
vtrace1; 1794; 5157; 5157
vtrace1; 1944; 1253; 10136
vtrace1; 1795; 5157; 5157
vtrace1; 1937; 1253; 10136
vtrace1; 1788; 5157; 5157
vtrace1; 1938; 1253; 10136
vtrace1; 1789; 5157; 5157
vtrace1; 1939; 1253; 10136
vtrace1; 1790; 5157; 5157
vtrace1; 1940; 1253; 10136
vtrace1; 1791; 5157; 5157
vtrace1; 1933; 1253; 10136
vtrace1; 1784; 5157; 5157
vtrace1; 1934; 1253; 10136
vtrace1; 1785; 5157; 5157
vtrace1; 1935; 1253; 10136
vtrace1; 1786; 5157; 5157
vtrace1; 1936; 1253; 10136
vtrace1; 1787; 5157; 5157
vtrace1; 1929; 1253; 10136
vtrace1; 1780; 5157; 5157
vtrace1; 1930; 1253; 10136
vtrace1; 1781; 5157; 5157
vtrace1; 1931; 1253; 10136
vtrace1; 1782; 5157; 5157
vtrace1; 1932; 1253; 10136
vtrace1; 1783; 5157; 5157
vtrace1; 1925; 1253; 10136
vtrace1; 1776; 5157; 5157
vtrace1; 1926; 1253; 10136
vtrace1; 1777; 5157; 5157
vtrace1; 1927; 1253; 10136
vtrace1; 1778; 5157; 5157
vtrace1; 1928; 1253; 10136
vtrace1; 1779; 5157; 5157
vtrace1; 1921; 1253; 10136
vtrace1; 1772; 5157; 5157
vtrace1; 1922; 1253; 10136
vtrace1; 1773; 5157; 5157
vtrace1; 1923; 1253; 10136
vtrace1; 1774; 5157; 5157
vtrace1; 1924; 1253; 10136
vtrace1; 1775; 5157; 5157
vtrace1; 1917; 1253; 10136
vtrace1; 1768; 5157; 5157
vtrace1; 1918; 1253; 10136
vtrace1; 1769; 5157; 5157
vtrace1; 1919; 1253; 10136
vtrace1; 1770; 5157; 5157
vtrace1; 1920; 1253; 10136
vtrace1; 1771; 5157; 5157
vtrace1; 1913; 1253; 10136
vtrace1; 1764; 5157; 5157
vtrace1; 1914; 1253; 10136
vtrace1; 1765; 5157; 5157
vtrace1; 1915; 1253; 10136
vtrace1; 1766; 5157; 5157
vtrace1; 1916; 1253; 10136
vtrace1; 1767; 5157; 5157
vtrace1; 1845; 1253; 10136
vtrace1; 1696; 5157; 5157
vtrace1; 1846; 1253; 10136
vtrace1; 1697; 5157; 5157
vtrace1; 1847; 1253; 10136
vtrace1; 1698; 5157; 5157
vtrace1; 1848; 1253; 10136
vtrace1; 1699; 5157; 5157
vtrace1; 1841; 1253; 10136
vtrace1; 1692; 5157; 5157
vtrace1; 1842; 1253; 10136
vtrace1; 1693; 5157; 5157
vtrace1; 1843; 1253; 10136
vtrace1; 1694; 5157; 5157
vtrace1; 1844; 1253; 10136
vtrace1; 1695; 5157; 5157
vtrace1; 1837; 1253; 10136
vtrace1; 1688; 5157; 5157
vtrace1; 1838; 1253; 10136
vtrace1; 1689; 5157; 5157
vtrace1; 1839; 1253; 10136
vtrace1; 1690; 5157; 5157
vtrace1; 1840; 1253; 10136
vtrace1; 1691; 5157; 5157
vtrace1; 1833; 1253; 10136
vtrace1; 1684; 5157; 5157
vtrace1; 1834; 1253; 10136
vtrace1; 1685; 5157; 5157
vtrace1; 1835; 1253; 10136
vtrace1; 1686; 5157; 5157
vtrace1; 1836; 1253; 10136
vtrace1; 1687; 5157; 5157
vtrace1; 1829; 1253; 10136
vtrace1; 1680; 5157; 5157
vtrace1; 1830; 1253; 10136
vtrace1; 1681; 5157; 5157
vtrace1; 1831; 1253; 10136
vtrace1; 1682; 5157; 5157
vtrace1; 1832; 1253; 10136
vtrace1; 1683; 5157; 5157
vtrace1; 1825; 1253; 10136
vtrace1; 1676; 5157; 5157
vtrace1; 1826; 1253; 10136
vtrace1; 1677; 5157; 5157
vtrace1; 1827; 1253; 10136
vtrace1; 1678; 5157; 5157
vtrace1; 1828; 1253; 10136
vtrace1; 1679; 5157; 5157
vtrace1; 1821; 1253; 10136
vtrace1; 1672; 5157; 5157
vtrace1; 1822; 1253; 10136
vtrace1; 1673; 5157; 5157
vtrace1; 1823; 1253; 10136
vtrace1; 1674; 5157; 5157
vtrace1; 1824; 1253; 10136
vtrace1; 1675; 5157; 5157
vtrace1; 1817; 1253; 10136
vtrace1; 1668; 5157; 5157
vtrace1; 1818; 1253; 10136
vtrace1; 1669; 5157; 5157
vtrace1; 1819; 1253; 10136
vtrace1; 1670; 5157; 5157
vtrace1; 1820; 1253; 10136
vtrace1; 1671; 5157; 5157
vtrace1; 1877; 1253; 10136
vtrace1; 1728; 5157; 5157
vtrace1; 1878; 1253; 10136
vtrace1; 1729; 5157; 5157
vtrace1; 1879; 1253; 10136
vtrace1; 1730; 5157; 5157
vtrace1; 1880; 1253; 10136
vtrace1; 1731; 5157; 5157
vtrace1; 1873; 1253; 10136
vtrace1; 1724; 5157; 5157
vtrace1; 1874; 1253; 10136
vtrace1; 1725; 5157; 5157
vtrace1; 1875; 1253; 10136
vtrace1; 1726; 5157; 5157
vtrace1; 1876; 1253; 10136
vtrace1; 1727; 5157; 5157
vtrace1; 1869; 1253; 10136
vtrace1; 1720; 5157; 5157
vtrace1; 1870; 1253; 10136
vtrace1; 1721; 5157; 5157
vtrace1; 1871; 1253; 10136
vtrace1; 1722; 5157; 5157
vtrace1; 1872; 1253; 10136
vtrace1; 1723; 5157; 5157
vtrace1; 1865; 1253; 10136
vtrace1; 1716; 5157; 5157
vtrace1; 1866; 1253; 10136
vtrace1; 1717; 5157; 5157
vtrace1; 1867; 1253; 10136
vtrace1; 1718; 5157; 5157
vtrace1; 1868; 1253; 10136
vtrace1; 1719; 5157; 5157
vtrace1; 1861; 1253; 10136
vtrace1; 1712; 5157; 5157
vtrace1; 1862; 1253; 10136
vtrace1; 1713; 5157; 5157
vtrace1; 1863; 1253; 10136
vtrace1; 1714; 5157; 5157
vtrace1; 1864; 1253; 10136
vtrace1; 1715; 5157; 5157
vtrace1; 1857; 1253; 10136
vtrace1; 1708; 5157; 5157
vtrace1; 1858; 1253; 10136
vtrace1; 1709; 5157; 5157
vtrace1; 1859; 1253; 10136
vtrace1; 1710; 5157; 5157
vtrace1; 1860; 1253; 10136
vtrace1; 1711; 5157; 5157
vtrace1; 1853; 1253; 10136
vtrace1; 1704; 5157; 5157
vtrace1; 1854; 1253; 10136
vtrace1; 1705; 5157; 5157
vtrace1; 1855; 1253; 10136
vtrace1; 1706; 5157; 5157
vtrace1; 1856; 1253; 10136
vtrace1; 1707; 5157; 5157
vtrace1; 1849; 1253; 10136
vtrace1; 1700; 5157; 5157
vtrace1; 1850; 1253; 10136
vtrace1; 1701; 5157; 5157
vtrace1; 1851; 1253; 10136
vtrace1; 1702; 5157; 5157
vtrace1; 1852; 1253; 10136
vtrace1; 1703; 5157; 5157
vtrace1; 1888; 5157; 5157
vtrace1; 1889; 5157; 5157
vtrace1; 1890; 5157; 5157
vtrace1; 1891; 5157; 5157
vtrace1; 1884; 5157; 5157
vtrace1; 1885; 5157; 5157
vtrace1; 1886; 5157; 5157
vtrace1; 1887; 5157; 5157
vtrace1; 1880; 5157; 5157
vtrace1; 1881; 5157; 5157
vtrace1; 1882; 5157; 5157
vtrace1; 1883; 5157; 5157
vtrace1; 1876; 5157; 5157
vtrace1; 1877; 5157; 5157
vtrace1; 1878; 5157; 5157
vtrace1; 1879; 5157; 5157
vtrace1; 1872; 5157; 5157
vtrace1; 1873; 5157; 5157
vtrace1; 1874; 5157; 5157
vtrace1; 1875; 5157; 5157
vtrace1; 1868; 5157; 5157
vtrace1; 1869; 5157; 5157
vtrace1; 1870; 5157; 5157
vtrace1; 1871; 5157; 5157
vtrace1; 1864; 5157; 5157
vtrace1; 1865; 5157; 5157
vtrace1; 1866; 5157; 5157
vtrace1; 1867; 5157; 5157
vtrace1; 1860; 5157; 5157
vtrace1; 1861; 5157; 5157
vtrace1; 1862; 5157; 5157
vtrace1; 1863; 5157; 5157
vtrace1; 21; 1253; 10136
vtrace1; 1920; 5157; 5157
vtrace1; 22; 1253; 10136
vtrace1; 1921; 5157; 5157
vtrace1; 23; 1253; 10136
vtrace1; 1922; 5157; 5157
vtrace1; 24; 1253; 10136
vtrace1; 1923; 5157; 5157
vtrace1; 17; 1253; 10136
vtrace1; 1916; 5157; 5157
vtrace1; 18; 1253; 10136
vtrace1; 1917; 5157; 5157
vtrace1; 19; 1253; 10136
vtrace1; 1918; 5157; 5157
vtrace1; 20; 1253; 10136
vtrace1; 1919; 5157; 5157
vtrace1; 13; 1253; 10136
vtrace1; 1912; 5157; 5157
vtrace1; 14; 1253; 10136
vtrace1; 1913; 5157; 5157
vtrace1; 15; 1253; 10136
vtrace1; 1914; 5157; 5157
vtrace1; 16; 1253; 10136
vtrace1; 1915; 5157; 5157
vtrace1; 9; 1253; 10136
vtrace1; 1908; 5157; 5157
vtrace1; 10; 1253; 10136
vtrace1; 1909; 5157; 5157
vtrace1; 11; 1253; 10136
vtrace1; 1910; 5157; 5157
vtrace1; 12; 1253; 10136
vtrace1; 1911; 5157; 5157
vtrace1; 5; 1253; 10136
vtrace1; 1904; 5157; 5157
vtrace1; 6; 1253; 10136
vtrace1; 1905; 5157; 5157
vtrace1; 7; 1253; 10136
vtrace1; 1906; 5157; 5157
vtrace1; 8; 1253; 10136
vtrace1; 1907; 5157; 5157
vtrace1; 1; 1253; 10136
vtrace1; 1900; 5157; 5157
vtrace1; 2; 1253; 10136
vtrace1; 1901; 5157; 5157
vtrace1; 3; 1253; 10136
vtrace1; 1902; 5157; 5157
vtrace1; 4; 1253; 10136
vtrace1; 1903; 5157; 5157
vtrace1; 1896; 5157; 5157
vtrace1; 1897; 5157; 5157
vtrace1; 1898; 5157; 5157
vtrace1; 0; 1253; 10136
vtrace1; 1899; 5157; 5157
vtrace1; 1892; 5157; 5157
vtrace1; 1893; 5157; 5157
vtrace1; 1894; 5157; 5157
vtrace1; 1895; 5157; 5157
vtrace1; 1973; 1253; 10136
vtrace1; 1824; 5157; 5157
vtrace1; 1974; 1253; 10136
vtrace1; 1825; 5157; 5157
vtrace1; 1975; 1253; 10136
vtrace1; 1826; 5157; 5157
vtrace1; 1976; 1253; 10136
vtrace1; 1827; 5157; 5157
vtrace1; 1969; 1253; 10136
vtrace1; 1820; 5157; 5157
vtrace1; 1970; 1253; 10136
vtrace1; 1821; 5157; 5157
vtrace1; 1971; 1253; 10136
vtrace1; 1822; 5157; 5157
vtrace1; 1972; 1253; 10136
vtrace1; 1823; 5157; 5157
vtrace1; 1965; 1253; 10136
vtrace1; 1816; 5157; 5157
vtrace1; 1966; 1253; 10136
vtrace1; 1817; 5157; 5157
vtrace1; 1967; 1253; 10136
vtrace1; 1818; 5157; 5157
vtrace1; 1968; 1253; 10136
vtrace1; 1819; 5157; 5157
vtrace1; 1961; 1253; 10136
vtrace1; 1812; 5157; 5157
vtrace1; 1962; 1253; 10136
vtrace1; 1813; 5157; 5157
vtrace1; 1963; 1253; 10136
vtrace1; 1814; 5157; 5157
vtrace1; 1964; 1253; 10136
vtrace1; 1815; 5157; 5157
vtrace1; 1957; 1253; 10136
vtrace1; 1808; 5157; 5157
vtrace1; 1958; 1253; 10136
vtrace1; 1809; 5157; 5157
vtrace1; 1959; 1253; 10136
vtrace1; 1810; 5157; 5157
vtrace1; 1960; 1253; 10136
vtrace1; 1811; 5157; 5157
vtrace1; 1953; 1253; 10136
vtrace1; 1804; 5157; 5157
vtrace1; 1954; 1253; 10136
vtrace1; 1805; 5157; 5157
vtrace1; 1955; 1253; 10136
vtrace1; 1806; 5157; 5157
vtrace1; 1956; 1253; 10136
vtrace1; 1807; 5157; 5157
vtrace1; 1949; 1253; 10136
vtrace1; 1800; 5157; 5157
vtrace1; 1950; 1253; 10136
vtrace1; 1801; 5157; 5157
vtrace1; 1951; 1253; 10136
vtrace1; 1802; 5157; 5157
vtrace1; 1952; 1253; 10136
vtrace1; 1803; 5157; 5157
vtrace1; 1945; 1253; 10136
vtrace1; 1796; 5157; 5157
vtrace1; 1946; 1253; 10136
vtrace1; 1797; 5157; 5157
vtrace1; 1947; 1253; 10136
vtrace1; 1798; 5157; 5157
vtrace1; 1948; 1253; 10136
vtrace1; 1799; 5157; 5157
vtrace1; 1856; 5157; 5157
vtrace1; 1857; 5157; 5157
vtrace1; 1858; 5157; 5157
vtrace1; 1859; 5157; 5157
vtrace1; 1852; 5157; 5157
vtrace1; 1853; 5157; 5157
vtrace1; 1854; 5157; 5157
vtrace1; 1855; 5157; 5157
vtrace1; 1997; 1253; 10136
vtrace1; 1848; 5157; 5157
vtrace1; 1849; 5157; 5157
vtrace1; 1850; 5157; 5157
vtrace1; 1851; 5157; 5157
vtrace1; 1993; 1253; 10136
vtrace1; 1844; 5157; 5157
vtrace1; 1994; 1253; 10136
vtrace1; 1845; 5157; 5157
vtrace1; 1995; 1253; 10136
vtrace1; 1846; 5157; 5157
vtrace1; 1996; 1253; 10136
vtrace1; 1847; 5157; 5157
vtrace1; 1989; 1253; 10136
vtrace1; 1840; 5157; 5157
vtrace1; 1990; 1253; 10136
vtrace1; 1841; 5157; 5157
vtrace1; 1991; 1253; 10136
vtrace1; 1842; 5157; 5157
vtrace1; 1992; 1253; 10136
vtrace1; 1843; 5157; 5157
vtrace1; 1985; 1253; 10136
vtrace1; 1836; 5157; 5157
vtrace1; 1986; 1253; 10136
vtrace1; 1837; 5157; 5157
vtrace1; 1987; 1253; 10136
vtrace1; 1838; 5157; 5157
vtrace1; 1988; 1253; 10136
vtrace1; 1839; 5157; 5157
vtrace1; 1981; 1253; 10136
vtrace1; 1832; 5157; 5157
vtrace1; 1982; 1253; 10136
vtrace1; 1833; 5157; 5157
vtrace1; 1983; 1253; 10136
vtrace1; 1834; 5157; 5157
vtrace1; 1984; 1253; 10136
vtrace1; 1835; 5157; 5157
vtrace1; 1977; 1253; 10136
vtrace1; 1828; 5157; 5157
vtrace1; 1978; 1253; 10136
vtrace1; 1829; 5157; 5157
vtrace1; 1979; 1253; 10136
vtrace1; 1830; 5157; 5157
vtrace1; 1980; 1253; 10136
vtrace1; 1831; 5157; 5157
vtrace1; 117; 1253; 10136
vtrace1; 118; 1253; 10136
vtrace1; 119; 1253; 10136
vtrace1; 120; 1253; 10136
vtrace1; 113; 1253; 10136
vtrace1; 114; 1253; 10136
vtrace1; 115; 1253; 10136
vtrace1; 116; 1253; 10136
vtrace1; 109; 1253; 10136
vtrace1; 110; 1253; 10136
vtrace1; 111; 1253; 10136
vtrace1; 112; 1253; 10136
vtrace1; 105; 1253; 10136
vtrace1; 106; 1253; 10136
vtrace1; 107; 1253; 10136
vtrace1; 108; 1253; 10136
vtrace1; 101; 1253; 10136
vtrace1; 102; 1253; 10136
vtrace1; 103; 1253; 10136
vtrace1; 104; 1253; 10136
vtrace1; 97; 1253; 10136
vtrace1; 1996; 5157; 5157
vtrace1; 98; 1253; 10136
vtrace1; 1997; 5157; 5157
vtrace1; 99; 1253; 10136
vtrace1; 100; 1253; 10136
vtrace1; 93; 1253; 10136
vtrace1; 1992; 5157; 5157
vtrace1; 94; 1253; 10136
vtrace1; 1993; 5157; 5157
vtrace1; 95; 1253; 10136
vtrace1; 1994; 5157; 5157
vtrace1; 96; 1253; 10136
vtrace1; 1995; 5157; 5157
vtrace1; 89; 1253; 10136
vtrace1; 1988; 5157; 5157
vtrace1; 90; 1253; 10136
vtrace1; 1989; 5157; 5157
vtrace1; 91; 1253; 10136
vtrace1; 1990; 5157; 5157
vtrace1; 92; 1253; 10136
vtrace1; 1991; 5157; 5157
vtrace1; 149; 1253; 10136
vtrace1; 0; 5157; 5157
vtrace1; 150; 1253; 10136
vtrace1; 1; 5157; 5157
vtrace1; 151; 1253; 10136
vtrace1; 2; 5157; 5157
vtrace1; 152; 1253; 10136
vtrace1; 3; 5157; 5157
vtrace1; 145; 1253; 10136
vtrace1; 146; 1253; 10136
vtrace1; 147; 1253; 10136
vtrace1; 148; 1253; 10136
vtrace1; 141; 1253; 10136
vtrace1; 142; 1253; 10136
vtrace1; 143; 1253; 10136
vtrace1; 144; 1253; 10136
vtrace1; 137; 1253; 10136
vtrace1; 138; 1253; 10136
vtrace1; 139; 1253; 10136
vtrace1; 140; 1253; 10136
vtrace1; 133; 1253; 10136
vtrace1; 134; 1253; 10136
vtrace1; 135; 1253; 10136
vtrace1; 136; 1253; 10136
vtrace1; 129; 1253; 10136
vtrace1; 130; 1253; 10136
vtrace1; 131; 1253; 10136
vtrace1; 132; 1253; 10136
vtrace1; 125; 1253; 10136
vtrace1; 126; 1253; 10136
vtrace1; 127; 1253; 10136
vtrace1; 128; 1253; 10136
vtrace1; 121; 1253; 10136
vtrace1; 122; 1253; 10136
vtrace1; 123; 1253; 10136
vtrace1; 124; 1253; 10136
vtrace1; 53; 1253; 10136
vtrace1; 1952; 5157; 5157
vtrace1; 54; 1253; 10136
vtrace1; 1953; 5157; 5157
vtrace1; 55; 1253; 10136
vtrace1; 1954; 5157; 5157
vtrace1; 56; 1253; 10136
vtrace1; 1955; 5157; 5157
vtrace1; 49; 1253; 10136
vtrace1; 1948; 5157; 5157
vtrace1; 50; 1253; 10136
vtrace1; 1949; 5157; 5157
vtrace1; 51; 1253; 10136
vtrace1; 1950; 5157; 5157
vtrace1; 52; 1253; 10136
vtrace1; 1951; 5157; 5157
vtrace1; 45; 1253; 10136
vtrace1; 1944; 5157; 5157
vtrace1; 46; 1253; 10136
vtrace1; 1945; 5157; 5157
vtrace1; 47; 1253; 10136
vtrace1; 1946; 5157; 5157
vtrace1; 48; 1253; 10136
vtrace1; 1947; 5157; 5157
vtrace1; 41; 1253; 10136
vtrace1; 1940; 5157; 5157
vtrace1; 42; 1253; 10136
vtrace1; 1941; 5157; 5157
vtrace1; 43; 1253; 10136
vtrace1; 1942; 5157; 5157
vtrace1; 44; 1253; 10136
vtrace1; 1943; 5157; 5157
vtrace1; 37; 1253; 10136
vtrace1; 1936; 5157; 5157
vtrace1; 38; 1253; 10136
vtrace1; 1937; 5157; 5157
vtrace1; 39; 1253; 10136
vtrace1; 1938; 5157; 5157
vtrace1; 40; 1253; 10136
vtrace1; 1939; 5157; 5157
vtrace1; 33; 1253; 10136
vtrace1; 1932; 5157; 5157
vtrace1; 34; 1253; 10136
vtrace1; 1933; 5157; 5157
vtrace1; 35; 1253; 10136
vtrace1; 1934; 5157; 5157
vtrace1; 36; 1253; 10136
vtrace1; 1935; 5157; 5157
vtrace1; 29; 1253; 10136
vtrace1; 1928; 5157; 5157
vtrace1; 30; 1253; 10136
vtrace1; 1929; 5157; 5157
vtrace1; 31; 1253; 10136
vtrace1; 1930; 5157; 5157
vtrace1; 32; 1253; 10136
vtrace1; 1931; 5157; 5157
vtrace1; 25; 1253; 10136
vtrace1; 1924; 5157; 5157
vtrace1; 26; 1253; 10136
vtrace1; 1925; 5157; 5157
vtrace1; 27; 1253; 10136
vtrace1; 1926; 5157; 5157
vtrace1; 28; 1253; 10136
vtrace1; 1927; 5157; 5157
vtrace1; 85; 1253; 10136
vtrace1; 1984; 5157; 5157
vtrace1; 86; 1253; 10136
vtrace1; 1985; 5157; 5157
vtrace1; 87; 1253; 10136
vtrace1; 1986; 5157; 5157
vtrace1; 88; 1253; 10136
vtrace1; 1987; 5157; 5157
vtrace1; 81; 1253; 10136
vtrace1; 1980; 5157; 5157
vtrace1; 82; 1253; 10136
vtrace1; 1981; 5157; 5157
vtrace1; 83; 1253; 10136
vtrace1; 1982; 5157; 5157
vtrace1; 84; 1253; 10136
vtrace1; 1983; 5157; 5157
vtrace1; 77; 1253; 10136
vtrace1; 1976; 5157; 5157
vtrace1; 78; 1253; 10136
vtrace1; 1977; 5157; 5157
vtrace1; 79; 1253; 10136
vtrace1; 1978; 5157; 5157
vtrace1; 80; 1253; 10136
vtrace1; 1979; 5157; 5157
vtrace1; 73; 1253; 10136
vtrace1; 1972; 5157; 5157
vtrace1; 74; 1253; 10136
vtrace1; 1973; 5157; 5157
vtrace1; 75; 1253; 10136
vtrace1; 1974; 5157; 5157
vtrace1; 76; 1253; 10136
vtrace1; 1975; 5157; 5157
vtrace1; 69; 1253; 10136
vtrace1; 1968; 5157; 5157
vtrace1; 70; 1253; 10136
vtrace1; 1969; 5157; 5157
vtrace1; 71; 1253; 10136
vtrace1; 1970; 5157; 5157
vtrace1; 72; 1253; 10136
vtrace1; 1971; 5157; 5157
vtrace1; 65; 1253; 10136
vtrace1; 1964; 5157; 5157
vtrace1; 66; 1253; 10136
vtrace1; 1965; 5157; 5157
vtrace1; 67; 1253; 10136
vtrace1; 1966; 5157; 5157
vtrace1; 68; 1253; 10136
vtrace1; 1967; 5157; 5157
vtrace1; 61; 1253; 10136
vtrace1; 1960; 5157; 5157
vtrace1; 62; 1253; 10136
vtrace1; 1961; 5157; 5157
vtrace1; 63; 1253; 10136
vtrace1; 1962; 5157; 5157
vtrace1; 64; 1253; 10136
vtrace1; 1963; 5157; 5157
vtrace1; 57; 1253; 10136
vtrace1; 1956; 5157; 5157
vtrace1; 58; 1253; 10136
vtrace1; 1957; 5157; 5157
vtrace1; 59; 1253; 10136
vtrace1; 1958; 5157; 5157
vtrace1; 60; 1253; 10136
vtrace1; 1959; 5157; 5157
vtrace1; 245; 1253; 10136
vtrace1; 96; 5157; 5157
vtrace1; 246; 1253; 10136
vtrace1; 97; 5157; 5157
vtrace1; 247; 1253; 10136
vtrace1; 98; 5157; 5157
vtrace1; 248; 1253; 10136
vtrace1; 99; 5157; 5157
vtrace1; 241; 1253; 10136
vtrace1; 92; 5157; 5157
vtrace1; 242; 1253; 10136
vtrace1; 93; 5157; 5157
vtrace1; 243; 1253; 10136
vtrace1; 94; 5157; 5157
vtrace1; 244; 1253; 10136
vtrace1; 95; 5157; 5157
vtrace1; 237; 1253; 10136
vtrace1; 88; 5157; 5157
vtrace1; 238; 1253; 10136
vtrace1; 89; 5157; 5157
vtrace1; 239; 1253; 10136
vtrace1; 90; 5157; 5157
vtrace1; 240; 1253; 10136
vtrace1; 91; 5157; 5157
vtrace1; 233; 1253; 10136
vtrace1; 84; 5157; 5157
vtrace1; 234; 1253; 10136
vtrace1; 85; 5157; 5157
vtrace1; 235; 1253; 10136
vtrace1; 86; 5157; 5157
vtrace1; 236; 1253; 10136
vtrace1; 87; 5157; 5157
vtrace1; 229; 1253; 10136
vtrace1; 80; 5157; 5157
vtrace1; 230; 1253; 10136
vtrace1; 81; 5157; 5157
vtrace1; 231; 1253; 10136
vtrace1; 82; 5157; 5157
vtrace1; 232; 1253; 10136
vtrace1; 83; 5157; 5157
vtrace1; 225; 1253; 10136
vtrace1; 76; 5157; 5157
vtrace1; 226; 1253; 10136
vtrace1; 77; 5157; 5157
vtrace1; 227; 1253; 10136
vtrace1; 78; 5157; 5157
vtrace1; 228; 1253; 10136
vtrace1; 79; 5157; 5157
vtrace1; 221; 1253; 10136
vtrace1; 72; 5157; 5157
vtrace1; 222; 1253; 10136
vtrace1; 73; 5157; 5157
vtrace1; 223; 1253; 10136
vtrace1; 74; 5157; 5157
vtrace1; 224; 1253; 10136
vtrace1; 75; 5157; 5157
vtrace1; 217; 1253; 10136
vtrace1; 68; 5157; 5157
vtrace1; 218; 1253; 10136
vtrace1; 69; 5157; 5157
vtrace1; 219; 1253; 10136
vtrace1; 70; 5157; 5157
vtrace1; 220; 1253; 10136
vtrace1; 71; 5157; 5157
vtrace1; 277; 1253; 10136
vtrace1; 128; 5157; 5157
vtrace1; 278; 1253; 10136
vtrace1; 129; 5157; 5157
vtrace1; 279; 1253; 10136
vtrace1; 130; 5157; 5157
vtrace1; 280; 1253; 10136
vtrace1; 131; 5157; 5157
vtrace1; 273; 1253; 10136
vtrace1; 124; 5157; 5157
vtrace1; 274; 1253; 10136
vtrace1; 125; 5157; 5157
vtrace1; 275; 1253; 10136
vtrace1; 126; 5157; 5157
vtrace1; 276; 1253; 10136
vtrace1; 127; 5157; 5157
vtrace1; 269; 1253; 10136
vtrace1; 120; 5157; 5157
vtrace1; 270; 1253; 10136
vtrace1; 121; 5157; 5157
vtrace1; 271; 1253; 10136
vtrace1; 122; 5157; 5157
vtrace1; 272; 1253; 10136
vtrace1; 123; 5157; 5157
vtrace1; 265; 1253; 10136
vtrace1; 116; 5157; 5157
vtrace1; 266; 1253; 10136
vtrace1; 117; 5157; 5157
vtrace1; 267; 1253; 10136
vtrace1; 118; 5157; 5157
vtrace1; 268; 1253; 10136
vtrace1; 119; 5157; 5157
vtrace1; 261; 1253; 10136
vtrace1; 112; 5157; 5157
vtrace1; 262; 1253; 10136
vtrace1; 113; 5157; 5157
vtrace1; 263; 1253; 10136
vtrace1; 114; 5157; 5157
vtrace1; 264; 1253; 10136
vtrace1; 115; 5157; 5157
vtrace1; 257; 1253; 10136
vtrace1; 108; 5157; 5157
vtrace1; 258; 1253; 10136
vtrace1; 109; 5157; 5157
vtrace1; 259; 1253; 10136
vtrace1; 110; 5157; 5157
vtrace1; 260; 1253; 10136
vtrace1; 111; 5157; 5157
vtrace1; 253; 1253; 10136
vtrace1; 104; 5157; 5157
vtrace1; 254; 1253; 10136
vtrace1; 105; 5157; 5157
vtrace1; 255; 1253; 10136
vtrace1; 106; 5157; 5157
vtrace1; 256; 1253; 10136
vtrace1; 107; 5157; 5157
vtrace1; 249; 1253; 10136
vtrace1; 100; 5157; 5157
vtrace1; 250; 1253; 10136
vtrace1; 101; 5157; 5157
vtrace1; 251; 1253; 10136
vtrace1; 102; 5157; 5157
vtrace1; 252; 1253; 10136
vtrace1; 103; 5157; 5157
vtrace1; 181; 1253; 10136
vtrace1; 32; 5157; 5157
vtrace1; 182; 1253; 10136
vtrace1; 33; 5157; 5157
vtrace1; 183; 1253; 10136
vtrace1; 34; 5157; 5157
vtrace1; 184; 1253; 10136
vtrace1; 35; 5157; 5157
vtrace1; 177; 1253; 10136
vtrace1; 28; 5157; 5157
vtrace1; 178; 1253; 10136
vtrace1; 29; 5157; 5157
vtrace1; 179; 1253; 10136
vtrace1; 30; 5157; 5157
vtrace1; 180; 1253; 10136
vtrace1; 31; 5157; 5157
vtrace1; 173; 1253; 10136
vtrace1; 24; 5157; 5157
vtrace1; 174; 1253; 10136
vtrace1; 25; 5157; 5157
vtrace1; 175; 1253; 10136
vtrace1; 26; 5157; 5157
vtrace1; 176; 1253; 10136
vtrace1; 27; 5157; 5157
vtrace1; 169; 1253; 10136
vtrace1; 20; 5157; 5157
vtrace1; 170; 1253; 10136
vtrace1; 21; 5157; 5157
vtrace1; 171; 1253; 10136
vtrace1; 22; 5157; 5157
vtrace1; 172; 1253; 10136
vtrace1; 23; 5157; 5157
vtrace1; 165; 1253; 10136
vtrace1; 16; 5157; 5157
vtrace1; 166; 1253; 10136
vtrace1; 17; 5157; 5157
vtrace1; 167; 1253; 10136
vtrace1; 18; 5157; 5157
vtrace1; 168; 1253; 10136
vtrace1; 19; 5157; 5157
vtrace1; 161; 1253; 10136
vtrace1; 12; 5157; 5157
vtrace1; 162; 1253; 10136
vtrace1; 13; 5157; 5157
vtrace1; 163; 1253; 10136
vtrace1; 14; 5157; 5157
vtrace1; 164; 1253; 10136
vtrace1; 15; 5157; 5157
vtrace1; 157; 1253; 10136
vtrace1; 8; 5157; 5157
vtrace1; 158; 1253; 10136
vtrace1; 9; 5157; 5157
vtrace1; 159; 1253; 10136
vtrace1; 10; 5157; 5157
vtrace1; 160; 1253; 10136
vtrace1; 11; 5157; 5157
vtrace1; 153; 1253; 10136
vtrace1; 4; 5157; 5157
vtrace1; 154; 1253; 10136
vtrace1; 5; 5157; 5157
vtrace1; 155; 1253; 10136
vtrace1; 6; 5157; 5157
vtrace1; 156; 1253; 10136
vtrace1; 7; 5157; 5157
vtrace1; 213; 1253; 10136
vtrace1; 64; 5157; 5157
vtrace1; 214; 1253; 10136
vtrace1; 65; 5157; 5157
vtrace1; 215; 1253; 10136
vtrace1; 66; 5157; 5157
vtrace1; 216; 1253; 10136
vtrace1; 67; 5157; 5157
vtrace1; 209; 1253; 10136
vtrace1; 60; 5157; 5157
vtrace1; 210; 1253; 10136
vtrace1; 61; 5157; 5157
vtrace1; 211; 1253; 10136
vtrace1; 62; 5157; 5157
vtrace1; 212; 1253; 10136
vtrace1; 63; 5157; 5157
vtrace1; 205; 1253; 10136
vtrace1; 56; 5157; 5157
vtrace1; 206; 1253; 10136
vtrace1; 57; 5157; 5157
vtrace1; 207; 1253; 10136
vtrace1; 58; 5157; 5157
vtrace1; 208; 1253; 10136
vtrace1; 59; 5157; 5157
vtrace1; 201; 1253; 10136
vtrace1; 52; 5157; 5157
vtrace1; 202; 1253; 10136
vtrace1; 53; 5157; 5157
vtrace1; 203; 1253; 10136
vtrace1; 54; 5157; 5157
vtrace1; 204; 1253; 10136
vtrace1; 55; 5157; 5157
vtrace1; 197; 1253; 10136
vtrace1; 48; 5157; 5157
vtrace1; 198; 1253; 10136
vtrace1; 49; 5157; 5157
vtrace1; 199; 1253; 10136
vtrace1; 50; 5157; 5157
vtrace1; 200; 1253; 10136
vtrace1; 51; 5157; 5157
vtrace1; 193; 1253; 10136
vtrace1; 44; 5157; 5157
vtrace1; 194; 1253; 10136
vtrace1; 45; 5157; 5157
vtrace1; 195; 1253; 10136
vtrace1; 46; 5157; 5157
vtrace1; 196; 1253; 10136
vtrace1; 47; 5157; 5157
vtrace1; 189; 1253; 10136
vtrace1; 40; 5157; 5157
vtrace1; 190; 1253; 10136
vtrace1; 41; 5157; 5157
vtrace1; 191; 1253; 10136
vtrace1; 42; 5157; 5157
vtrace1; 192; 1253; 10136
vtrace1; 43; 5157; 5157
vtrace1; 185; 1253; 10136
vtrace1; 36; 5157; 5157
vtrace1; 186; 1253; 10136
vtrace1; 37; 5157; 5157
vtrace1; 187; 1253; 10136
vtrace1; 38; 5157; 5157
vtrace1; 188; 1253; 10136
vtrace1; 39; 5157; 5157
vtrace1; 373; 1253; 10136
vtrace1; 224; 5157; 5157
vtrace1; 374; 1253; 10136
vtrace1; 225; 5157; 5157
vtrace1; 375; 1253; 10136
vtrace1; 226; 5157; 5157
vtrace1; 376; 1253; 10136
vtrace1; 227; 5157; 5157
vtrace1; 369; 1253; 10136
vtrace1; 220; 5157; 5157
vtrace1; 370; 1253; 10136
vtrace1; 221; 5157; 5157
vtrace1; 371; 1253; 10136
vtrace1; 222; 5157; 5157
vtrace1; 372; 1253; 10136
vtrace1; 223; 5157; 5157
vtrace1; 365; 1253; 10136
vtrace1; 216; 5157; 5157
vtrace1; 366; 1253; 10136
vtrace1; 217; 5157; 5157
vtrace1; 367; 1253; 10136
vtrace1; 218; 5157; 5157
vtrace1; 368; 1253; 10136
vtrace1; 219; 5157; 5157
vtrace1; 361; 1253; 10136
vtrace1; 212; 5157; 5157
vtrace1; 362; 1253; 10136
vtrace1; 213; 5157; 5157
vtrace1; 363; 1253; 10136
vtrace1; 214; 5157; 5157
vtrace1; 364; 1253; 10136
vtrace1; 215; 5157; 5157
vtrace1; 357; 1253; 10136
vtrace1; 208; 5157; 5157
vtrace1; 358; 1253; 10136
vtrace1; 209; 5157; 5157
vtrace1; 359; 1253; 10136
vtrace1; 210; 5157; 5157
vtrace1; 360; 1253; 10136
vtrace1; 211; 5157; 5157
vtrace1; 353; 1253; 10136
vtrace1; 204; 5157; 5157
vtrace1; 354; 1253; 10136
vtrace1; 205; 5157; 5157
vtrace1; 355; 1253; 10136
vtrace1; 206; 5157; 5157
vtrace1; 356; 1253; 10136
vtrace1; 207; 5157; 5157
vtrace1; 349; 1253; 10136
vtrace1; 200; 5157; 5157
vtrace1; 350; 1253; 10136
vtrace1; 201; 5157; 5157
vtrace1; 351; 1253; 10136
vtrace1; 202; 5157; 5157
vtrace1; 352; 1253; 10136
vtrace1; 203; 5157; 5157
vtrace1; 345; 1253; 10136
vtrace1; 196; 5157; 5157
vtrace1; 346; 1253; 10136
vtrace1; 197; 5157; 5157
vtrace1; 347; 1253; 10136
vtrace1; 198; 5157; 5157
vtrace1; 348; 1253; 10136
vtrace1; 199; 5157; 5157
vtrace1; 405; 1253; 10136
vtrace1; 256; 5157; 5157
vtrace1; 406; 1253; 10136
vtrace1; 257; 5157; 5157
vtrace1; 407; 1253; 10136
vtrace1; 258; 5157; 5157
vtrace1; 408; 1253; 10136
vtrace1; 259; 5157; 5157
vtrace1; 401; 1253; 10136
vtrace1; 252; 5157; 5157
vtrace1; 402; 1253; 10136
vtrace1; 253; 5157; 5157
vtrace1; 403; 1253; 10136
vtrace1; 254; 5157; 5157
vtrace1; 404; 1253; 10136
vtrace1; 255; 5157; 5157
vtrace1; 397; 1253; 10136
vtrace1; 248; 5157; 5157
vtrace1; 398; 1253; 10136
vtrace1; 249; 5157; 5157
vtrace1; 399; 1253; 10136
vtrace1; 250; 5157; 5157
vtrace1; 400; 1253; 10136
vtrace1; 251; 5157; 5157
vtrace1; 393; 1253; 10136
vtrace1; 244; 5157; 5157
vtrace1; 394; 1253; 10136
vtrace1; 245; 5157; 5157
vtrace1; 395; 1253; 10136
vtrace1; 246; 5157; 5157
vtrace1; 396; 1253; 10136
vtrace1; 247; 5157; 5157
vtrace1; 389; 1253; 10136
vtrace1; 240; 5157; 5157
vtrace1; 390; 1253; 10136
vtrace1; 241; 5157; 5157
vtrace1; 391; 1253; 10136
vtrace1; 242; 5157; 5157
vtrace1; 392; 1253; 10136
vtrace1; 243; 5157; 5157
vtrace1; 385; 1253; 10136
vtrace1; 236; 5157; 5157
vtrace1; 386; 1253; 10136
vtrace1; 237; 5157; 5157
vtrace1; 387; 1253; 10136
vtrace1; 238; 5157; 5157
vtrace1; 388; 1253; 10136
vtrace1; 239; 5157; 5157
vtrace1; 381; 1253; 10136
vtrace1; 232; 5157; 5157
vtrace1; 382; 1253; 10136
vtrace1; 233; 5157; 5157
vtrace1; 383; 1253; 10136
vtrace1; 234; 5157; 5157
vtrace1; 384; 1253; 10136
vtrace1; 235; 5157; 5157
vtrace1; 377; 1253; 10136
vtrace1; 228; 5157; 5157
vtrace1; 378; 1253; 10136
vtrace1; 229; 5157; 5157
vtrace1; 379; 1253; 10136
vtrace1; 230; 5157; 5157
vtrace1; 380; 1253; 10136
vtrace1; 231; 5157; 5157
vtrace1; 309; 1253; 10136
vtrace1; 160; 5157; 5157
vtrace1; 310; 1253; 10136
vtrace1; 161; 5157; 5157
vtrace1; 311; 1253; 10136
vtrace1; 162; 5157; 5157
vtrace1; 312; 1253; 10136
vtrace1; 163; 5157; 5157
vtrace1; 305; 1253; 10136
vtrace1; 156; 5157; 5157
vtrace1; 306; 1253; 10136
vtrace1; 157; 5157; 5157
vtrace1; 307; 1253; 10136
vtrace1; 158; 5157; 5157
vtrace1; 308; 1253; 10136
vtrace1; 159; 5157; 5157
vtrace1; 301; 1253; 10136
vtrace1; 152; 5157; 5157
vtrace1; 302; 1253; 10136
vtrace1; 153; 5157; 5157
vtrace1; 303; 1253; 10136
vtrace1; 154; 5157; 5157
vtrace1; 304; 1253; 10136
vtrace1; 155; 5157; 5157
vtrace1; 297; 1253; 10136
vtrace1; 148; 5157; 5157
vtrace1; 298; 1253; 10136
vtrace1; 149; 5157; 5157
vtrace1; 299; 1253; 10136
vtrace1; 150; 5157; 5157
vtrace1; 300; 1253; 10136
vtrace1; 151; 5157; 5157
vtrace1; 293; 1253; 10136
vtrace1; 144; 5157; 5157
vtrace1; 294; 1253; 10136
vtrace1; 145; 5157; 5157
vtrace1; 295; 1253; 10136
vtrace1; 146; 5157; 5157
vtrace1; 296; 1253; 10136
vtrace1; 147; 5157; 5157
vtrace1; 289; 1253; 10136
vtrace1; 140; 5157; 5157
vtrace1; 290; 1253; 10136
vtrace1; 141; 5157; 5157
vtrace1; 291; 1253; 10136
vtrace1; 142; 5157; 5157
vtrace1; 292; 1253; 10136
vtrace1; 143; 5157; 5157
vtrace1; 285; 1253; 10136
vtrace1; 136; 5157; 5157
vtrace1; 286; 1253; 10136
vtrace1; 137; 5157; 5157
vtrace1; 287; 1253; 10136
vtrace1; 138; 5157; 5157
vtrace1; 288; 1253; 10136
vtrace1; 139; 5157; 5157
vtrace1; 281; 1253; 10136
vtrace1; 132; 5157; 5157
vtrace1; 282; 1253; 10136
vtrace1; 133; 5157; 5157
vtrace1; 283; 1253; 10136
vtrace1; 134; 5157; 5157
vtrace1; 284; 1253; 10136
vtrace1; 135; 5157; 5157
vtrace1; 341; 1253; 10136
vtrace1; 192; 5157; 5157
vtrace1; 342; 1253; 10136
vtrace1; 193; 5157; 5157
vtrace1; 343; 1253; 10136
vtrace1; 194; 5157; 5157
vtrace1; 344; 1253; 10136
vtrace1; 195; 5157; 5157
vtrace1; 337; 1253; 10136
vtrace1; 188; 5157; 5157
vtrace1; 338; 1253; 10136
vtrace1; 189; 5157; 5157
vtrace1; 339; 1253; 10136
vtrace1; 190; 5157; 5157
vtrace1; 340; 1253; 10136
vtrace1; 191; 5157; 5157
vtrace1; 333; 1253; 10136
vtrace1; 184; 5157; 5157
vtrace1; 334; 1253; 10136
vtrace1; 185; 5157; 5157
vtrace1; 335; 1253; 10136
vtrace1; 186; 5157; 5157
vtrace1; 336; 1253; 10136
vtrace1; 187; 5157; 5157
vtrace1; 329; 1253; 10136
vtrace1; 180; 5157; 5157
vtrace1; 330; 1253; 10136
vtrace1; 181; 5157; 5157
vtrace1; 331; 1253; 10136
vtrace1; 182; 5157; 5157
vtrace1; 332; 1253; 10136
vtrace1; 183; 5157; 5157
vtrace1; 325; 1253; 10136
vtrace1; 176; 5157; 5157
vtrace1; 326; 1253; 10136
vtrace1; 177; 5157; 5157
vtrace1; 327; 1253; 10136
vtrace1; 178; 5157; 5157
vtrace1; 328; 1253; 10136
vtrace1; 179; 5157; 5157
vtrace1; 321; 1253; 10136
vtrace1; 172; 5157; 5157
vtrace1; 322; 1253; 10136
vtrace1; 173; 5157; 5157
vtrace1; 323; 1253; 10136
vtrace1; 174; 5157; 5157
vtrace1; 324; 1253; 10136
vtrace1; 175; 5157; 5157
vtrace1; 317; 1253; 10136
vtrace1; 168; 5157; 5157
vtrace1; 318; 1253; 10136
vtrace1; 169; 5157; 5157
vtrace1; 319; 1253; 10136
vtrace1; 170; 5157; 5157
vtrace1; 320; 1253; 10136
vtrace1; 171; 5157; 5157
vtrace1; 313; 1253; 10136
vtrace1; 164; 5157; 5157
vtrace1; 314; 1253; 10136
vtrace1; 165; 5157; 5157
vtrace1; 315; 1253; 10136
vtrace1; 166; 5157; 5157
vtrace1; 316; 1253; 10136
vtrace1; 167; 5157; 5157
vtrace1; 1045; 1253; 10136
vtrace1; 1046; 1253; 10136
vtrace1; 1047; 1253; 10136
vtrace1; 1048; 1253; 10136
vtrace1; 1041; 1253; 10136
vtrace1; 1042; 1253; 10136
vtrace1; 1043; 1253; 10136
vtrace1; 1044; 1253; 10136
vtrace1; 1037; 1253; 10136
vtrace1; 1038; 1253; 10136
vtrace1; 1039; 1253; 10136
vtrace1; 1040; 1253; 10136
vtrace1; 1033; 1253; 10136
vtrace1; 1034; 1253; 10136
vtrace1; 1035; 1253; 10136
vtrace1; 1036; 1253; 10136
vtrace1; 1029; 1253; 10136
vtrace1; 1030; 1253; 10136
vtrace1; 1031; 1253; 10136
vtrace1; 1032; 1253; 10136
vtrace1; 1025; 1253; 10136
vtrace1; 1026; 1253; 10136
vtrace1; 1027; 1253; 10136
vtrace1; 1028; 1253; 10136
vtrace1; 1024; 1253; 10136
vtrace1; 1141; 1253; 10136
vtrace1; 1142; 1253; 10136
vtrace1; 1143; 1253; 10136
vtrace1; 1144; 1253; 10136
vtrace1; 1137; 1253; 10136
vtrace1; 1138; 1253; 10136
vtrace1; 1139; 1253; 10136
vtrace1; 1140; 1253; 10136
vtrace1; 1133; 1253; 10136
vtrace1; 1134; 1253; 10136
vtrace1; 1135; 1253; 10136
vtrace1; 1136; 1253; 10136
vtrace1; 1129; 1253; 10136
vtrace1; 1130; 1253; 10136
vtrace1; 1131; 1253; 10136
vtrace1; 1132; 1253; 10136
vtrace1; 1125; 1253; 10136
vtrace1; 1126; 1253; 10136
vtrace1; 1127; 1253; 10136
vtrace1; 1128; 1253; 10136
vtrace1; 1121; 1253; 10136
vtrace1; 1122; 1253; 10136
vtrace1; 1123; 1253; 10136
vtrace1; 1124; 1253; 10136
vtrace1; 1117; 1253; 10136
vtrace1; 1118; 1253; 10136
vtrace1; 1119; 1253; 10136
vtrace1; 1120; 1253; 10136
vtrace1; 1113; 1253; 10136
vtrace1; 1114; 1253; 10136
vtrace1; 1115; 1253; 10136
vtrace1; 1116; 1253; 10136
vtrace1; 1173; 1253; 10136
vtrace1; 1024; 5157; 5157
vtrace1; 1174; 1253; 10136
vtrace1; 1025; 5157; 5157
vtrace1; 1175; 1253; 10136
vtrace1; 1026; 5157; 5157
vtrace1; 1176; 1253; 10136
vtrace1; 1027; 5157; 5157
vtrace1; 1169; 1253; 10136
vtrace1; 1170; 1253; 10136
vtrace1; 1171; 1253; 10136
vtrace1; 1172; 1253; 10136
vtrace1; 1165; 1253; 10136
vtrace1; 1166; 1253; 10136
vtrace1; 1167; 1253; 10136
vtrace1; 1168; 1253; 10136
vtrace1; 1161; 1253; 10136
vtrace1; 1162; 1253; 10136
vtrace1; 1163; 1253; 10136
vtrace1; 1164; 1253; 10136
vtrace1; 1157; 1253; 10136
vtrace1; 1158; 1253; 10136
vtrace1; 1159; 1253; 10136
vtrace1; 1160; 1253; 10136
vtrace1; 1153; 1253; 10136
vtrace1; 1154; 1253; 10136
vtrace1; 1155; 1253; 10136
vtrace1; 1156; 1253; 10136
vtrace1; 1149; 1253; 10136
vtrace1; 1150; 1253; 10136
vtrace1; 1151; 1253; 10136
vtrace1; 1152; 1253; 10136
vtrace1; 1145; 1253; 10136
vtrace1; 1146; 1253; 10136
vtrace1; 1147; 1253; 10136
vtrace1; 1148; 1253; 10136
vtrace1; 1077; 1253; 10136
vtrace1; 1078; 1253; 10136
vtrace1; 1079; 1253; 10136
vtrace1; 1080; 1253; 10136
vtrace1; 1073; 1253; 10136
vtrace1; 1074; 1253; 10136
vtrace1; 1075; 1253; 10136
vtrace1; 1076; 1253; 10136
vtrace1; 1069; 1253; 10136
vtrace1; 1070; 1253; 10136
vtrace1; 1071; 1253; 10136
vtrace1; 1072; 1253; 10136
vtrace1; 1065; 1253; 10136
vtrace1; 1066; 1253; 10136
vtrace1; 1067; 1253; 10136
vtrace1; 1068; 1253; 10136
vtrace1; 1061; 1253; 10136
vtrace1; 1062; 1253; 10136
vtrace1; 1063; 1253; 10136
vtrace1; 1064; 1253; 10136
vtrace1; 1057; 1253; 10136
vtrace1; 1058; 1253; 10136
vtrace1; 1059; 1253; 10136
vtrace1; 1060; 1253; 10136
vtrace1; 1053; 1253; 10136
vtrace1; 1054; 1253; 10136
vtrace1; 1055; 1253; 10136
vtrace1; 1056; 1253; 10136
vtrace1; 1049; 1253; 10136
vtrace1; 1050; 1253; 10136
vtrace1; 1051; 1253; 10136
vtrace1; 1052; 1253; 10136
vtrace1; 1109; 1253; 10136
vtrace1; 1110; 1253; 10136
vtrace1; 1111; 1253; 10136
vtrace1; 1112; 1253; 10136
vtrace1; 1105; 1253; 10136
vtrace1; 1106; 1253; 10136
vtrace1; 1107; 1253; 10136
vtrace1; 1108; 1253; 10136
vtrace1; 1101; 1253; 10136
vtrace1; 1102; 1253; 10136
vtrace1; 1103; 1253; 10136
vtrace1; 1104; 1253; 10136
vtrace1; 1097; 1253; 10136
vtrace1; 1098; 1253; 10136
vtrace1; 1099; 1253; 10136
vtrace1; 1100; 1253; 10136
vtrace1; 1093; 1253; 10136
vtrace1; 1094; 1253; 10136
vtrace1; 1095; 1253; 10136
vtrace1; 1096; 1253; 10136
vtrace1; 1089; 1253; 10136
vtrace1; 1090; 1253; 10136
vtrace1; 1091; 1253; 10136
vtrace1; 1092; 1253; 10136
vtrace1; 1085; 1253; 10136
vtrace1; 1086; 1253; 10136
vtrace1; 1087; 1253; 10136
vtrace1; 1088; 1253; 10136
vtrace1; 1081; 1253; 10136
vtrace1; 1082; 1253; 10136
vtrace1; 1083; 1253; 10136
vtrace1; 1084; 1253; 10136
vtrace1; 1269; 1253; 10136
vtrace1; 1120; 5157; 5157
vtrace1; 1270; 1253; 10136
vtrace1; 1121; 5157; 5157
vtrace1; 1271; 1253; 10136
vtrace1; 1122; 5157; 5157
vtrace1; 1272; 1253; 10136
vtrace1; 1123; 5157; 5157
vtrace1; 1265; 1253; 10136
vtrace1; 1116; 5157; 5157
vtrace1; 1266; 1253; 10136
vtrace1; 1117; 5157; 5157
vtrace1; 1267; 1253; 10136
vtrace1; 1118; 5157; 5157
vtrace1; 1268; 1253; 10136
vtrace1; 1119; 5157; 5157
vtrace1; 1261; 1253; 10136
vtrace1; 1112; 5157; 5157
vtrace1; 1262; 1253; 10136
vtrace1; 1113; 5157; 5157
vtrace1; 1263; 1253; 10136
vtrace1; 1114; 5157; 5157
vtrace1; 1264; 1253; 10136
vtrace1; 1115; 5157; 5157
vtrace1; 1257; 1253; 10136
vtrace1; 1108; 5157; 5157
vtrace1; 1258; 1253; 10136
vtrace1; 1109; 5157; 5157
vtrace1; 1259; 1253; 10136
vtrace1; 1110; 5157; 5157
vtrace1; 1260; 1253; 10136
vtrace1; 1111; 5157; 5157
vtrace1; 1253; 1253; 10136
vtrace1; 1104; 5157; 5157
vtrace1; 1254; 1253; 10136
vtrace1; 1105; 5157; 5157
vtrace1; 1255; 1253; 10136
vtrace1; 1106; 5157; 5157
vtrace1; 1256; 1253; 10136
vtrace1; 1107; 5157; 5157
vtrace1; 1249; 1253; 10136
vtrace1; 1100; 5157; 5157
vtrace1; 1250; 1253; 10136
vtrace1; 1101; 5157; 5157
vtrace1; 1251; 1253; 10136
vtrace1; 1102; 5157; 5157
vtrace1; 1252; 1253; 10136
vtrace1; 1103; 5157; 5157
vtrace1; 1245; 1253; 10136
vtrace1; 1096; 5157; 5157
vtrace1; 1246; 1253; 10136
vtrace1; 1097; 5157; 5157
vtrace1; 1247; 1253; 10136
vtrace1; 1098; 5157; 5157
vtrace1; 1248; 1253; 10136
vtrace1; 1099; 5157; 5157
vtrace1; 1241; 1253; 10136
vtrace1; 1092; 5157; 5157
vtrace1; 1242; 1253; 10136
vtrace1; 1093; 5157; 5157
vtrace1; 1243; 1253; 10136
vtrace1; 1094; 5157; 5157
vtrace1; 1244; 1253; 10136
vtrace1; 1095; 5157; 5157
vtrace1; 1301; 1253; 10136
vtrace1; 1152; 5157; 5157
vtrace1; 1302; 1253; 10136
vtrace1; 1153; 5157; 5157
vtrace1; 1303; 1253; 10136
vtrace1; 1154; 5157; 5157
vtrace1; 1304; 1253; 10136
vtrace1; 1155; 5157; 5157
vtrace1; 1297; 1253; 10136
vtrace1; 1148; 5157; 5157
vtrace1; 1298; 1253; 10136
vtrace1; 1149; 5157; 5157
vtrace1; 1299; 1253; 10136
vtrace1; 1150; 5157; 5157
vtrace1; 1300; 1253; 10136
vtrace1; 1151; 5157; 5157
vtrace1; 1293; 1253; 10136
vtrace1; 1144; 5157; 5157
vtrace1; 1294; 1253; 10136
vtrace1; 1145; 5157; 5157
vtrace1; 1295; 1253; 10136
vtrace1; 1146; 5157; 5157
vtrace1; 1296; 1253; 10136
vtrace1; 1147; 5157; 5157
vtrace1; 1289; 1253; 10136
vtrace1; 1140; 5157; 5157
vtrace1; 1290; 1253; 10136
vtrace1; 1141; 5157; 5157
vtrace1; 1291; 1253; 10136
vtrace1; 1142; 5157; 5157
vtrace1; 1292; 1253; 10136
vtrace1; 1143; 5157; 5157
vtrace1; 1285; 1253; 10136
vtrace1; 1136; 5157; 5157
vtrace1; 1286; 1253; 10136
vtrace1; 1137; 5157; 5157
vtrace1; 1287; 1253; 10136
vtrace1; 1138; 5157; 5157
vtrace1; 1288; 1253; 10136
vtrace1; 1139; 5157; 5157
vtrace1; 1281; 1253; 10136
vtrace1; 1132; 5157; 5157
vtrace1; 1282; 1253; 10136
vtrace1; 1133; 5157; 5157
vtrace1; 1283; 1253; 10136
vtrace1; 1134; 5157; 5157
vtrace1; 1284; 1253; 10136
vtrace1; 1135; 5157; 5157
vtrace1; 1277; 1253; 10136
vtrace1; 1128; 5157; 5157
vtrace1; 1278; 1253; 10136
vtrace1; 1129; 5157; 5157
vtrace1; 1279; 1253; 10136
vtrace1; 1130; 5157; 5157
vtrace1; 1280; 1253; 10136
vtrace1; 1131; 5157; 5157
vtrace1; 1273; 1253; 10136
vtrace1; 1124; 5157; 5157
vtrace1; 1274; 1253; 10136
vtrace1; 1125; 5157; 5157
vtrace1; 1275; 1253; 10136
vtrace1; 1126; 5157; 5157
vtrace1; 1276; 1253; 10136
vtrace1; 1127; 5157; 5157
vtrace1; 1205; 1253; 10136
vtrace1; 1056; 5157; 5157
vtrace1; 1206; 1253; 10136
vtrace1; 1057; 5157; 5157
vtrace1; 1207; 1253; 10136
vtrace1; 1058; 5157; 5157
vtrace1; 1208; 1253; 10136
vtrace1; 1059; 5157; 5157
vtrace1; 1201; 1253; 10136
vtrace1; 1052; 5157; 5157
vtrace1; 1202; 1253; 10136
vtrace1; 1053; 5157; 5157
vtrace1; 1203; 1253; 10136
vtrace1; 1054; 5157; 5157
vtrace1; 1204; 1253; 10136
vtrace1; 1055; 5157; 5157
vtrace1; 1197; 1253; 10136
vtrace1; 1048; 5157; 5157
vtrace1; 1198; 1253; 10136
vtrace1; 1049; 5157; 5157
vtrace1; 1199; 1253; 10136
vtrace1; 1050; 5157; 5157
vtrace1; 1200; 1253; 10136
vtrace1; 1051; 5157; 5157
vtrace1; 1193; 1253; 10136
vtrace1; 1044; 5157; 5157
vtrace1; 1194; 1253; 10136
vtrace1; 1045; 5157; 5157
vtrace1; 1195; 1253; 10136
vtrace1; 1046; 5157; 5157
vtrace1; 1196; 1253; 10136
vtrace1; 1047; 5157; 5157
vtrace1; 1189; 1253; 10136
vtrace1; 1040; 5157; 5157
vtrace1; 1190; 1253; 10136
vtrace1; 1041; 5157; 5157
vtrace1; 1191; 1253; 10136
vtrace1; 1042; 5157; 5157
vtrace1; 1192; 1253; 10136
vtrace1; 1043; 5157; 5157
vtrace1; 1185; 1253; 10136
vtrace1; 1036; 5157; 5157
vtrace1; 1186; 1253; 10136
vtrace1; 1037; 5157; 5157
vtrace1; 1187; 1253; 10136
vtrace1; 1038; 5157; 5157
vtrace1; 1188; 1253; 10136
vtrace1; 1039; 5157; 5157
vtrace1; 1181; 1253; 10136
vtrace1; 1032; 5157; 5157
vtrace1; 1182; 1253; 10136
vtrace1; 1033; 5157; 5157
vtrace1; 1183; 1253; 10136
vtrace1; 1034; 5157; 5157
vtrace1; 1184; 1253; 10136
vtrace1; 1035; 5157; 5157
vtrace1; 1177; 1253; 10136
vtrace1; 1028; 5157; 5157
vtrace1; 1178; 1253; 10136
vtrace1; 1029; 5157; 5157
vtrace1; 1179; 1253; 10136
vtrace1; 1030; 5157; 5157
vtrace1; 1180; 1253; 10136
vtrace1; 1031; 5157; 5157
vtrace1; 1237; 1253; 10136
vtrace1; 1088; 5157; 5157
vtrace1; 1238; 1253; 10136
vtrace1; 1089; 5157; 5157
vtrace1; 1239; 1253; 10136
vtrace1; 1090; 5157; 5157
vtrace1; 1240; 1253; 10136
vtrace1; 1091; 5157; 5157
vtrace1; 1233; 1253; 10136
vtrace1; 1084; 5157; 5157
vtrace1; 1234; 1253; 10136
vtrace1; 1085; 5157; 5157
vtrace1; 1235; 1253; 10136
vtrace1; 1086; 5157; 5157
vtrace1; 1236; 1253; 10136
vtrace1; 1087; 5157; 5157
vtrace1; 1229; 1253; 10136
vtrace1; 1080; 5157; 5157
vtrace1; 1230; 1253; 10136
vtrace1; 1081; 5157; 5157
vtrace1; 1231; 1253; 10136
vtrace1; 1082; 5157; 5157
vtrace1; 1232; 1253; 10136
vtrace1; 1083; 5157; 5157
vtrace1; 1225; 1253; 10136
vtrace1; 1076; 5157; 5157
vtrace1; 1226; 1253; 10136
vtrace1; 1077; 5157; 5157
vtrace1; 1227; 1253; 10136
vtrace1; 1078; 5157; 5157
vtrace1; 1228; 1253; 10136
vtrace1; 1079; 5157; 5157
vtrace1; 1221; 1253; 10136
vtrace1; 1072; 5157; 5157
vtrace1; 1222; 1253; 10136
vtrace1; 1073; 5157; 5157
vtrace1; 1223; 1253; 10136
vtrace1; 1074; 5157; 5157
vtrace1; 1224; 1253; 10136
vtrace1; 1075; 5157; 5157
vtrace1; 1217; 1253; 10136
vtrace1; 1068; 5157; 5157
vtrace1; 1218; 1253; 10136
vtrace1; 1069; 5157; 5157
vtrace1; 1219; 1253; 10136
vtrace1; 1070; 5157; 5157
vtrace1; 1220; 1253; 10136
vtrace1; 1071; 5157; 5157
vtrace1; 1213; 1253; 10136
vtrace1; 1064; 5157; 5157
vtrace1; 1214; 1253; 10136
vtrace1; 1065; 5157; 5157
vtrace1; 1215; 1253; 10136
vtrace1; 1066; 5157; 5157
vtrace1; 1216; 1253; 10136
vtrace1; 1067; 5157; 5157
vtrace1; 1209; 1253; 10136
vtrace1; 1060; 5157; 5157
vtrace1; 1210; 1253; 10136
vtrace1; 1061; 5157; 5157
vtrace1; 1211; 1253; 10136
vtrace1; 1062; 5157; 5157
vtrace1; 1212; 1253; 10136
vtrace1; 1063; 5157; 5157
vtrace1; 1397; 1253; 10136
vtrace1; 1248; 5157; 5157
vtrace1; 1398; 1253; 10136
vtrace1; 1249; 5157; 5157
vtrace1; 1399; 1253; 10136
vtrace1; 1250; 5157; 5157
vtrace1; 1400; 1253; 10136
vtrace1; 1251; 5157; 5157
vtrace1; 1393; 1253; 10136
vtrace1; 1244; 5157; 5157
vtrace1; 1394; 1253; 10136
vtrace1; 1245; 5157; 5157
vtrace1; 1395; 1253; 10136
vtrace1; 1246; 5157; 5157
vtrace1; 1396; 1253; 10136
vtrace1; 1247; 5157; 5157
vtrace1; 1389; 1253; 10136
vtrace1; 1240; 5157; 5157
vtrace1; 1390; 1253; 10136
vtrace1; 1241; 5157; 5157
vtrace1; 1391; 1253; 10136
vtrace1; 1242; 5157; 5157
vtrace1; 1392; 1253; 10136
vtrace1; 1243; 5157; 5157
vtrace1; 1385; 1253; 10136
vtrace1; 1236; 5157; 5157
vtrace1; 1386; 1253; 10136
vtrace1; 1237; 5157; 5157
vtrace1; 1387; 1253; 10136
vtrace1; 1238; 5157; 5157
vtrace1; 1388; 1253; 10136
vtrace1; 1239; 5157; 5157
vtrace1; 1381; 1253; 10136
vtrace1; 1232; 5157; 5157
vtrace1; 1382; 1253; 10136
vtrace1; 1233; 5157; 5157
vtrace1; 1383; 1253; 10136
vtrace1; 1234; 5157; 5157
vtrace1; 1384; 1253; 10136
vtrace1; 1235; 5157; 5157
vtrace1; 1377; 1253; 10136
vtrace1; 1228; 5157; 5157
vtrace1; 1378; 1253; 10136
vtrace1; 1229; 5157; 5157
vtrace1; 1379; 1253; 10136
vtrace1; 1230; 5157; 5157
vtrace1; 1380; 1253; 10136
vtrace1; 1231; 5157; 5157
vtrace1; 1373; 1253; 10136
vtrace1; 1224; 5157; 5157
vtrace1; 1374; 1253; 10136
vtrace1; 1225; 5157; 5157
vtrace1; 1375; 1253; 10136
vtrace1; 1226; 5157; 5157
vtrace1; 1376; 1253; 10136
vtrace1; 1227; 5157; 5157
vtrace1; 1369; 1253; 10136
vtrace1; 1220; 5157; 5157
vtrace1; 1370; 1253; 10136
vtrace1; 1221; 5157; 5157
vtrace1; 1371; 1253; 10136
vtrace1; 1222; 5157; 5157
vtrace1; 1372; 1253; 10136
vtrace1; 1223; 5157; 5157
vtrace1; 1429; 1253; 10136
vtrace1; 1280; 5157; 5157
vtrace1; 1430; 1253; 10136
vtrace1; 1281; 5157; 5157
vtrace1; 1431; 1253; 10136
vtrace1; 1282; 5157; 5157
vtrace1; 1432; 1253; 10136
vtrace1; 1283; 5157; 5157
vtrace1; 1425; 1253; 10136
vtrace1; 1276; 5157; 5157
vtrace1; 1426; 1253; 10136
vtrace1; 1277; 5157; 5157
vtrace1; 1427; 1253; 10136
vtrace1; 1278; 5157; 5157
vtrace1; 1428; 1253; 10136
vtrace1; 1279; 5157; 5157
vtrace1; 1421; 1253; 10136
vtrace1; 1272; 5157; 5157
vtrace1; 1422; 1253; 10136
vtrace1; 1273; 5157; 5157
vtrace1; 1423; 1253; 10136
vtrace1; 1274; 5157; 5157
vtrace1; 1424; 1253; 10136
vtrace1; 1275; 5157; 5157
vtrace1; 1417; 1253; 10136
vtrace1; 1268; 5157; 5157
vtrace1; 1418; 1253; 10136
vtrace1; 1269; 5157; 5157
vtrace1; 1419; 1253; 10136
vtrace1; 1270; 5157; 5157
vtrace1; 1420; 1253; 10136
vtrace1; 1271; 5157; 5157
vtrace1; 1413; 1253; 10136
vtrace1; 1264; 5157; 5157
vtrace1; 1414; 1253; 10136
vtrace1; 1265; 5157; 5157
vtrace1; 1415; 1253; 10136
vtrace1; 1266; 5157; 5157
vtrace1; 1416; 1253; 10136
vtrace1; 1267; 5157; 5157
vtrace1; 1409; 1253; 10136
vtrace1; 1260; 5157; 5157
vtrace1; 1410; 1253; 10136
vtrace1; 1261; 5157; 5157
vtrace1; 1411; 1253; 10136
vtrace1; 1262; 5157; 5157
vtrace1; 1412; 1253; 10136
vtrace1; 1263; 5157; 5157
vtrace1; 1405; 1253; 10136
vtrace1; 1256; 5157; 5157
vtrace1; 1406; 1253; 10136
vtrace1; 1257; 5157; 5157
vtrace1; 1407; 1253; 10136
vtrace1; 1258; 5157; 5157
vtrace1; 1408; 1253; 10136
vtrace1; 1259; 5157; 5157
vtrace1; 1401; 1253; 10136
vtrace1; 1252; 5157; 5157
vtrace1; 1402; 1253; 10136
vtrace1; 1253; 5157; 5157
vtrace1; 1403; 1253; 10136
vtrace1; 1254; 5157; 5157
vtrace1; 1404; 1253; 10136
vtrace1; 1255; 5157; 5157
vtrace1; 1333; 1253; 10136
vtrace1; 1184; 5157; 5157
vtrace1; 1334; 1253; 10136
vtrace1; 1185; 5157; 5157
vtrace1; 1335; 1253; 10136
vtrace1; 1186; 5157; 5157
vtrace1; 1336; 1253; 10136
vtrace1; 1187; 5157; 5157
vtrace1; 1329; 1253; 10136
vtrace1; 1180; 5157; 5157
vtrace1; 1330; 1253; 10136
vtrace1; 1181; 5157; 5157
vtrace1; 1331; 1253; 10136
vtrace1; 1182; 5157; 5157
vtrace1; 1332; 1253; 10136
vtrace1; 1183; 5157; 5157
vtrace1; 1325; 1253; 10136
vtrace1; 1176; 5157; 5157
vtrace1; 1326; 1253; 10136
vtrace1; 1177; 5157; 5157
vtrace1; 1327; 1253; 10136
vtrace1; 1178; 5157; 5157
vtrace1; 1328; 1253; 10136
vtrace1; 1179; 5157; 5157
vtrace1; 1321; 1253; 10136
vtrace1; 1172; 5157; 5157
vtrace1; 1322; 1253; 10136
vtrace1; 1173; 5157; 5157
vtrace1; 1323; 1253; 10136
vtrace1; 1174; 5157; 5157
vtrace1; 1324; 1253; 10136
vtrace1; 1175; 5157; 5157
vtrace1; 1317; 1253; 10136
vtrace1; 1168; 5157; 5157
vtrace1; 1318; 1253; 10136
vtrace1; 1169; 5157; 5157
vtrace1; 1319; 1253; 10136
vtrace1; 1170; 5157; 5157
vtrace1; 1320; 1253; 10136
vtrace1; 1171; 5157; 5157
vtrace1; 1313; 1253; 10136
vtrace1; 1164; 5157; 5157
vtrace1; 1314; 1253; 10136
vtrace1; 1165; 5157; 5157
vtrace1; 1315; 1253; 10136
vtrace1; 1166; 5157; 5157
vtrace1; 1316; 1253; 10136
vtrace1; 1167; 5157; 5157
vtrace1; 1309; 1253; 10136
vtrace1; 1160; 5157; 5157
vtrace1; 1310; 1253; 10136
vtrace1; 1161; 5157; 5157
vtrace1; 1311; 1253; 10136
vtrace1; 1162; 5157; 5157
vtrace1; 1312; 1253; 10136
vtrace1; 1163; 5157; 5157
vtrace1; 1305; 1253; 10136
vtrace1; 1156; 5157; 5157
vtrace1; 1306; 1253; 10136
vtrace1; 1157; 5157; 5157
vtrace1; 1307; 1253; 10136
vtrace1; 1158; 5157; 5157
vtrace1; 1308; 1253; 10136
vtrace1; 1159; 5157; 5157
vtrace1; 1365; 1253; 10136
vtrace1; 1216; 5157; 5157
vtrace1; 1366; 1253; 10136
vtrace1; 1217; 5157; 5157
vtrace1; 1367; 1253; 10136
vtrace1; 1218; 5157; 5157
vtrace1; 1368; 1253; 10136
vtrace1; 1219; 5157; 5157
vtrace1; 1361; 1253; 10136
vtrace1; 1212; 5157; 5157
vtrace1; 1362; 1253; 10136
vtrace1; 1213; 5157; 5157
vtrace1; 1363; 1253; 10136
vtrace1; 1214; 5157; 5157
vtrace1; 1364; 1253; 10136
vtrace1; 1215; 5157; 5157
vtrace1; 1357; 1253; 10136
vtrace1; 1208; 5157; 5157
vtrace1; 1358; 1253; 10136
vtrace1; 1209; 5157; 5157
vtrace1; 1359; 1253; 10136
vtrace1; 1210; 5157; 5157
vtrace1; 1360; 1253; 10136
vtrace1; 1211; 5157; 5157
vtrace1; 1353; 1253; 10136
vtrace1; 1204; 5157; 5157
vtrace1; 1354; 1253; 10136
vtrace1; 1205; 5157; 5157
vtrace1; 1355; 1253; 10136
vtrace1; 1206; 5157; 5157
vtrace1; 1356; 1253; 10136
vtrace1; 1207; 5157; 5157
vtrace1; 1349; 1253; 10136
vtrace1; 1200; 5157; 5157
vtrace1; 1350; 1253; 10136
vtrace1; 1201; 5157; 5157
vtrace1; 1351; 1253; 10136
vtrace1; 1202; 5157; 5157
vtrace1; 1352; 1253; 10136
vtrace1; 1203; 5157; 5157
vtrace1; 1345; 1253; 10136
vtrace1; 1196; 5157; 5157
vtrace1; 1346; 1253; 10136
vtrace1; 1197; 5157; 5157
vtrace1; 1347; 1253; 10136
vtrace1; 1198; 5157; 5157
vtrace1; 1348; 1253; 10136
vtrace1; 1199; 5157; 5157
vtrace1; 1341; 1253; 10136
vtrace1; 1192; 5157; 5157
vtrace1; 1342; 1253; 10136
vtrace1; 1193; 5157; 5157
vtrace1; 1343; 1253; 10136
vtrace1; 1194; 5157; 5157
vtrace1; 1344; 1253; 10136
vtrace1; 1195; 5157; 5157
vtrace1; 1337; 1253; 10136
vtrace1; 1188; 5157; 5157
vtrace1; 1338; 1253; 10136
vtrace1; 1189; 5157; 5157
vtrace1; 1339; 1253; 10136
vtrace1; 1190; 5157; 5157
vtrace1; 1340; 1253; 10136
vtrace1; 1191; 5157; 5157
vtrace1; 1371; 8842; 8842
vtrace1; 780; 0; 2002
vtrace1; 1370; 8842; 8842
vtrace1; 781; 0; 2002
vtrace1; 1373; 8842; 8842
vtrace1; 782; 0; 2002
vtrace1; 1372; 8842; 8842
vtrace1; 783; 0; 2002
vtrace1; 1367; 8842; 8842
vtrace1; 776; 0; 2002
vtrace1; 1366; 8842; 8842
vtrace1; 777; 0; 2002
vtrace1; 1369; 8842; 8842
vtrace1; 778; 0; 2002
vtrace1; 1368; 8842; 8842
vtrace1; 779; 0; 2002
vtrace1; 1363; 8842; 8842
vtrace1; 772; 0; 2002
vtrace1; 1362; 8842; 8842
vtrace1; 773; 0; 2002
vtrace1; 1365; 8842; 8842
vtrace1; 774; 0; 2002
vtrace1; 1364; 8842; 8842
vtrace1; 775; 0; 2002
vtrace1; 1359; 8842; 8842
vtrace1; 768; 0; 2002
vtrace1; 1358; 8842; 8842
vtrace1; 769; 0; 2002
vtrace1; 1361; 8842; 8842
vtrace1; 770; 0; 2002
vtrace1; 1360; 8842; 8842
vtrace1; 771; 0; 2002
vtrace1; 1355; 8842; 8842
vtrace1; 764; 0; 2002
vtrace1; 1354; 8842; 8842
vtrace1; 765; 0; 2002
vtrace1; 1357; 8842; 8842
vtrace1; 766; 0; 2002
vtrace1; 1356; 8842; 8842
vtrace1; 767; 0; 2002
vtrace1; 1351; 8842; 8842
vtrace1; 760; 0; 2002
vtrace1; 1350; 8842; 8842
vtrace1; 761; 0; 2002
vtrace1; 1353; 8842; 8842
vtrace1; 762; 0; 2002
vtrace1; 1352; 8842; 8842
vtrace1; 763; 0; 2002
vtrace1; 1347; 8842; 8842
vtrace1; 756; 0; 2002
vtrace1; 1346; 8842; 8842
vtrace1; 757; 0; 2002
vtrace1; 1349; 8842; 8842
vtrace1; 758; 0; 2002
vtrace1; 1348; 8842; 8842
vtrace1; 759; 0; 2002
vtrace1; 1343; 8842; 8842
vtrace1; 752; 0; 2002
vtrace1; 1342; 8842; 8842
vtrace1; 753; 0; 2002
vtrace1; 1345; 8842; 8842
vtrace1; 754; 0; 2002
vtrace1; 1344; 8842; 8842
vtrace1; 755; 0; 2002
vtrace1; 1403; 8842; 8842
vtrace1; 812; 0; 2002
vtrace1; 1402; 8842; 8842
vtrace1; 813; 0; 2002
vtrace1; 1405; 8842; 8842
vtrace1; 814; 0; 2002
vtrace1; 1404; 8842; 8842
vtrace1; 815; 0; 2002
vtrace1; 1399; 8842; 8842
vtrace1; 808; 0; 2002
vtrace1; 1398; 8842; 8842
vtrace1; 809; 0; 2002
vtrace1; 1401; 8842; 8842
vtrace1; 810; 0; 2002
vtrace1; 1400; 8842; 8842
vtrace1; 811; 0; 2002
vtrace1; 1395; 8842; 8842
vtrace1; 804; 0; 2002
vtrace1; 1394; 8842; 8842
vtrace1; 805; 0; 2002
vtrace1; 1397; 8842; 8842
vtrace1; 806; 0; 2002
vtrace1; 1396; 8842; 8842
vtrace1; 807; 0; 2002
vtrace1; 1391; 8842; 8842
vtrace1; 800; 0; 2002
vtrace1; 1390; 8842; 8842
vtrace1; 801; 0; 2002
vtrace1; 1393; 8842; 8842
vtrace1; 802; 0; 2002
vtrace1; 1392; 8842; 8842
vtrace1; 803; 0; 2002
vtrace1; 1387; 8842; 8842
vtrace1; 796; 0; 2002
vtrace1; 1386; 8842; 8842
vtrace1; 797; 0; 2002
vtrace1; 1389; 8842; 8842
vtrace1; 798; 0; 2002
vtrace1; 1388; 8842; 8842
vtrace1; 799; 0; 2002
vtrace1; 1383; 8842; 8842
vtrace1; 792; 0; 2002
vtrace1; 1382; 8842; 8842
vtrace1; 793; 0; 2002
vtrace1; 1385; 8842; 8842
vtrace1; 794; 0; 2002
vtrace1; 1384; 8842; 8842
vtrace1; 795; 0; 2002
vtrace1; 1379; 8842; 8842
vtrace1; 788; 0; 2002
vtrace1; 1378; 8842; 8842
vtrace1; 789; 0; 2002
vtrace1; 1381; 8842; 8842
vtrace1; 790; 0; 2002
vtrace1; 1380; 8842; 8842
vtrace1; 791; 0; 2002
vtrace1; 1375; 8842; 8842
vtrace1; 784; 0; 2002
vtrace1; 1374; 8842; 8842
vtrace1; 785; 0; 2002
vtrace1; 1377; 8842; 8842
vtrace1; 786; 0; 2002
vtrace1; 1376; 8842; 8842
vtrace1; 787; 0; 2002
vtrace1; 1307; 8842; 8842
vtrace1; 716; 0; 2002
vtrace1; 1306; 8842; 8842
vtrace1; 717; 0; 2002
vtrace1; 1309; 8842; 8842
vtrace1; 718; 0; 2002
vtrace1; 1308; 8842; 8842
vtrace1; 719; 0; 2002
vtrace1; 1303; 8842; 8842
vtrace1; 712; 0; 2002
vtrace1; 1302; 8842; 8842
vtrace1; 713; 0; 2002
vtrace1; 1305; 8842; 8842
vtrace1; 714; 0; 2002
vtrace1; 1304; 8842; 8842
vtrace1; 715; 0; 2002
vtrace1; 1299; 8842; 8842
vtrace1; 708; 0; 2002
vtrace1; 1298; 8842; 8842
vtrace1; 709; 0; 2002
vtrace1; 1301; 8842; 8842
vtrace1; 710; 0; 2002
vtrace1; 1300; 8842; 8842
vtrace1; 711; 0; 2002
vtrace1; 1295; 8842; 8842
vtrace1; 704; 0; 2002
vtrace1; 1294; 8842; 8842
vtrace1; 705; 0; 2002
vtrace1; 1297; 8842; 8842
vtrace1; 706; 0; 2002
vtrace1; 1296; 8842; 8842
vtrace1; 707; 0; 2002
vtrace1; 1291; 8842; 8842
vtrace1; 700; 0; 2002
vtrace1; 1290; 8842; 8842
vtrace1; 701; 0; 2002
vtrace1; 1293; 8842; 8842
vtrace1; 702; 0; 2002
vtrace1; 1292; 8842; 8842
vtrace1; 703; 0; 2002
vtrace1; 1287; 8842; 8842
vtrace1; 696; 0; 2002
vtrace1; 1286; 8842; 8842
vtrace1; 697; 0; 2002
vtrace1; 1289; 8842; 8842
vtrace1; 698; 0; 2002
vtrace1; 1288; 8842; 8842
vtrace1; 699; 0; 2002
vtrace1; 1283; 8842; 8842
vtrace1; 692; 0; 2002
vtrace1; 1282; 8842; 8842
vtrace1; 693; 0; 2002
vtrace1; 1285; 8842; 8842
vtrace1; 694; 0; 2002
vtrace1; 1284; 8842; 8842
vtrace1; 695; 0; 2002
vtrace1; 1279; 8842; 8842
vtrace1; 688; 0; 2002
vtrace1; 1278; 8842; 8842
vtrace1; 689; 0; 2002
vtrace1; 1281; 8842; 8842
vtrace1; 690; 0; 2002
vtrace1; 1280; 8842; 8842
vtrace1; 691; 0; 2002
vtrace1; 1339; 8842; 8842
vtrace1; 748; 0; 2002
vtrace1; 1338; 8842; 8842
vtrace1; 749; 0; 2002
vtrace1; 1341; 8842; 8842
vtrace1; 750; 0; 2002
vtrace1; 1340; 8842; 8842
vtrace1; 751; 0; 2002
vtrace1; 1335; 8842; 8842
vtrace1; 744; 0; 2002
vtrace1; 1334; 8842; 8842
vtrace1; 745; 0; 2002
vtrace1; 1337; 8842; 8842
vtrace1; 746; 0; 2002
vtrace1; 1336; 8842; 8842
vtrace1; 747; 0; 2002
vtrace1; 1331; 8842; 8842
vtrace1; 740; 0; 2002
vtrace1; 1330; 8842; 8842
vtrace1; 741; 0; 2002
vtrace1; 1333; 8842; 8842
vtrace1; 742; 0; 2002
vtrace1; 1332; 8842; 8842
vtrace1; 743; 0; 2002
vtrace1; 1327; 8842; 8842
vtrace1; 736; 0; 2002
vtrace1; 1326; 8842; 8842
vtrace1; 737; 0; 2002
vtrace1; 1329; 8842; 8842
vtrace1; 738; 0; 2002
vtrace1; 1328; 8842; 8842
vtrace1; 739; 0; 2002
vtrace1; 1323; 8842; 8842
vtrace1; 732; 0; 2002
vtrace1; 1322; 8842; 8842
vtrace1; 733; 0; 2002
vtrace1; 1325; 8842; 8842
vtrace1; 734; 0; 2002
vtrace1; 1324; 8842; 8842
vtrace1; 735; 0; 2002
vtrace1; 1319; 8842; 8842
vtrace1; 728; 0; 2002
vtrace1; 1318; 8842; 8842
vtrace1; 729; 0; 2002
vtrace1; 1321; 8842; 8842
vtrace1; 730; 0; 2002
vtrace1; 1320; 8842; 8842
vtrace1; 731; 0; 2002
vtrace1; 1315; 8842; 8842
vtrace1; 724; 0; 2002
vtrace1; 1314; 8842; 8842
vtrace1; 725; 0; 2002
vtrace1; 1317; 8842; 8842
vtrace1; 726; 0; 2002
vtrace1; 1316; 8842; 8842
vtrace1; 727; 0; 2002
vtrace1; 1311; 8842; 8842
vtrace1; 720; 0; 2002
vtrace1; 1310; 8842; 8842
vtrace1; 721; 0; 2002
vtrace1; 1313; 8842; 8842
vtrace1; 722; 0; 2002
vtrace1; 1312; 8842; 8842
vtrace1; 723; 0; 2002
vtrace1; 1499; 8842; 8842
vtrace1; 908; 0; 2002
vtrace1; 1498; 8842; 8842
vtrace1; 909; 0; 2002
vtrace1; 1501; 8842; 8842
vtrace1; 910; 0; 2002
vtrace1; 1500; 8842; 8842
vtrace1; 911; 0; 2002
vtrace1; 1495; 8842; 8842
vtrace1; 904; 0; 2002
vtrace1; 1494; 8842; 8842
vtrace1; 905; 0; 2002
vtrace1; 1497; 8842; 8842
vtrace1; 906; 0; 2002
vtrace1; 1496; 8842; 8842
vtrace1; 907; 0; 2002
vtrace1; 1491; 8842; 8842
vtrace1; 900; 0; 2002
vtrace1; 1490; 8842; 8842
vtrace1; 901; 0; 2002
vtrace1; 1493; 8842; 8842
vtrace1; 902; 0; 2002
vtrace1; 1492; 8842; 8842
vtrace1; 903; 0; 2002
vtrace1; 1487; 8842; 8842
vtrace1; 896; 0; 2002
vtrace1; 1486; 8842; 8842
vtrace1; 897; 0; 2002
vtrace1; 1489; 8842; 8842
vtrace1; 898; 0; 2002
vtrace1; 1488; 8842; 8842
vtrace1; 899; 0; 2002
vtrace1; 1483; 8842; 8842
vtrace1; 892; 0; 2002
vtrace1; 1482; 8842; 8842
vtrace1; 893; 0; 2002
vtrace1; 1485; 8842; 8842
vtrace1; 894; 0; 2002
vtrace1; 1484; 8842; 8842
vtrace1; 895; 0; 2002
vtrace1; 1479; 8842; 8842
vtrace1; 888; 0; 2002
vtrace1; 1478; 8842; 8842
vtrace1; 889; 0; 2002
vtrace1; 1481; 8842; 8842
vtrace1; 890; 0; 2002
vtrace1; 1480; 8842; 8842
vtrace1; 891; 0; 2002
vtrace1; 1475; 8842; 8842
vtrace1; 884; 0; 2002
vtrace1; 1474; 8842; 8842
vtrace1; 885; 0; 2002
vtrace1; 1477; 8842; 8842
vtrace1; 886; 0; 2002
vtrace1; 1476; 8842; 8842
vtrace1; 887; 0; 2002
vtrace1; 1471; 8842; 8842
vtrace1; 880; 0; 2002
vtrace1; 1470; 8842; 8842
vtrace1; 881; 0; 2002
vtrace1; 1473; 8842; 8842
vtrace1; 882; 0; 2002
vtrace1; 1472; 8842; 8842
vtrace1; 883; 0; 2002
vtrace1; 1531; 8842; 8842
vtrace1; 940; 0; 2002
vtrace1; 1530; 8842; 8842
vtrace1; 941; 0; 2002
vtrace1; 1533; 8842; 8842
vtrace1; 942; 0; 2002
vtrace1; 1532; 8842; 8842
vtrace1; 943; 0; 2002
vtrace1; 1527; 8842; 8842
vtrace1; 936; 0; 2002
vtrace1; 1526; 8842; 8842
vtrace1; 937; 0; 2002
vtrace1; 1529; 8842; 8842
vtrace1; 938; 0; 2002
vtrace1; 1528; 8842; 8842
vtrace1; 939; 0; 2002
vtrace1; 1523; 8842; 8842
vtrace1; 932; 0; 2002
vtrace1; 1522; 8842; 8842
vtrace1; 933; 0; 2002
vtrace1; 1525; 8842; 8842
vtrace1; 934; 0; 2002
vtrace1; 1524; 8842; 8842
vtrace1; 935; 0; 2002
vtrace1; 1519; 8842; 8842
vtrace1; 928; 0; 2002
vtrace1; 1518; 8842; 8842
vtrace1; 929; 0; 2002
vtrace1; 1521; 8842; 8842
vtrace1; 930; 0; 2002
vtrace1; 1520; 8842; 8842
vtrace1; 931; 0; 2002
vtrace1; 1515; 8842; 8842
vtrace1; 924; 0; 2002
vtrace1; 1514; 8842; 8842
vtrace1; 925; 0; 2002
vtrace1; 1517; 8842; 8842
vtrace1; 926; 0; 2002
vtrace1; 1516; 8842; 8842
vtrace1; 927; 0; 2002
vtrace1; 1511; 8842; 8842
vtrace1; 920; 0; 2002
vtrace1; 1510; 8842; 8842
vtrace1; 921; 0; 2002
vtrace1; 1513; 8842; 8842
vtrace1; 922; 0; 2002
vtrace1; 1512; 8842; 8842
vtrace1; 923; 0; 2002
vtrace1; 1507; 8842; 8842
vtrace1; 916; 0; 2002
vtrace1; 1506; 8842; 8842
vtrace1; 917; 0; 2002
vtrace1; 1509; 8842; 8842
vtrace1; 918; 0; 2002
vtrace1; 1508; 8842; 8842
vtrace1; 919; 0; 2002
vtrace1; 1503; 8842; 8842
vtrace1; 912; 0; 2002
vtrace1; 1502; 8842; 8842
vtrace1; 913; 0; 2002
vtrace1; 1505; 8842; 8842
vtrace1; 914; 0; 2002
vtrace1; 1504; 8842; 8842
vtrace1; 915; 0; 2002
vtrace1; 1435; 8842; 8842
vtrace1; 844; 0; 2002
vtrace1; 1434; 8842; 8842
vtrace1; 845; 0; 2002
vtrace1; 1437; 8842; 8842
vtrace1; 846; 0; 2002
vtrace1; 1436; 8842; 8842
vtrace1; 847; 0; 2002
vtrace1; 1431; 8842; 8842
vtrace1; 840; 0; 2002
vtrace1; 1430; 8842; 8842
vtrace1; 841; 0; 2002
vtrace1; 1433; 8842; 8842
vtrace1; 842; 0; 2002
vtrace1; 1432; 8842; 8842
vtrace1; 843; 0; 2002
vtrace1; 1427; 8842; 8842
vtrace1; 836; 0; 2002
vtrace1; 1426; 8842; 8842
vtrace1; 837; 0; 2002
vtrace1; 1429; 8842; 8842
vtrace1; 838; 0; 2002
vtrace1; 1428; 8842; 8842
vtrace1; 839; 0; 2002
vtrace1; 1423; 8842; 8842
vtrace1; 832; 0; 2002
vtrace1; 1422; 8842; 8842
vtrace1; 833; 0; 2002
vtrace1; 1425; 8842; 8842
vtrace1; 834; 0; 2002
vtrace1; 1424; 8842; 8842
vtrace1; 835; 0; 2002
vtrace1; 1419; 8842; 8842
vtrace1; 828; 0; 2002
vtrace1; 1418; 8842; 8842
vtrace1; 829; 0; 2002
vtrace1; 1421; 8842; 8842
vtrace1; 830; 0; 2002
vtrace1; 1420; 8842; 8842
vtrace1; 831; 0; 2002
vtrace1; 1415; 8842; 8842
vtrace1; 824; 0; 2002
vtrace1; 1414; 8842; 8842
vtrace1; 825; 0; 2002
vtrace1; 1417; 8842; 8842
vtrace1; 826; 0; 2002
vtrace1; 1416; 8842; 8842
vtrace1; 827; 0; 2002
vtrace1; 1411; 8842; 8842
vtrace1; 820; 0; 2002
vtrace1; 1410; 8842; 8842
vtrace1; 821; 0; 2002
vtrace1; 1413; 8842; 8842
vtrace1; 822; 0; 2002
vtrace1; 1412; 8842; 8842
vtrace1; 823; 0; 2002
vtrace1; 1407; 8842; 8842
vtrace1; 816; 0; 2002
vtrace1; 1406; 8842; 8842
vtrace1; 817; 0; 2002
vtrace1; 1409; 8842; 8842
vtrace1; 818; 0; 2002
vtrace1; 1408; 8842; 8842
vtrace1; 819; 0; 2002
vtrace1; 1467; 8842; 8842
vtrace1; 876; 0; 2002
vtrace1; 1466; 8842; 8842
vtrace1; 877; 0; 2002
vtrace1; 1469; 8842; 8842
vtrace1; 878; 0; 2002
vtrace1; 1468; 8842; 8842
vtrace1; 879; 0; 2002
vtrace1; 1463; 8842; 8842
vtrace1; 872; 0; 2002
vtrace1; 1462; 8842; 8842
vtrace1; 873; 0; 2002
vtrace1; 1465; 8842; 8842
vtrace1; 874; 0; 2002
vtrace1; 1464; 8842; 8842
vtrace1; 875; 0; 2002
vtrace1; 1459; 8842; 8842
vtrace1; 868; 0; 2002
vtrace1; 1458; 8842; 8842
vtrace1; 869; 0; 2002
vtrace1; 1461; 8842; 8842
vtrace1; 870; 0; 2002
vtrace1; 1460; 8842; 8842
vtrace1; 871; 0; 2002
vtrace1; 1455; 8842; 8842
vtrace1; 864; 0; 2002
vtrace1; 1454; 8842; 8842
vtrace1; 865; 0; 2002
vtrace1; 1457; 8842; 8842
vtrace1; 866; 0; 2002
vtrace1; 1456; 8842; 8842
vtrace1; 867; 0; 2002
vtrace1; 1451; 8842; 8842
vtrace1; 860; 0; 2002
vtrace1; 1450; 8842; 8842
vtrace1; 861; 0; 2002
vtrace1; 1453; 8842; 8842
vtrace1; 862; 0; 2002
vtrace1; 1452; 8842; 8842
vtrace1; 863; 0; 2002
vtrace1; 1447; 8842; 8842
vtrace1; 856; 0; 2002
vtrace1; 1446; 8842; 8842
vtrace1; 857; 0; 2002
vtrace1; 1449; 8842; 8842
vtrace1; 858; 0; 2002
vtrace1; 1448; 8842; 8842
vtrace1; 859; 0; 2002
vtrace1; 1443; 8842; 8842
vtrace1; 852; 0; 2002
vtrace1; 1442; 8842; 8842
vtrace1; 853; 0; 2002
vtrace1; 1445; 8842; 8842
vtrace1; 854; 0; 2002
vtrace1; 1444; 8842; 8842
vtrace1; 855; 0; 2002
vtrace1; 1439; 8842; 8842
vtrace1; 848; 0; 2002
vtrace1; 1438; 8842; 8842
vtrace1; 849; 0; 2002
vtrace1; 1441; 8842; 8842
vtrace1; 850; 0; 2002
vtrace1; 1440; 8842; 8842
vtrace1; 851; 0; 2002
vtrace1; 1627; 8842; 8842
vtrace1; 1626; 8842; 8842
vtrace1; 1629; 8842; 8842
vtrace1; 1628; 8842; 8842
vtrace1; 1623; 8842; 8842
vtrace1; 1622; 8842; 8842
vtrace1; 1625; 8842; 8842
vtrace1; 1624; 8842; 8842
vtrace1; 1619; 8842; 8842
vtrace1; 1618; 8842; 8842
vtrace1; 1621; 8842; 8842
vtrace1; 1620; 8842; 8842
vtrace1; 1615; 8842; 8842
vtrace1; 1614; 8842; 8842
vtrace1; 1617; 8842; 8842
vtrace1; 1616; 8842; 8842
vtrace1; 1611; 8842; 8842
vtrace1; 1020; 0; 2002
vtrace1; 1610; 8842; 8842
vtrace1; 1021; 0; 2002
vtrace1; 1613; 8842; 8842
vtrace1; 1022; 0; 2002
vtrace1; 1612; 8842; 8842
vtrace1; 1023; 0; 2002
vtrace1; 1607; 8842; 8842
vtrace1; 1016; 0; 2002
vtrace1; 1606; 8842; 8842
vtrace1; 1017; 0; 2002
vtrace1; 1609; 8842; 8842
vtrace1; 1018; 0; 2002
vtrace1; 1608; 8842; 8842
vtrace1; 1019; 0; 2002
vtrace1; 1603; 8842; 8842
vtrace1; 1012; 0; 2002
vtrace1; 1602; 8842; 8842
vtrace1; 1013; 0; 2002
vtrace1; 1605; 8842; 8842
vtrace1; 1014; 0; 2002
vtrace1; 1604; 8842; 8842
vtrace1; 1015; 0; 2002
vtrace1; 1599; 8842; 8842
vtrace1; 1008; 0; 2002
vtrace1; 1598; 8842; 8842
vtrace1; 1009; 0; 2002
vtrace1; 1601; 8842; 8842
vtrace1; 1010; 0; 2002
vtrace1; 1600; 8842; 8842
vtrace1; 1011; 0; 2002
vtrace1; 1659; 8842; 8842
vtrace1; 1658; 8842; 8842
vtrace1; 1661; 8842; 8842
vtrace1; 1660; 8842; 8842
vtrace1; 1655; 8842; 8842
vtrace1; 1654; 8842; 8842
vtrace1; 1657; 8842; 8842
vtrace1; 1656; 8842; 8842
vtrace1; 1651; 8842; 8842
vtrace1; 1650; 8842; 8842
vtrace1; 1653; 8842; 8842
vtrace1; 1652; 8842; 8842
vtrace1; 1647; 8842; 8842
vtrace1; 1646; 8842; 8842
vtrace1; 1649; 8842; 8842
vtrace1; 1648; 8842; 8842
vtrace1; 1643; 8842; 8842
vtrace1; 1642; 8842; 8842
vtrace1; 1645; 8842; 8842
vtrace1; 1644; 8842; 8842
vtrace1; 1639; 8842; 8842
vtrace1; 1638; 8842; 8842
vtrace1; 1641; 8842; 8842
vtrace1; 1640; 8842; 8842
vtrace1; 1635; 8842; 8842
vtrace1; 1634; 8842; 8842
vtrace1; 1637; 8842; 8842
vtrace1; 1636; 8842; 8842
vtrace1; 1631; 8842; 8842
vtrace1; 1630; 8842; 8842
vtrace1; 1633; 8842; 8842
vtrace1; 1632; 8842; 8842
vtrace1; 1563; 8842; 8842
vtrace1; 972; 0; 2002
vtrace1; 1562; 8842; 8842
vtrace1; 973; 0; 2002
vtrace1; 1565; 8842; 8842
vtrace1; 974; 0; 2002
vtrace1; 1564; 8842; 8842
vtrace1; 975; 0; 2002
vtrace1; 1559; 8842; 8842
vtrace1; 968; 0; 2002
vtrace1; 1558; 8842; 8842
vtrace1; 969; 0; 2002
vtrace1; 1561; 8842; 8842
vtrace1; 970; 0; 2002
vtrace1; 1560; 8842; 8842
vtrace1; 971; 0; 2002
vtrace1; 1555; 8842; 8842
vtrace1; 964; 0; 2002
vtrace1; 1554; 8842; 8842
vtrace1; 965; 0; 2002
vtrace1; 1557; 8842; 8842
vtrace1; 966; 0; 2002
vtrace1; 1556; 8842; 8842
vtrace1; 967; 0; 2002
vtrace1; 1551; 8842; 8842
vtrace1; 960; 0; 2002
vtrace1; 1550; 8842; 8842
vtrace1; 961; 0; 2002
vtrace1; 1553; 8842; 8842
vtrace1; 962; 0; 2002
vtrace1; 1552; 8842; 8842
vtrace1; 963; 0; 2002
vtrace1; 1547; 8842; 8842
vtrace1; 956; 0; 2002
vtrace1; 1546; 8842; 8842
vtrace1; 957; 0; 2002
vtrace1; 1549; 8842; 8842
vtrace1; 958; 0; 2002
vtrace1; 1548; 8842; 8842
vtrace1; 959; 0; 2002
vtrace1; 1543; 8842; 8842
vtrace1; 952; 0; 2002
vtrace1; 1542; 8842; 8842
vtrace1; 953; 0; 2002
vtrace1; 1545; 8842; 8842
vtrace1; 954; 0; 2002
vtrace1; 1544; 8842; 8842
vtrace1; 955; 0; 2002
vtrace1; 1539; 8842; 8842
vtrace1; 948; 0; 2002
vtrace1; 1538; 8842; 8842
vtrace1; 949; 0; 2002
vtrace1; 1541; 8842; 8842
vtrace1; 950; 0; 2002
vtrace1; 1540; 8842; 8842
vtrace1; 951; 0; 2002
vtrace1; 1535; 8842; 8842
vtrace1; 944; 0; 2002
vtrace1; 1534; 8842; 8842
vtrace1; 945; 0; 2002
vtrace1; 1537; 8842; 8842
vtrace1; 946; 0; 2002
vtrace1; 1536; 8842; 8842
vtrace1; 947; 0; 2002
vtrace1; 1595; 8842; 8842
vtrace1; 1004; 0; 2002
vtrace1; 1594; 8842; 8842
vtrace1; 1005; 0; 2002
vtrace1; 1597; 8842; 8842
vtrace1; 1006; 0; 2002
vtrace1; 1596; 8842; 8842
vtrace1; 1007; 0; 2002
vtrace1; 1591; 8842; 8842
vtrace1; 1000; 0; 2002
vtrace1; 1590; 8842; 8842
vtrace1; 1001; 0; 2002
vtrace1; 1593; 8842; 8842
vtrace1; 1002; 0; 2002
vtrace1; 1592; 8842; 8842
vtrace1; 1003; 0; 2002
vtrace1; 1587; 8842; 8842
vtrace1; 996; 0; 2002
vtrace1; 1586; 8842; 8842
vtrace1; 997; 0; 2002
vtrace1; 1589; 8842; 8842
vtrace1; 998; 0; 2002
vtrace1; 1588; 8842; 8842
vtrace1; 999; 0; 2002
vtrace1; 1583; 8842; 8842
vtrace1; 992; 0; 2002
vtrace1; 1582; 8842; 8842
vtrace1; 993; 0; 2002
vtrace1; 1585; 8842; 8842
vtrace1; 994; 0; 2002
vtrace1; 1584; 8842; 8842
vtrace1; 995; 0; 2002
vtrace1; 1579; 8842; 8842
vtrace1; 988; 0; 2002
vtrace1; 1578; 8842; 8842
vtrace1; 989; 0; 2002
vtrace1; 1581; 8842; 8842
vtrace1; 990; 0; 2002
vtrace1; 1580; 8842; 8842
vtrace1; 991; 0; 2002
vtrace1; 1575; 8842; 8842
vtrace1; 984; 0; 2002
vtrace1; 1574; 8842; 8842
vtrace1; 985; 0; 2002
vtrace1; 1577; 8842; 8842
vtrace1; 986; 0; 2002
vtrace1; 1576; 8842; 8842
vtrace1; 987; 0; 2002
vtrace1; 1571; 8842; 8842
vtrace1; 980; 0; 2002
vtrace1; 1570; 8842; 8842
vtrace1; 981; 0; 2002
vtrace1; 1573; 8842; 8842
vtrace1; 982; 0; 2002
vtrace1; 1572; 8842; 8842
vtrace1; 983; 0; 2002
vtrace1; 1567; 8842; 8842
vtrace1; 976; 0; 2002
vtrace1; 1566; 8842; 8842
vtrace1; 977; 0; 2002
vtrace1; 1569; 8842; 8842
vtrace1; 978; 0; 2002
vtrace1; 1568; 8842; 8842
vtrace1; 979; 0; 2002
vtrace1; 1755; 8842; 8842
vtrace1; 1754; 8842; 8842
vtrace1; 1757; 8842; 8842
vtrace1; 1756; 8842; 8842
vtrace1; 1751; 8842; 8842
vtrace1; 1750; 8842; 8842
vtrace1; 1753; 8842; 8842
vtrace1; 1752; 8842; 8842
vtrace1; 1747; 8842; 8842
vtrace1; 1746; 8842; 8842
vtrace1; 1749; 8842; 8842
vtrace1; 1748; 8842; 8842
vtrace1; 1743; 8842; 8842
vtrace1; 1742; 8842; 8842
vtrace1; 1745; 8842; 8842
vtrace1; 1744; 8842; 8842
vtrace1; 1739; 8842; 8842
vtrace1; 1738; 8842; 8842
vtrace1; 1741; 8842; 8842
vtrace1; 1740; 8842; 8842
vtrace1; 1735; 8842; 8842
vtrace1; 1734; 8842; 8842
vtrace1; 1737; 8842; 8842
vtrace1; 1736; 8842; 8842
vtrace1; 1731; 8842; 8842
vtrace1; 1730; 8842; 8842
vtrace1; 1733; 8842; 8842
vtrace1; 1732; 8842; 8842
vtrace1; 1727; 8842; 8842
vtrace1; 1726; 8842; 8842
vtrace1; 1729; 8842; 8842
vtrace1; 1728; 8842; 8842
vtrace1; 1787; 8842; 8842
vtrace1; 1786; 8842; 8842
vtrace1; 1789; 8842; 8842
vtrace1; 1788; 8842; 8842
vtrace1; 1783; 8842; 8842
vtrace1; 1782; 8842; 8842
vtrace1; 1785; 8842; 8842
vtrace1; 1784; 8842; 8842
vtrace1; 1779; 8842; 8842
vtrace1; 1778; 8842; 8842
vtrace1; 1781; 8842; 8842
vtrace1; 1780; 8842; 8842
vtrace1; 1775; 8842; 8842
vtrace1; 1774; 8842; 8842
vtrace1; 1777; 8842; 8842
vtrace1; 1776; 8842; 8842
vtrace1; 1771; 8842; 8842
vtrace1; 1770; 8842; 8842
vtrace1; 1773; 8842; 8842
vtrace1; 1772; 8842; 8842
vtrace1; 1767; 8842; 8842
vtrace1; 1766; 8842; 8842
vtrace1; 1769; 8842; 8842
vtrace1; 1768; 8842; 8842
vtrace1; 1763; 8842; 8842
vtrace1; 1762; 8842; 8842
vtrace1; 1765; 8842; 8842
vtrace1; 1764; 8842; 8842
vtrace1; 1759; 8842; 8842
vtrace1; 1758; 8842; 8842
vtrace1; 1761; 8842; 8842
vtrace1; 1760; 8842; 8842
vtrace1; 1691; 8842; 8842
vtrace1; 1690; 8842; 8842
vtrace1; 1693; 8842; 8842
vtrace1; 1692; 8842; 8842
vtrace1; 1687; 8842; 8842
vtrace1; 1686; 8842; 8842
vtrace1; 1689; 8842; 8842
vtrace1; 1688; 8842; 8842
vtrace1; 1683; 8842; 8842
vtrace1; 1682; 8842; 8842
vtrace1; 1685; 8842; 8842
vtrace1; 1684; 8842; 8842
vtrace1; 1679; 8842; 8842
vtrace1; 1678; 8842; 8842
vtrace1; 1681; 8842; 8842
vtrace1; 1680; 8842; 8842
vtrace1; 1675; 8842; 8842
vtrace1; 1674; 8842; 8842
vtrace1; 1677; 8842; 8842
vtrace1; 1676; 8842; 8842
vtrace1; 1671; 8842; 8842
vtrace1; 1670; 8842; 8842
vtrace1; 1673; 8842; 8842
vtrace1; 1672; 8842; 8842
vtrace1; 1667; 8842; 8842
vtrace1; 1666; 8842; 8842
vtrace1; 1669; 8842; 8842
vtrace1; 1668; 8842; 8842
vtrace1; 1663; 8842; 8842
vtrace1; 1662; 8842; 8842
vtrace1; 1665; 8842; 8842
vtrace1; 1664; 8842; 8842
vtrace1; 1723; 8842; 8842
vtrace1; 1722; 8842; 8842
vtrace1; 1725; 8842; 8842
vtrace1; 1724; 8842; 8842
vtrace1; 1719; 8842; 8842
vtrace1; 1718; 8842; 8842
vtrace1; 1721; 8842; 8842
vtrace1; 1720; 8842; 8842
vtrace1; 1715; 8842; 8842
vtrace1; 1714; 8842; 8842
vtrace1; 1717; 8842; 8842
vtrace1; 1716; 8842; 8842
vtrace1; 1711; 8842; 8842
vtrace1; 1710; 8842; 8842
vtrace1; 1713; 8842; 8842
vtrace1; 1712; 8842; 8842
vtrace1; 1707; 8842; 8842
vtrace1; 1706; 8842; 8842
vtrace1; 1709; 8842; 8842
vtrace1; 1708; 8842; 8842
vtrace1; 1703; 8842; 8842
vtrace1; 1702; 8842; 8842
vtrace1; 1705; 8842; 8842
vtrace1; 1704; 8842; 8842
vtrace1; 1699; 8842; 8842
vtrace1; 1698; 8842; 8842
vtrace1; 1701; 8842; 8842
vtrace1; 1700; 8842; 8842
vtrace1; 1695; 8842; 8842
vtrace1; 1694; 8842; 8842
vtrace1; 1697; 8842; 8842
vtrace1; 1696; 8842; 8842
vtrace1; 1883; 8842; 8842
vtrace1; 1882; 8842; 8842
vtrace1; 1885; 8842; 8842
vtrace1; 1884; 8842; 8842
vtrace1; 1879; 8842; 8842
vtrace1; 1878; 8842; 8842
vtrace1; 1881; 8842; 8842
vtrace1; 1880; 8842; 8842
vtrace1; 1875; 8842; 8842
vtrace1; 1874; 8842; 8842
vtrace1; 1877; 8842; 8842
vtrace1; 1876; 8842; 8842
vtrace1; 1871; 8842; 8842
vtrace1; 1870; 8842; 8842
vtrace1; 1873; 8842; 8842
vtrace1; 1872; 8842; 8842
vtrace1; 1867; 8842; 8842
vtrace1; 1866; 8842; 8842
vtrace1; 1869; 8842; 8842
vtrace1; 1868; 8842; 8842
vtrace1; 1863; 8842; 8842
vtrace1; 1862; 8842; 8842
vtrace1; 1865; 8842; 8842
vtrace1; 1864; 8842; 8842
vtrace1; 1859; 8842; 8842
vtrace1; 1858; 8842; 8842
vtrace1; 1861; 8842; 8842
vtrace1; 1860; 8842; 8842
vtrace1; 1855; 8842; 8842
vtrace1; 1854; 8842; 8842
vtrace1; 1857; 8842; 8842
vtrace1; 1856; 8842; 8842
vtrace1; 1915; 8842; 8842
vtrace1; 1914; 8842; 8842
vtrace1; 1917; 8842; 8842
vtrace1; 1916; 8842; 8842
vtrace1; 1911; 8842; 8842
vtrace1; 1910; 8842; 8842
vtrace1; 1913; 8842; 8842
vtrace1; 1912; 8842; 8842
vtrace1; 1907; 8842; 8842
vtrace1; 1906; 8842; 8842
vtrace1; 1909; 8842; 8842
vtrace1; 1908; 8842; 8842
vtrace1; 1903; 8842; 8842
vtrace1; 1902; 8842; 8842
vtrace1; 1905; 8842; 8842
vtrace1; 1904; 8842; 8842
vtrace1; 1899; 8842; 8842
vtrace1; 1898; 8842; 8842
vtrace1; 1901; 8842; 8842
vtrace1; 1900; 8842; 8842
vtrace1; 1895; 8842; 8842
vtrace1; 1894; 8842; 8842
vtrace1; 1897; 8842; 8842
vtrace1; 1896; 8842; 8842
vtrace1; 1891; 8842; 8842
vtrace1; 1890; 8842; 8842
vtrace1; 1893; 8842; 8842
vtrace1; 1892; 8842; 8842
vtrace1; 1887; 8842; 8842
vtrace1; 1886; 8842; 8842
vtrace1; 1889; 8842; 8842
vtrace1; 1888; 8842; 8842
vtrace1; 1819; 8842; 8842
vtrace1; 1818; 8842; 8842
vtrace1; 1821; 8842; 8842
vtrace1; 1820; 8842; 8842
vtrace1; 1815; 8842; 8842
vtrace1; 1814; 8842; 8842
vtrace1; 1817; 8842; 8842
vtrace1; 1816; 8842; 8842
vtrace1; 1811; 8842; 8842
vtrace1; 1810; 8842; 8842
vtrace1; 1813; 8842; 8842
vtrace1; 1812; 8842; 8842
vtrace1; 1807; 8842; 8842
vtrace1; 1806; 8842; 8842
vtrace1; 1809; 8842; 8842
vtrace1; 1808; 8842; 8842
vtrace1; 1803; 8842; 8842
vtrace1; 1802; 8842; 8842
vtrace1; 1805; 8842; 8842
vtrace1; 1804; 8842; 8842
vtrace1; 1799; 8842; 8842
vtrace1; 1798; 8842; 8842
vtrace1; 1801; 8842; 8842
vtrace1; 1800; 8842; 8842
vtrace1; 1795; 8842; 8842
vtrace1; 1794; 8842; 8842
vtrace1; 1797; 8842; 8842
vtrace1; 1796; 8842; 8842
vtrace1; 1791; 8842; 8842
vtrace1; 1790; 8842; 8842
vtrace1; 1793; 8842; 8842
vtrace1; 1792; 8842; 8842
vtrace1; 1851; 8842; 8842
vtrace1; 1850; 8842; 8842
vtrace1; 1853; 8842; 8842
vtrace1; 1852; 8842; 8842
vtrace1; 1847; 8842; 8842
vtrace1; 1846; 8842; 8842
vtrace1; 1849; 8842; 8842
vtrace1; 1848; 8842; 8842
vtrace1; 1843; 8842; 8842
vtrace1; 1842; 8842; 8842
vtrace1; 1845; 8842; 8842
vtrace1; 1844; 8842; 8842
vtrace1; 1839; 8842; 8842
vtrace1; 1838; 8842; 8842
vtrace1; 1841; 8842; 8842
vtrace1; 1840; 8842; 8842
vtrace1; 1835; 8842; 8842
vtrace1; 1834; 8842; 8842
vtrace1; 1837; 8842; 8842
vtrace1; 1836; 8842; 8842
vtrace1; 1831; 8842; 8842
vtrace1; 1830; 8842; 8842
vtrace1; 1833; 8842; 8842
vtrace1; 1832; 8842; 8842
vtrace1; 1827; 8842; 8842
vtrace1; 1826; 8842; 8842
vtrace1; 1829; 8842; 8842
vtrace1; 1828; 8842; 8842
vtrace1; 1823; 8842; 8842
vtrace1; 1822; 8842; 8842
vtrace1; 1825; 8842; 8842
vtrace1; 1824; 8842; 8842
vtrace1; 1995; 8842; 8842
vtrace1; 1994; 8842; 8842
vtrace1; 1997; 8842; 8842
vtrace1; 1996; 8842; 8842
vtrace1; 1991; 8842; 8842
vtrace1; 1990; 8842; 8842
vtrace1; 1993; 8842; 8842
vtrace1; 1992; 8842; 8842
vtrace1; 1987; 8842; 8842
vtrace1; 1986; 8842; 8842
vtrace1; 1989; 8842; 8842
vtrace1; 1988; 8842; 8842
vtrace1; 1983; 8842; 8842
vtrace1; 1982; 8842; 8842
vtrace1; 1985; 8842; 8842
vtrace1; 1984; 8842; 8842
vtrace1; 1947; 8842; 8842
vtrace1; 1946; 8842; 8842
vtrace1; 1949; 8842; 8842
vtrace1; 1948; 8842; 8842
vtrace1; 1943; 8842; 8842
vtrace1; 1942; 8842; 8842
vtrace1; 1945; 8842; 8842
vtrace1; 1944; 8842; 8842
vtrace1; 1939; 8842; 8842
vtrace1; 1938; 8842; 8842
vtrace1; 1941; 8842; 8842
vtrace1; 1940; 8842; 8842
vtrace1; 1935; 8842; 8842
vtrace1; 1934; 8842; 8842
vtrace1; 1937; 8842; 8842
vtrace1; 1936; 8842; 8842
vtrace1; 1931; 8842; 8842
vtrace1; 1930; 8842; 8842
vtrace1; 1933; 8842; 8842
vtrace1; 1932; 8842; 8842
vtrace1; 1927; 8842; 8842
vtrace1; 1926; 8842; 8842
vtrace1; 1929; 8842; 8842
vtrace1; 1928; 8842; 8842
vtrace1; 1923; 8842; 8842
vtrace1; 1922; 8842; 8842
vtrace1; 1925; 8842; 8842
vtrace1; 1924; 8842; 8842
vtrace1; 1919; 8842; 8842
vtrace1; 1918; 8842; 8842
vtrace1; 1921; 8842; 8842
vtrace1; 1920; 8842; 8842
vtrace1; 1979; 8842; 8842
vtrace1; 1978; 8842; 8842
vtrace1; 1981; 8842; 8842
vtrace1; 1980; 8842; 8842
vtrace1; 1975; 8842; 8842
vtrace1; 1974; 8842; 8842
vtrace1; 1977; 8842; 8842
vtrace1; 1976; 8842; 8842
vtrace1; 1971; 8842; 8842
vtrace1; 1970; 8842; 8842
vtrace1; 1973; 8842; 8842
vtrace1; 1972; 8842; 8842
vtrace1; 1967; 8842; 8842
vtrace1; 1966; 8842; 8842
vtrace1; 1969; 8842; 8842
vtrace1; 1968; 8842; 8842
vtrace1; 1963; 8842; 8842
vtrace1; 1962; 8842; 8842
vtrace1; 1965; 8842; 8842
vtrace1; 1964; 8842; 8842
vtrace1; 1959; 8842; 8842
vtrace1; 1958; 8842; 8842
vtrace1; 1961; 8842; 8842
vtrace1; 1960; 8842; 8842
vtrace1; 1955; 8842; 8842
vtrace1; 1954; 8842; 8842
vtrace1; 1957; 8842; 8842
vtrace1; 1956; 8842; 8842
vtrace1; 1951; 8842; 8842
vtrace1; 1950; 8842; 8842
vtrace1; 1953; 8842; 8842
vtrace1; 1952; 8842; 8842
vtrace1; 91; 8842; 8842
vtrace1; 90; 8842; 8842
vtrace1; 93; 8842; 8842
vtrace1; 92; 8842; 8842
vtrace1; 87; 8842; 8842
vtrace1; 86; 8842; 8842
vtrace1; 89; 8842; 8842
vtrace1; 88; 8842; 8842
vtrace1; 83; 8842; 8842
vtrace1; 82; 8842; 8842
vtrace1; 85; 8842; 8842
vtrace1; 84; 8842; 8842
vtrace1; 79; 8842; 8842
vtrace1; 78; 8842; 8842
vtrace1; 81; 8842; 8842
vtrace1; 80; 8842; 8842
vtrace1; 75; 8842; 8842
vtrace1; 74; 8842; 8842
vtrace1; 77; 8842; 8842
vtrace1; 76; 8842; 8842
vtrace1; 71; 8842; 8842
vtrace1; 70; 8842; 8842
vtrace1; 73; 8842; 8842
vtrace1; 72; 8842; 8842
vtrace1; 67; 8842; 8842
vtrace1; 66; 8842; 8842
vtrace1; 69; 8842; 8842
vtrace1; 68; 8842; 8842
vtrace1; 63; 8842; 8842
vtrace1; 62; 8842; 8842
vtrace1; 65; 8842; 8842
vtrace1; 64; 8842; 8842
vtrace1; 123; 8842; 8842
vtrace1; 122; 8842; 8842
vtrace1; 125; 8842; 8842
vtrace1; 124; 8842; 8842
vtrace1; 119; 8842; 8842
vtrace1; 118; 8842; 8842
vtrace1; 121; 8842; 8842
vtrace1; 120; 8842; 8842
vtrace1; 115; 8842; 8842
vtrace1; 114; 8842; 8842
vtrace1; 117; 8842; 8842
vtrace1; 116; 8842; 8842
vtrace1; 111; 8842; 8842
vtrace1; 110; 8842; 8842
vtrace1; 113; 8842; 8842
vtrace1; 112; 8842; 8842
vtrace1; 107; 8842; 8842
vtrace1; 106; 8842; 8842
vtrace1; 109; 8842; 8842
vtrace1; 108; 8842; 8842
vtrace1; 103; 8842; 8842
vtrace1; 102; 8842; 8842
vtrace1; 105; 8842; 8842
vtrace1; 104; 8842; 8842
vtrace1; 99; 8842; 8842
vtrace1; 98; 8842; 8842
vtrace1; 101; 8842; 8842
vtrace1; 100; 8842; 8842
vtrace1; 95; 8842; 8842
vtrace1; 94; 8842; 8842
vtrace1; 97; 8842; 8842
vtrace1; 96; 8842; 8842
vtrace1; 27; 8842; 8842
vtrace1; 26; 8842; 8842
vtrace1; 29; 8842; 8842
vtrace1; 28; 8842; 8842
vtrace1; 23; 8842; 8842
vtrace1; 22; 8842; 8842
vtrace1; 25; 8842; 8842
vtrace1; 24; 8842; 8842
vtrace1; 19; 8842; 8842
vtrace1; 18; 8842; 8842
vtrace1; 21; 8842; 8842
vtrace1; 20; 8842; 8842
vtrace1; 15; 8842; 8842
vtrace1; 14; 8842; 8842
vtrace1; 17; 8842; 8842
vtrace1; 16; 8842; 8842
vtrace1; 11; 8842; 8842
vtrace1; 10; 8842; 8842
vtrace1; 13; 8842; 8842
vtrace1; 12; 8842; 8842
vtrace1; 7; 8842; 8842
vtrace1; 6; 8842; 8842
vtrace1; 9; 8842; 8842
vtrace1; 8; 8842; 8842
vtrace1; 3; 8842; 8842
vtrace1; 2; 8842; 8842
vtrace1; 5; 8842; 8842
vtrace1; 4; 8842; 8842
vtrace1; 1; 8842; 8842
vtrace1; 0; 8842; 8842
vtrace1; 0; 0; 1
vtrace1; 59; 8842; 8842
vtrace1; 58; 8842; 8842
vtrace1; 61; 8842; 8842
vtrace1; 60; 8842; 8842
vtrace1; 55; 8842; 8842
vtrace1; 54; 8842; 8842
vtrace1; 57; 8842; 8842
vtrace1; 56; 8842; 8842
vtrace1; 51; 8842; 8842
vtrace1; 50; 8842; 8842
vtrace1; 53; 8842; 8842
vtrace1; 52; 8842; 8842
vtrace1; 47; 8842; 8842
vtrace1; 46; 8842; 8842
vtrace1; 49; 8842; 8842
vtrace1; 48; 8842; 8842
vtrace1; 43; 8842; 8842
vtrace1; 42; 8842; 8842
vtrace1; 45; 8842; 8842
vtrace1; 44; 8842; 8842
vtrace1; 39; 8842; 8842
vtrace1; 38; 8842; 8842
vtrace1; 41; 8842; 8842
vtrace1; 40; 8842; 8842
vtrace1; 35; 8842; 8842
vtrace1; 34; 8842; 8842
vtrace1; 37; 8842; 8842
vtrace1; 36; 8842; 8842
vtrace1; 31; 8842; 8842
vtrace1; 30; 8842; 8842
vtrace1; 33; 8842; 8842
vtrace1; 32; 8842; 8842
vtrace1; 219; 8842; 8842
vtrace1; 218; 8842; 8842
vtrace1; 221; 8842; 8842
vtrace1; 220; 8842; 8842
vtrace1; 215; 8842; 8842
vtrace1; 214; 8842; 8842
vtrace1; 217; 8842; 8842
vtrace1; 216; 8842; 8842
vtrace1; 211; 8842; 8842
vtrace1; 210; 8842; 8842
vtrace1; 213; 8842; 8842
vtrace1; 212; 8842; 8842
vtrace1; 207; 8842; 8842
vtrace1; 206; 8842; 8842
vtrace1; 209; 8842; 8842
vtrace1; 208; 8842; 8842
vtrace1; 203; 8842; 8842
vtrace1; 202; 8842; 8842
vtrace1; 205; 8842; 8842
vtrace1; 204; 8842; 8842
vtrace1; 199; 8842; 8842
vtrace1; 198; 8842; 8842
vtrace1; 201; 8842; 8842
vtrace1; 200; 8842; 8842
vtrace1; 195; 8842; 8842
vtrace1; 194; 8842; 8842
vtrace1; 197; 8842; 8842
vtrace1; 196; 8842; 8842
vtrace1; 191; 8842; 8842
vtrace1; 190; 8842; 8842
vtrace1; 193; 8842; 8842
vtrace1; 192; 8842; 8842
vtrace1; 251; 8842; 8842
vtrace1; 250; 8842; 8842
vtrace1; 253; 8842; 8842
vtrace1; 252; 8842; 8842
vtrace1; 247; 8842; 8842
vtrace1; 246; 8842; 8842
vtrace1; 249; 8842; 8842
vtrace1; 248; 8842; 8842
vtrace1; 243; 8842; 8842
vtrace1; 242; 8842; 8842
vtrace1; 245; 8842; 8842
vtrace1; 244; 8842; 8842
vtrace1; 239; 8842; 8842
vtrace1; 238; 8842; 8842
vtrace1; 241; 8842; 8842
vtrace1; 240; 8842; 8842
vtrace1; 235; 8842; 8842
vtrace1; 234; 8842; 8842
vtrace1; 237; 8842; 8842
vtrace1; 236; 8842; 8842
vtrace1; 231; 8842; 8842
vtrace1; 230; 8842; 8842
vtrace1; 233; 8842; 8842
vtrace1; 232; 8842; 8842
vtrace1; 227; 8842; 8842
vtrace1; 226; 8842; 8842
vtrace1; 229; 8842; 8842
vtrace1; 228; 8842; 8842
vtrace1; 223; 8842; 8842
vtrace1; 222; 8842; 8842
vtrace1; 225; 8842; 8842
vtrace1; 224; 8842; 8842
vtrace1; 155; 8842; 8842
vtrace1; 154; 8842; 8842
vtrace1; 157; 8842; 8842
vtrace1; 156; 8842; 8842
vtrace1; 151; 8842; 8842
vtrace1; 150; 8842; 8842
vtrace1; 153; 8842; 8842
vtrace1; 152; 8842; 8842
vtrace1; 147; 8842; 8842
vtrace1; 146; 8842; 8842
vtrace1; 149; 8842; 8842
vtrace1; 148; 8842; 8842
vtrace1; 143; 8842; 8842
vtrace1; 142; 8842; 8842
vtrace1; 145; 8842; 8842
vtrace1; 144; 8842; 8842
vtrace1; 139; 8842; 8842
vtrace1; 138; 8842; 8842
vtrace1; 141; 8842; 8842
vtrace1; 140; 8842; 8842
vtrace1; 135; 8842; 8842
vtrace1; 134; 8842; 8842
vtrace1; 137; 8842; 8842
vtrace1; 136; 8842; 8842
vtrace1; 131; 8842; 8842
vtrace1; 130; 8842; 8842
vtrace1; 133; 8842; 8842
vtrace1; 132; 8842; 8842
vtrace1; 127; 8842; 8842
vtrace1; 126; 8842; 8842
vtrace1; 129; 8842; 8842
vtrace1; 128; 8842; 8842
vtrace1; 187; 8842; 8842
vtrace1; 186; 8842; 8842
vtrace1; 189; 8842; 8842
vtrace1; 188; 8842; 8842
vtrace1; 183; 8842; 8842
vtrace1; 182; 8842; 8842
vtrace1; 185; 8842; 8842
vtrace1; 184; 8842; 8842
vtrace1; 179; 8842; 8842
vtrace1; 178; 8842; 8842
vtrace1; 181; 8842; 8842
vtrace1; 180; 8842; 8842
vtrace1; 175; 8842; 8842
vtrace1; 174; 8842; 8842
vtrace1; 177; 8842; 8842
vtrace1; 176; 8842; 8842
vtrace1; 171; 8842; 8842
vtrace1; 170; 8842; 8842
vtrace1; 173; 8842; 8842
vtrace1; 172; 8842; 8842
vtrace1; 167; 8842; 8842
vtrace1; 166; 8842; 8842
vtrace1; 169; 8842; 8842
vtrace1; 168; 8842; 8842
vtrace1; 163; 8842; 8842
vtrace1; 162; 8842; 8842
vtrace1; 165; 8842; 8842
vtrace1; 164; 8842; 8842
vtrace1; 159; 8842; 8842
vtrace1; 158; 8842; 8842
vtrace1; 161; 8842; 8842
vtrace1; 160; 8842; 8842
vtrace1; 1804; 0; 2002
vtrace1; 1805; 0; 2002
vtrace1; 1806; 0; 2002
vtrace1; 1807; 0; 2002
vtrace1; 1800; 0; 2002
vtrace1; 1801; 0; 2002
vtrace1; 1802; 0; 2002
vtrace1; 1803; 0; 2002
vtrace1; 1796; 0; 2002
vtrace1; 1797; 0; 2002
vtrace1; 1798; 0; 2002
vtrace1; 1799; 0; 2002
vtrace1; 1792; 0; 2002
vtrace1; 1793; 0; 2002
vtrace1; 1794; 0; 2002
vtrace1; 1795; 0; 2002
vtrace1; 1788; 0; 2002
vtrace1; 1789; 0; 2002
vtrace1; 1790; 0; 2002
vtrace1; 1791; 0; 2002
vtrace1; 1784; 0; 2002
vtrace1; 1785; 0; 2002
vtrace1; 1786; 0; 2002
vtrace1; 1787; 0; 2002
vtrace1; 1780; 0; 2002
vtrace1; 1781; 0; 2002
vtrace1; 1782; 0; 2002
vtrace1; 1783; 0; 2002
vtrace1; 1776; 0; 2002
vtrace1; 1777; 0; 2002
vtrace1; 1778; 0; 2002
vtrace1; 1779; 0; 2002
vtrace1; 1836; 0; 2002
vtrace1; 1837; 0; 2002
vtrace1; 1838; 0; 2002
vtrace1; 1839; 0; 2002
vtrace1; 1832; 0; 2002
vtrace1; 1833; 0; 2002
vtrace1; 1834; 0; 2002
vtrace1; 1835; 0; 2002
vtrace1; 1828; 0; 2002
vtrace1; 1829; 0; 2002
vtrace1; 1830; 0; 2002
vtrace1; 1831; 0; 2002
vtrace1; 1824; 0; 2002
vtrace1; 1825; 0; 2002
vtrace1; 1826; 0; 2002
vtrace1; 1827; 0; 2002
vtrace1; 1820; 0; 2002
vtrace1; 1821; 0; 2002
vtrace1; 1822; 0; 2002
vtrace1; 1823; 0; 2002
vtrace1; 1816; 0; 2002
vtrace1; 1817; 0; 2002
vtrace1; 1818; 0; 2002
vtrace1; 1819; 0; 2002
vtrace1; 1812; 0; 2002
vtrace1; 1813; 0; 2002
vtrace1; 1814; 0; 2002
vtrace1; 1815; 0; 2002
vtrace1; 1808; 0; 2002
vtrace1; 1809; 0; 2002
vtrace1; 1810; 0; 2002
vtrace1; 1811; 0; 2002
vtrace1; 1740; 0; 2002
vtrace1; 1741; 0; 2002
vtrace1; 1742; 0; 2002
vtrace1; 1743; 0; 2002
vtrace1; 1736; 0; 2002
vtrace1; 1737; 0; 2002
vtrace1; 1738; 0; 2002
vtrace1; 1739; 0; 2002
vtrace1; 1732; 0; 2002
vtrace1; 1733; 0; 2002
vtrace1; 1734; 0; 2002
vtrace1; 1735; 0; 2002
vtrace1; 1728; 0; 2002
vtrace1; 1729; 0; 2002
vtrace1; 1730; 0; 2002
vtrace1; 1731; 0; 2002
vtrace1; 1724; 0; 2002
vtrace1; 1725; 0; 2002
vtrace1; 1726; 0; 2002
vtrace1; 1727; 0; 2002
vtrace1; 1720; 0; 2002
vtrace1; 1721; 0; 2002
vtrace1; 1722; 0; 2002
vtrace1; 1723; 0; 2002
vtrace1; 1716; 0; 2002
vtrace1; 1717; 0; 2002
vtrace1; 1718; 0; 2002
vtrace1; 1719; 0; 2002
vtrace1; 1712; 0; 2002
vtrace1; 1713; 0; 2002
vtrace1; 1714; 0; 2002
vtrace1; 1715; 0; 2002
vtrace1; 1772; 0; 2002
vtrace1; 1773; 0; 2002
vtrace1; 1774; 0; 2002
vtrace1; 1775; 0; 2002
vtrace1; 1768; 0; 2002
vtrace1; 1769; 0; 2002
vtrace1; 1770; 0; 2002
vtrace1; 1771; 0; 2002
vtrace1; 1764; 0; 2002
vtrace1; 1765; 0; 2002
vtrace1; 1766; 0; 2002
vtrace1; 1767; 0; 2002
vtrace1; 1760; 0; 2002
vtrace1; 1761; 0; 2002
vtrace1; 1762; 0; 2002
vtrace1; 1763; 0; 2002
vtrace1; 1756; 0; 2002
vtrace1; 1757; 0; 2002
vtrace1; 1758; 0; 2002
vtrace1; 1759; 0; 2002
vtrace1; 1752; 0; 2002
vtrace1; 1753; 0; 2002
vtrace1; 1754; 0; 2002
vtrace1; 1755; 0; 2002
vtrace1; 1748; 0; 2002
vtrace1; 1749; 0; 2002
vtrace1; 1750; 0; 2002
vtrace1; 1751; 0; 2002
vtrace1; 1744; 0; 2002
vtrace1; 1745; 0; 2002
vtrace1; 1746; 0; 2002
vtrace1; 1747; 0; 2002
vtrace1; 1932; 0; 2002
vtrace1; 1933; 0; 2002
vtrace1; 1934; 0; 2002
vtrace1; 1935; 0; 2002
vtrace1; 1928; 0; 2002
vtrace1; 1929; 0; 2002
vtrace1; 1930; 0; 2002
vtrace1; 1931; 0; 2002
vtrace1; 1924; 0; 2002
vtrace1; 1925; 0; 2002
vtrace1; 1926; 0; 2002
vtrace1; 1927; 0; 2002
vtrace1; 1920; 0; 2002
vtrace1; 1921; 0; 2002
vtrace1; 1922; 0; 2002
vtrace1; 1923; 0; 2002
vtrace1; 1916; 0; 2002
vtrace1; 1917; 0; 2002
vtrace1; 1918; 0; 2002
vtrace1; 1919; 0; 2002
vtrace1; 1912; 0; 2002
vtrace1; 1913; 0; 2002
vtrace1; 1914; 0; 2002
vtrace1; 1915; 0; 2002
vtrace1; 1908; 0; 2002
vtrace1; 1909; 0; 2002
vtrace1; 1910; 0; 2002
vtrace1; 1911; 0; 2002
vtrace1; 1904; 0; 2002
vtrace1; 1905; 0; 2002
vtrace1; 1906; 0; 2002
vtrace1; 1907; 0; 2002
vtrace1; 1964; 0; 2002
vtrace1; 1965; 0; 2002
vtrace1; 1966; 0; 2002
vtrace1; 1967; 0; 2002
vtrace1; 1960; 0; 2002
vtrace1; 1961; 0; 2002
vtrace1; 1962; 0; 2002
vtrace1; 1963; 0; 2002
vtrace1; 1956; 0; 2002
vtrace1; 1957; 0; 2002
vtrace1; 1958; 0; 2002
vtrace1; 1959; 0; 2002
vtrace1; 1952; 0; 2002
vtrace1; 1953; 0; 2002
vtrace1; 1954; 0; 2002
vtrace1; 1955; 0; 2002
vtrace1; 1948; 0; 2002
vtrace1; 1949; 0; 2002
vtrace1; 1950; 0; 2002
vtrace1; 1951; 0; 2002
vtrace1; 1944; 0; 2002
vtrace1; 1945; 0; 2002
vtrace1; 1946; 0; 2002
vtrace1; 1947; 0; 2002
vtrace1; 1940; 0; 2002
vtrace1; 1941; 0; 2002
vtrace1; 1942; 0; 2002
vtrace1; 1943; 0; 2002
vtrace1; 1936; 0; 2002
vtrace1; 1937; 0; 2002
vtrace1; 1938; 0; 2002
vtrace1; 1939; 0; 2002
vtrace1; 1868; 0; 2002
vtrace1; 1869; 0; 2002
vtrace1; 1870; 0; 2002
vtrace1; 1871; 0; 2002
vtrace1; 1864; 0; 2002
vtrace1; 1865; 0; 2002
vtrace1; 1866; 0; 2002
vtrace1; 1867; 0; 2002
vtrace1; 1860; 0; 2002
vtrace1; 1861; 0; 2002
vtrace1; 1862; 0; 2002
vtrace1; 1863; 0; 2002
vtrace1; 1856; 0; 2002
vtrace1; 1857; 0; 2002
vtrace1; 1858; 0; 2002
vtrace1; 1859; 0; 2002
vtrace1; 1852; 0; 2002
vtrace1; 1853; 0; 2002
vtrace1; 1854; 0; 2002
vtrace1; 1855; 0; 2002
vtrace1; 1848; 0; 2002
vtrace1; 1849; 0; 2002
vtrace1; 1850; 0; 2002
vtrace1; 1851; 0; 2002
vtrace1; 1844; 0; 2002
vtrace1; 1845; 0; 2002
vtrace1; 1846; 0; 2002
vtrace1; 1847; 0; 2002
vtrace1; 1840; 0; 2002
vtrace1; 1841; 0; 2002
vtrace1; 1842; 0; 2002
vtrace1; 1843; 0; 2002
vtrace1; 1900; 0; 2002
vtrace1; 1901; 0; 2002
vtrace1; 1902; 0; 2002
vtrace1; 1903; 0; 2002
vtrace1; 1896; 0; 2002
vtrace1; 1897; 0; 2002
vtrace1; 1898; 0; 2002
vtrace1; 1899; 0; 2002
vtrace1; 1892; 0; 2002
vtrace1; 1893; 0; 2002
vtrace1; 1894; 0; 2002
vtrace1; 1895; 0; 2002
vtrace1; 1888; 0; 2002
vtrace1; 1889; 0; 2002
vtrace1; 1890; 0; 2002
vtrace1; 1891; 0; 2002
vtrace1; 1884; 0; 2002
vtrace1; 1885; 0; 2002
vtrace1; 1886; 0; 2002
vtrace1; 1887; 0; 2002
vtrace1; 1880; 0; 2002
vtrace1; 1881; 0; 2002
vtrace1; 1882; 0; 2002
vtrace1; 1883; 0; 2002
vtrace1; 1876; 0; 2002
vtrace1; 1877; 0; 2002
vtrace1; 1878; 0; 2002
vtrace1; 1879; 0; 2002
vtrace1; 1872; 0; 2002
vtrace1; 1873; 0; 2002
vtrace1; 1874; 0; 2002
vtrace1; 1875; 0; 2002
vtrace1; 12; 0; 2002
vtrace1; 13; 0; 2002
vtrace1; 14; 0; 2002
vtrace1; 15; 0; 2002
vtrace1; 8; 0; 2002
vtrace1; 9; 0; 2002
vtrace1; 10; 0; 2002
vtrace1; 11; 0; 2002
vtrace1; 4; 0; 2002
vtrace1; 5; 0; 2002
vtrace1; 6; 0; 2002
vtrace1; 7; 0; 2002
vtrace1; 0; 0; 2002
vtrace1; 1; 0; 2002
vtrace1; 2; 0; 2002
vtrace1; 3; 0; 2002
vtrace1; 44; 0; 2002
vtrace1; 45; 0; 2002
vtrace1; 46; 0; 2002
vtrace1; 47; 0; 2002
vtrace1; 40; 0; 2002
vtrace1; 41; 0; 2002
vtrace1; 42; 0; 2002
vtrace1; 43; 0; 2002
vtrace1; 36; 0; 2002
vtrace1; 37; 0; 2002
vtrace1; 38; 0; 2002
vtrace1; 39; 0; 2002
vtrace1; 32; 0; 2002
vtrace1; 33; 0; 2002
vtrace1; 34; 0; 2002
vtrace1; 35; 0; 2002
vtrace1; 28; 0; 2002
vtrace1; 29; 0; 2002
vtrace1; 30; 0; 2002
vtrace1; 31; 0; 2002
vtrace1; 24; 0; 2002
vtrace1; 25; 0; 2002
vtrace1; 26; 0; 2002
vtrace1; 27; 0; 2002
vtrace1; 20; 0; 2002
vtrace1; 21; 0; 2002
vtrace1; 22; 0; 2002
vtrace1; 23; 0; 2002
vtrace1; 16; 0; 2002
vtrace1; 17; 0; 2002
vtrace1; 18; 0; 2002
vtrace1; 19; 0; 2002
vtrace1; 1996; 0; 2002
vtrace1; 1997; 0; 2002
vtrace1; 1992; 0; 2002
vtrace1; 1993; 0; 2002
vtrace1; 1994; 0; 2002
vtrace1; 1995; 0; 2002
vtrace1; 1988; 0; 2002
vtrace1; 1989; 0; 2002
vtrace1; 1990; 0; 2002
vtrace1; 1991; 0; 2002
vtrace1; 1984; 0; 2002
vtrace1; 1985; 0; 2002
vtrace1; 1986; 0; 2002
vtrace1; 1987; 0; 2002
vtrace1; 1980; 0; 2002
vtrace1; 1981; 0; 2002
vtrace1; 1982; 0; 2002
vtrace1; 1983; 0; 2002
vtrace1; 1976; 0; 2002
vtrace1; 1977; 0; 2002
vtrace1; 1978; 0; 2002
vtrace1; 1979; 0; 2002
vtrace1; 1972; 0; 2002
vtrace1; 1973; 0; 2002
vtrace1; 1974; 0; 2002
vtrace1; 1975; 0; 2002
vtrace1; 1968; 0; 2002
vtrace1; 1969; 0; 2002
vtrace1; 1970; 0; 2002
vtrace1; 1971; 0; 2002
vtrace1; 0; 1; 2036
vtrace1; 140; 0; 2002
vtrace1; 141; 0; 2002
vtrace1; 142; 0; 2002
vtrace1; 143; 0; 2002
vtrace1; 136; 0; 2002
vtrace1; 137; 0; 2002
vtrace1; 138; 0; 2002
vtrace1; 139; 0; 2002
vtrace1; 132; 0; 2002
vtrace1; 133; 0; 2002
vtrace1; 134; 0; 2002
vtrace1; 135; 0; 2002
vtrace1; 128; 0; 2002
vtrace1; 129; 0; 2002
vtrace1; 130; 0; 2002
vtrace1; 131; 0; 2002
vtrace1; 124; 0; 2002
vtrace1; 125; 0; 2002
vtrace1; 126; 0; 2002
vtrace1; 127; 0; 2002
vtrace1; 120; 0; 2002
vtrace1; 121; 0; 2002
vtrace1; 122; 0; 2002
vtrace1; 123; 0; 2002
vtrace1; 116; 0; 2002
vtrace1; 117; 0; 2002
vtrace1; 118; 0; 2002
vtrace1; 119; 0; 2002
vtrace1; 112; 0; 2002
vtrace1; 113; 0; 2002
vtrace1; 114; 0; 2002
vtrace1; 115; 0; 2002
vtrace1; 172; 0; 2002
vtrace1; 173; 0; 2002
vtrace1; 174; 0; 2002
vtrace1; 175; 0; 2002
vtrace1; 168; 0; 2002
vtrace1; 169; 0; 2002
vtrace1; 170; 0; 2002
vtrace1; 171; 0; 2002
vtrace1; 164; 0; 2002
vtrace1; 165; 0; 2002
vtrace1; 166; 0; 2002
vtrace1; 167; 0; 2002
vtrace1; 160; 0; 2002
vtrace1; 161; 0; 2002
vtrace1; 162; 0; 2002
vtrace1; 163; 0; 2002
vtrace1; 156; 0; 2002
vtrace1; 157; 0; 2002
vtrace1; 158; 0; 2002
vtrace1; 159; 0; 2002
vtrace1; 152; 0; 2002
vtrace1; 153; 0; 2002
vtrace1; 154; 0; 2002
vtrace1; 155; 0; 2002
vtrace1; 148; 0; 2002
vtrace1; 149; 0; 2002
vtrace1; 150; 0; 2002
vtrace1; 151; 0; 2002
vtrace1; 144; 0; 2002
vtrace1; 145; 0; 2002
vtrace1; 146; 0; 2002
vtrace1; 147; 0; 2002
vtrace1; 76; 0; 2002
vtrace1; 77; 0; 2002
vtrace1; 78; 0; 2002
vtrace1; 79; 0; 2002
vtrace1; 72; 0; 2002
vtrace1; 73; 0; 2002
vtrace1; 74; 0; 2002
vtrace1; 75; 0; 2002
vtrace1; 68; 0; 2002
vtrace1; 69; 0; 2002
vtrace1; 70; 0; 2002
vtrace1; 71; 0; 2002
vtrace1; 64; 0; 2002
vtrace1; 65; 0; 2002
vtrace1; 66; 0; 2002
vtrace1; 67; 0; 2002
vtrace1; 60; 0; 2002
vtrace1; 61; 0; 2002
vtrace1; 62; 0; 2002
vtrace1; 63; 0; 2002
vtrace1; 56; 0; 2002
vtrace1; 57; 0; 2002
vtrace1; 58; 0; 2002
vtrace1; 59; 0; 2002
vtrace1; 52; 0; 2002
vtrace1; 53; 0; 2002
vtrace1; 54; 0; 2002
vtrace1; 55; 0; 2002
vtrace1; 48; 0; 2002
vtrace1; 49; 0; 2002
vtrace1; 50; 0; 2002
vtrace1; 51; 0; 2002
vtrace1; 108; 0; 2002
vtrace1; 109; 0; 2002
vtrace1; 110; 0; 2002
vtrace1; 111; 0; 2002
vtrace1; 104; 0; 2002
vtrace1; 105; 0; 2002
vtrace1; 106; 0; 2002
vtrace1; 107; 0; 2002
vtrace1; 100; 0; 2002
vtrace1; 101; 0; 2002
vtrace1; 102; 0; 2002
vtrace1; 103; 0; 2002
vtrace1; 96; 0; 2002
vtrace1; 97; 0; 2002
vtrace1; 98; 0; 2002
vtrace1; 99; 0; 2002
vtrace1; 92; 0; 2002
vtrace1; 93; 0; 2002
vtrace1; 94; 0; 2002
vtrace1; 95; 0; 2002
vtrace1; 88; 0; 2002
vtrace1; 89; 0; 2002
vtrace1; 90; 0; 2002
vtrace1; 91; 0; 2002
vtrace1; 84; 0; 2002
vtrace1; 85; 0; 2002
vtrace1; 86; 0; 2002
vtrace1; 87; 0; 2002
vtrace1; 80; 0; 2002
vtrace1; 81; 0; 2002
vtrace1; 82; 0; 2002
vtrace1; 83; 0; 2002
vtrace1; 268; 0; 2002
vtrace1; 269; 0; 2002
vtrace1; 270; 0; 2002
vtrace1; 271; 0; 2002
vtrace1; 264; 0; 2002
vtrace1; 265; 0; 2002
vtrace1; 266; 0; 2002
vtrace1; 267; 0; 2002
vtrace1; 260; 0; 2002
vtrace1; 261; 0; 2002
vtrace1; 262; 0; 2002
vtrace1; 263; 0; 2002
vtrace1; 256; 0; 2002
vtrace1; 257; 0; 2002
vtrace1; 258; 0; 2002
vtrace1; 259; 0; 2002
vtrace1; 252; 0; 2002
vtrace1; 253; 0; 2002
vtrace1; 254; 0; 2002
vtrace1; 255; 0; 2002
vtrace1; 248; 0; 2002
vtrace1; 249; 0; 2002
vtrace1; 250; 0; 2002
vtrace1; 251; 0; 2002
vtrace1; 244; 0; 2002
vtrace1; 245; 0; 2002
vtrace1; 246; 0; 2002
vtrace1; 247; 0; 2002
vtrace1; 240; 0; 2002
vtrace1; 241; 0; 2002
vtrace1; 242; 0; 2002
vtrace1; 243; 0; 2002
vtrace1; 300; 0; 2002
vtrace1; 301; 0; 2002
vtrace1; 302; 0; 2002
vtrace1; 303; 0; 2002
vtrace1; 296; 0; 2002
vtrace1; 297; 0; 2002
vtrace1; 298; 0; 2002
vtrace1; 299; 0; 2002
vtrace1; 292; 0; 2002
vtrace1; 293; 0; 2002
vtrace1; 294; 0; 2002
vtrace1; 295; 0; 2002
vtrace1; 288; 0; 2002
vtrace1; 289; 0; 2002
vtrace1; 290; 0; 2002
vtrace1; 291; 0; 2002
vtrace1; 284; 0; 2002
vtrace1; 285; 0; 2002
vtrace1; 286; 0; 2002
vtrace1; 287; 0; 2002
vtrace1; 280; 0; 2002
vtrace1; 281; 0; 2002
vtrace1; 282; 0; 2002
vtrace1; 283; 0; 2002
vtrace1; 276; 0; 2002
vtrace1; 277; 0; 2002
vtrace1; 278; 0; 2002
vtrace1; 279; 0; 2002
vtrace1; 272; 0; 2002
vtrace1; 273; 0; 2002
vtrace1; 274; 0; 2002
vtrace1; 275; 0; 2002
vtrace1; 204; 0; 2002
vtrace1; 205; 0; 2002
vtrace1; 206; 0; 2002
vtrace1; 207; 0; 2002
vtrace1; 200; 0; 2002
vtrace1; 201; 0; 2002
vtrace1; 202; 0; 2002
vtrace1; 203; 0; 2002
vtrace1; 196; 0; 2002
vtrace1; 197; 0; 2002
vtrace1; 198; 0; 2002
vtrace1; 199; 0; 2002
vtrace1; 192; 0; 2002
vtrace1; 193; 0; 2002
vtrace1; 194; 0; 2002
vtrace1; 195; 0; 2002
vtrace1; 188; 0; 2002
vtrace1; 189; 0; 2002
vtrace1; 190; 0; 2002
vtrace1; 191; 0; 2002
vtrace1; 184; 0; 2002
vtrace1; 185; 0; 2002
vtrace1; 186; 0; 2002
vtrace1; 187; 0; 2002
vtrace1; 180; 0; 2002
vtrace1; 181; 0; 2002
vtrace1; 182; 0; 2002
vtrace1; 183; 0; 2002
vtrace1; 176; 0; 2002
vtrace1; 177; 0; 2002
vtrace1; 178; 0; 2002
vtrace1; 179; 0; 2002
vtrace1; 236; 0; 2002
vtrace1; 237; 0; 2002
vtrace1; 238; 0; 2002
vtrace1; 239; 0; 2002
vtrace1; 232; 0; 2002
vtrace1; 233; 0; 2002
vtrace1; 234; 0; 2002
vtrace1; 235; 0; 2002
vtrace1; 228; 0; 2002
vtrace1; 229; 0; 2002
vtrace1; 230; 0; 2002
vtrace1; 231; 0; 2002
vtrace1; 224; 0; 2002
vtrace1; 225; 0; 2002
vtrace1; 226; 0; 2002
vtrace1; 227; 0; 2002
vtrace1; 220; 0; 2002
vtrace1; 221; 0; 2002
vtrace1; 222; 0; 2002
vtrace1; 223; 0; 2002
vtrace1; 216; 0; 2002
vtrace1; 217; 0; 2002
vtrace1; 218; 0; 2002
vtrace1; 219; 0; 2002
vtrace1; 212; 0; 2002
vtrace1; 213; 0; 2002
vtrace1; 214; 0; 2002
vtrace1; 215; 0; 2002
vtrace1; 208; 0; 2002
vtrace1; 209; 0; 2002
vtrace1; 210; 0; 2002
vtrace1; 211; 0; 2002
vtrace1; 396; 0; 2002
vtrace1; 397; 0; 2002
vtrace1; 398; 0; 2002
vtrace1; 399; 0; 2002
vtrace1; 392; 0; 2002
vtrace1; 393; 0; 2002
vtrace1; 394; 0; 2002
vtrace1; 395; 0; 2002
vtrace1; 388; 0; 2002
vtrace1; 389; 0; 2002
vtrace1; 390; 0; 2002
vtrace1; 391; 0; 2002
vtrace1; 384; 0; 2002
vtrace1; 385; 0; 2002
vtrace1; 386; 0; 2002
vtrace1; 387; 0; 2002
vtrace1; 380; 0; 2002
vtrace1; 381; 0; 2002
vtrace1; 382; 0; 2002
vtrace1; 383; 0; 2002
vtrace1; 376; 0; 2002
vtrace1; 377; 0; 2002
vtrace1; 378; 0; 2002
vtrace1; 379; 0; 2002
vtrace1; 372; 0; 2002
vtrace1; 373; 0; 2002
vtrace1; 374; 0; 2002
vtrace1; 375; 0; 2002
vtrace1; 368; 0; 2002
vtrace1; 369; 0; 2002
vtrace1; 370; 0; 2002
vtrace1; 371; 0; 2002
vtrace1; 428; 0; 2002
vtrace1; 429; 0; 2002
vtrace1; 430; 0; 2002
vtrace1; 431; 0; 2002
vtrace1; 424; 0; 2002
vtrace1; 425; 0; 2002
vtrace1; 426; 0; 2002
vtrace1; 427; 0; 2002
vtrace1; 420; 0; 2002
vtrace1; 421; 0; 2002
vtrace1; 422; 0; 2002
vtrace1; 423; 0; 2002
vtrace1; 416; 0; 2002
vtrace1; 417; 0; 2002
vtrace1; 418; 0; 2002
vtrace1; 419; 0; 2002
vtrace1; 412; 0; 2002
vtrace1; 413; 0; 2002
vtrace1; 414; 0; 2002
vtrace1; 415; 0; 2002
vtrace1; 408; 0; 2002
vtrace1; 409; 0; 2002
vtrace1; 410; 0; 2002
vtrace1; 411; 0; 2002
vtrace1; 404; 0; 2002
vtrace1; 405; 0; 2002
vtrace1; 406; 0; 2002
vtrace1; 407; 0; 2002
vtrace1; 400; 0; 2002
vtrace1; 401; 0; 2002
vtrace1; 402; 0; 2002
vtrace1; 403; 0; 2002
vtrace1; 332; 0; 2002
vtrace1; 333; 0; 2002
vtrace1; 334; 0; 2002
vtrace1; 335; 0; 2002
vtrace1; 328; 0; 2002
vtrace1; 329; 0; 2002
vtrace1; 330; 0; 2002
vtrace1; 331; 0; 2002
vtrace1; 324; 0; 2002
vtrace1; 325; 0; 2002
vtrace1; 326; 0; 2002
vtrace1; 327; 0; 2002
vtrace1; 320; 0; 2002
vtrace1; 321; 0; 2002
vtrace1; 322; 0; 2002
vtrace1; 323; 0; 2002
vtrace1; 316; 0; 2002
vtrace1; 317; 0; 2002
vtrace1; 318; 0; 2002
vtrace1; 319; 0; 2002
vtrace1; 312; 0; 2002
vtrace1; 313; 0; 2002
vtrace1; 314; 0; 2002
vtrace1; 315; 0; 2002
vtrace1; 308; 0; 2002
vtrace1; 309; 0; 2002
vtrace1; 310; 0; 2002
vtrace1; 311; 0; 2002
vtrace1; 304; 0; 2002
vtrace1; 305; 0; 2002
vtrace1; 306; 0; 2002
vtrace1; 307; 0; 2002
vtrace1; 364; 0; 2002
vtrace1; 365; 0; 2002
vtrace1; 366; 0; 2002
vtrace1; 367; 0; 2002
vtrace1; 360; 0; 2002
vtrace1; 361; 0; 2002
vtrace1; 362; 0; 2002
vtrace1; 363; 0; 2002
vtrace1; 356; 0; 2002
vtrace1; 357; 0; 2002
vtrace1; 358; 0; 2002
vtrace1; 359; 0; 2002
vtrace1; 352; 0; 2002
vtrace1; 353; 0; 2002
vtrace1; 354; 0; 2002
vtrace1; 355; 0; 2002
vtrace1; 348; 0; 2002
vtrace1; 349; 0; 2002
vtrace1; 350; 0; 2002
vtrace1; 351; 0; 2002
vtrace1; 344; 0; 2002
vtrace1; 345; 0; 2002
vtrace1; 346; 0; 2002
vtrace1; 347; 0; 2002
vtrace1; 340; 0; 2002
vtrace1; 341; 0; 2002
vtrace1; 342; 0; 2002
vtrace1; 343; 0; 2002
vtrace1; 336; 0; 2002
vtrace1; 337; 0; 2002
vtrace1; 338; 0; 2002
vtrace1; 339; 0; 2002
vtrace1; 1115; 8842; 8842
vtrace1; 524; 0; 2002
vtrace1; 1114; 8842; 8842
vtrace1; 525; 0; 2002
vtrace1; 1117; 8842; 8842
vtrace1; 526; 0; 2002
vtrace1; 1116; 8842; 8842
vtrace1; 527; 0; 2002
vtrace1; 1111; 8842; 8842
vtrace1; 520; 0; 2002
vtrace1; 1110; 8842; 8842
vtrace1; 521; 0; 2002
vtrace1; 1113; 8842; 8842
vtrace1; 522; 0; 2002
vtrace1; 1112; 8842; 8842
vtrace1; 523; 0; 2002
vtrace1; 1107; 8842; 8842
vtrace1; 516; 0; 2002
vtrace1; 1106; 8842; 8842
vtrace1; 517; 0; 2002
vtrace1; 1109; 8842; 8842
vtrace1; 518; 0; 2002
vtrace1; 1108; 8842; 8842
vtrace1; 519; 0; 2002
vtrace1; 1103; 8842; 8842
vtrace1; 512; 0; 2002
vtrace1; 1102; 8842; 8842
vtrace1; 513; 0; 2002
vtrace1; 1105; 8842; 8842
vtrace1; 514; 0; 2002
vtrace1; 1104; 8842; 8842
vtrace1; 515; 0; 2002
vtrace1; 1099; 8842; 8842
vtrace1; 508; 0; 2002
vtrace1; 1098; 8842; 8842
vtrace1; 509; 0; 2002
vtrace1; 1101; 8842; 8842
vtrace1; 510; 0; 2002
vtrace1; 1100; 8842; 8842
vtrace1; 511; 0; 2002
vtrace1; 1095; 8842; 8842
vtrace1; 504; 0; 2002
vtrace1; 1094; 8842; 8842
vtrace1; 505; 0; 2002
vtrace1; 1097; 8842; 8842
vtrace1; 506; 0; 2002
vtrace1; 1096; 8842; 8842
vtrace1; 507; 0; 2002
vtrace1; 1091; 8842; 8842
vtrace1; 500; 0; 2002
vtrace1; 1090; 8842; 8842
vtrace1; 501; 0; 2002
vtrace1; 1093; 8842; 8842
vtrace1; 502; 0; 2002
vtrace1; 1092; 8842; 8842
vtrace1; 503; 0; 2002
vtrace1; 1087; 8842; 8842
vtrace1; 496; 0; 2002
vtrace1; 1086; 8842; 8842
vtrace1; 497; 0; 2002
vtrace1; 1089; 8842; 8842
vtrace1; 498; 0; 2002
vtrace1; 1088; 8842; 8842
vtrace1; 499; 0; 2002
vtrace1; 1147; 8842; 8842
vtrace1; 556; 0; 2002
vtrace1; 1146; 8842; 8842
vtrace1; 557; 0; 2002
vtrace1; 1149; 8842; 8842
vtrace1; 558; 0; 2002
vtrace1; 1148; 8842; 8842
vtrace1; 559; 0; 2002
vtrace1; 1143; 8842; 8842
vtrace1; 552; 0; 2002
vtrace1; 1142; 8842; 8842
vtrace1; 553; 0; 2002
vtrace1; 1145; 8842; 8842
vtrace1; 554; 0; 2002
vtrace1; 1144; 8842; 8842
vtrace1; 555; 0; 2002
vtrace1; 1139; 8842; 8842
vtrace1; 548; 0; 2002
vtrace1; 1138; 8842; 8842
vtrace1; 549; 0; 2002
vtrace1; 1141; 8842; 8842
vtrace1; 550; 0; 2002
vtrace1; 1140; 8842; 8842
vtrace1; 551; 0; 2002
vtrace1; 1135; 8842; 8842
vtrace1; 544; 0; 2002
vtrace1; 1134; 8842; 8842
vtrace1; 545; 0; 2002
vtrace1; 1137; 8842; 8842
vtrace1; 546; 0; 2002
vtrace1; 1136; 8842; 8842
vtrace1; 547; 0; 2002
vtrace1; 1131; 8842; 8842
vtrace1; 540; 0; 2002
vtrace1; 1130; 8842; 8842
vtrace1; 541; 0; 2002
vtrace1; 1133; 8842; 8842
vtrace1; 542; 0; 2002
vtrace1; 1132; 8842; 8842
vtrace1; 543; 0; 2002
vtrace1; 1127; 8842; 8842
vtrace1; 536; 0; 2002
vtrace1; 1126; 8842; 8842
vtrace1; 537; 0; 2002
vtrace1; 1129; 8842; 8842
vtrace1; 538; 0; 2002
vtrace1; 1128; 8842; 8842
vtrace1; 539; 0; 2002
vtrace1; 1123; 8842; 8842
vtrace1; 532; 0; 2002
vtrace1; 1122; 8842; 8842
vtrace1; 533; 0; 2002
vtrace1; 1125; 8842; 8842
vtrace1; 534; 0; 2002
vtrace1; 1124; 8842; 8842
vtrace1; 535; 0; 2002
vtrace1; 1119; 8842; 8842
vtrace1; 528; 0; 2002
vtrace1; 1118; 8842; 8842
vtrace1; 529; 0; 2002
vtrace1; 1121; 8842; 8842
vtrace1; 530; 0; 2002
vtrace1; 1120; 8842; 8842
vtrace1; 531; 0; 2002
vtrace1; 1051; 8842; 8842
vtrace1; 460; 0; 2002
vtrace1; 1050; 8842; 8842
vtrace1; 461; 0; 2002
vtrace1; 1053; 8842; 8842
vtrace1; 462; 0; 2002
vtrace1; 1052; 8842; 8842
vtrace1; 463; 0; 2002
vtrace1; 1047; 8842; 8842
vtrace1; 456; 0; 2002
vtrace1; 1046; 8842; 8842
vtrace1; 457; 0; 2002
vtrace1; 1049; 8842; 8842
vtrace1; 458; 0; 2002
vtrace1; 1048; 8842; 8842
vtrace1; 459; 0; 2002
vtrace1; 1043; 8842; 8842
vtrace1; 452; 0; 2002
vtrace1; 1042; 8842; 8842
vtrace1; 453; 0; 2002
vtrace1; 1045; 8842; 8842
vtrace1; 454; 0; 2002
vtrace1; 1044; 8842; 8842
vtrace1; 455; 0; 2002
vtrace1; 1039; 8842; 8842
vtrace1; 448; 0; 2002
vtrace1; 1038; 8842; 8842
vtrace1; 449; 0; 2002
vtrace1; 1041; 8842; 8842
vtrace1; 450; 0; 2002
vtrace1; 1040; 8842; 8842
vtrace1; 451; 0; 2002
vtrace1; 1035; 8842; 8842
vtrace1; 444; 0; 2002
vtrace1; 1034; 8842; 8842
vtrace1; 445; 0; 2002
vtrace1; 1037; 8842; 8842
vtrace1; 446; 0; 2002
vtrace1; 1036; 8842; 8842
vtrace1; 447; 0; 2002
vtrace1; 1031; 8842; 8842
vtrace1; 440; 0; 2002
vtrace1; 1030; 8842; 8842
vtrace1; 441; 0; 2002
vtrace1; 1033; 8842; 8842
vtrace1; 442; 0; 2002
vtrace1; 1032; 8842; 8842
vtrace1; 443; 0; 2002
vtrace1; 1027; 8842; 8842
vtrace1; 436; 0; 2002
vtrace1; 1026; 8842; 8842
vtrace1; 437; 0; 2002
vtrace1; 1029; 8842; 8842
vtrace1; 438; 0; 2002
vtrace1; 1028; 8842; 8842
vtrace1; 439; 0; 2002
vtrace1; 432; 0; 2002
vtrace1; 433; 0; 2002
vtrace1; 1025; 8842; 8842
vtrace1; 434; 0; 2002
vtrace1; 1024; 8842; 8842
vtrace1; 435; 0; 2002
vtrace1; 1083; 8842; 8842
vtrace1; 492; 0; 2002
vtrace1; 1082; 8842; 8842
vtrace1; 493; 0; 2002
vtrace1; 1085; 8842; 8842
vtrace1; 494; 0; 2002
vtrace1; 1084; 8842; 8842
vtrace1; 495; 0; 2002
vtrace1; 1079; 8842; 8842
vtrace1; 488; 0; 2002
vtrace1; 1078; 8842; 8842
vtrace1; 489; 0; 2002
vtrace1; 1081; 8842; 8842
vtrace1; 490; 0; 2002
vtrace1; 1080; 8842; 8842
vtrace1; 491; 0; 2002
vtrace1; 1075; 8842; 8842
vtrace1; 484; 0; 2002
vtrace1; 1074; 8842; 8842
vtrace1; 485; 0; 2002
vtrace1; 1077; 8842; 8842
vtrace1; 486; 0; 2002
vtrace1; 1076; 8842; 8842
vtrace1; 487; 0; 2002
vtrace1; 1071; 8842; 8842
vtrace1; 480; 0; 2002
vtrace1; 1070; 8842; 8842
vtrace1; 481; 0; 2002
vtrace1; 1073; 8842; 8842
vtrace1; 482; 0; 2002
vtrace1; 1072; 8842; 8842
vtrace1; 483; 0; 2002
vtrace1; 1067; 8842; 8842
vtrace1; 476; 0; 2002
vtrace1; 1066; 8842; 8842
vtrace1; 477; 0; 2002
vtrace1; 1069; 8842; 8842
vtrace1; 478; 0; 2002
vtrace1; 1068; 8842; 8842
vtrace1; 479; 0; 2002
vtrace1; 1063; 8842; 8842
vtrace1; 472; 0; 2002
vtrace1; 1062; 8842; 8842
vtrace1; 473; 0; 2002
vtrace1; 1065; 8842; 8842
vtrace1; 474; 0; 2002
vtrace1; 1064; 8842; 8842
vtrace1; 475; 0; 2002
vtrace1; 1059; 8842; 8842
vtrace1; 468; 0; 2002
vtrace1; 1058; 8842; 8842
vtrace1; 469; 0; 2002
vtrace1; 1061; 8842; 8842
vtrace1; 470; 0; 2002
vtrace1; 1060; 8842; 8842
vtrace1; 471; 0; 2002
vtrace1; 1055; 8842; 8842
vtrace1; 464; 0; 2002
vtrace1; 1054; 8842; 8842
vtrace1; 465; 0; 2002
vtrace1; 1057; 8842; 8842
vtrace1; 466; 0; 2002
vtrace1; 1056; 8842; 8842
vtrace1; 467; 0; 2002
vtrace1; 1243; 8842; 8842
vtrace1; 652; 0; 2002
vtrace1; 1242; 8842; 8842
vtrace1; 653; 0; 2002
vtrace1; 1245; 8842; 8842
vtrace1; 654; 0; 2002
vtrace1; 1244; 8842; 8842
vtrace1; 655; 0; 2002
vtrace1; 1239; 8842; 8842
vtrace1; 648; 0; 2002
vtrace1; 1238; 8842; 8842
vtrace1; 649; 0; 2002
vtrace1; 1241; 8842; 8842
vtrace1; 650; 0; 2002
vtrace1; 1240; 8842; 8842
vtrace1; 651; 0; 2002
vtrace1; 1235; 8842; 8842
vtrace1; 644; 0; 2002
vtrace1; 1234; 8842; 8842
vtrace1; 645; 0; 2002
vtrace1; 1237; 8842; 8842
vtrace1; 646; 0; 2002
vtrace1; 1236; 8842; 8842
vtrace1; 647; 0; 2002
vtrace1; 1231; 8842; 8842
vtrace1; 640; 0; 2002
vtrace1; 1230; 8842; 8842
vtrace1; 641; 0; 2002
vtrace1; 1233; 8842; 8842
vtrace1; 642; 0; 2002
vtrace1; 1232; 8842; 8842
vtrace1; 643; 0; 2002
vtrace1; 1227; 8842; 8842
vtrace1; 636; 0; 2002
vtrace1; 1226; 8842; 8842
vtrace1; 637; 0; 2002
vtrace1; 1229; 8842; 8842
vtrace1; 638; 0; 2002
vtrace1; 1228; 8842; 8842
vtrace1; 639; 0; 2002
vtrace1; 1223; 8842; 8842
vtrace1; 632; 0; 2002
vtrace1; 1222; 8842; 8842
vtrace1; 633; 0; 2002
vtrace1; 1225; 8842; 8842
vtrace1; 634; 0; 2002
vtrace1; 1224; 8842; 8842
vtrace1; 635; 0; 2002
vtrace1; 1219; 8842; 8842
vtrace1; 628; 0; 2002
vtrace1; 1218; 8842; 8842
vtrace1; 629; 0; 2002
vtrace1; 1221; 8842; 8842
vtrace1; 630; 0; 2002
vtrace1; 1220; 8842; 8842
vtrace1; 631; 0; 2002
vtrace1; 1215; 8842; 8842
vtrace1; 624; 0; 2002
vtrace1; 1214; 8842; 8842
vtrace1; 625; 0; 2002
vtrace1; 1217; 8842; 8842
vtrace1; 626; 0; 2002
vtrace1; 1216; 8842; 8842
vtrace1; 627; 0; 2002
vtrace1; 1275; 8842; 8842
vtrace1; 684; 0; 2002
vtrace1; 1274; 8842; 8842
vtrace1; 685; 0; 2002
vtrace1; 1277; 8842; 8842
vtrace1; 686; 0; 2002
vtrace1; 1276; 8842; 8842
vtrace1; 687; 0; 2002
vtrace1; 1271; 8842; 8842
vtrace1; 680; 0; 2002
vtrace1; 1270; 8842; 8842
vtrace1; 681; 0; 2002
vtrace1; 1273; 8842; 8842
vtrace1; 682; 0; 2002
vtrace1; 1272; 8842; 8842
vtrace1; 683; 0; 2002
vtrace1; 1267; 8842; 8842
vtrace1; 676; 0; 2002
vtrace1; 1266; 8842; 8842
vtrace1; 677; 0; 2002
vtrace1; 1269; 8842; 8842
vtrace1; 678; 0; 2002
vtrace1; 1268; 8842; 8842
vtrace1; 679; 0; 2002
vtrace1; 1263; 8842; 8842
vtrace1; 672; 0; 2002
vtrace1; 1262; 8842; 8842
vtrace1; 673; 0; 2002
vtrace1; 1265; 8842; 8842
vtrace1; 674; 0; 2002
vtrace1; 1264; 8842; 8842
vtrace1; 675; 0; 2002
vtrace1; 1259; 8842; 8842
vtrace1; 668; 0; 2002
vtrace1; 1258; 8842; 8842
vtrace1; 669; 0; 2002
vtrace1; 1261; 8842; 8842
vtrace1; 670; 0; 2002
vtrace1; 1260; 8842; 8842
vtrace1; 671; 0; 2002
vtrace1; 1255; 8842; 8842
vtrace1; 664; 0; 2002
vtrace1; 1254; 8842; 8842
vtrace1; 665; 0; 2002
vtrace1; 1257; 8842; 8842
vtrace1; 666; 0; 2002
vtrace1; 1256; 8842; 8842
vtrace1; 667; 0; 2002
vtrace1; 1251; 8842; 8842
vtrace1; 660; 0; 2002
vtrace1; 1250; 8842; 8842
vtrace1; 661; 0; 2002
vtrace1; 1253; 8842; 8842
vtrace1; 662; 0; 2002
vtrace1; 1252; 8842; 8842
vtrace1; 663; 0; 2002
vtrace1; 1247; 8842; 8842
vtrace1; 656; 0; 2002
vtrace1; 1246; 8842; 8842
vtrace1; 657; 0; 2002
vtrace1; 1249; 8842; 8842
vtrace1; 658; 0; 2002
vtrace1; 1248; 8842; 8842
vtrace1; 659; 0; 2002
vtrace1; 1179; 8842; 8842
vtrace1; 588; 0; 2002
vtrace1; 1178; 8842; 8842
vtrace1; 589; 0; 2002
vtrace1; 1181; 8842; 8842
vtrace1; 590; 0; 2002
vtrace1; 1180; 8842; 8842
vtrace1; 591; 0; 2002
vtrace1; 1175; 8842; 8842
vtrace1; 584; 0; 2002
vtrace1; 1174; 8842; 8842
vtrace1; 585; 0; 2002
vtrace1; 1177; 8842; 8842
vtrace1; 586; 0; 2002
vtrace1; 1176; 8842; 8842
vtrace1; 587; 0; 2002
vtrace1; 1171; 8842; 8842
vtrace1; 580; 0; 2002
vtrace1; 1170; 8842; 8842
vtrace1; 581; 0; 2002
vtrace1; 1173; 8842; 8842
vtrace1; 582; 0; 2002
vtrace1; 1172; 8842; 8842
vtrace1; 583; 0; 2002
vtrace1; 1167; 8842; 8842
vtrace1; 576; 0; 2002
vtrace1; 1166; 8842; 8842
vtrace1; 577; 0; 2002
vtrace1; 1169; 8842; 8842
vtrace1; 578; 0; 2002
vtrace1; 1168; 8842; 8842
vtrace1; 579; 0; 2002
vtrace1; 1163; 8842; 8842
vtrace1; 572; 0; 2002
vtrace1; 1162; 8842; 8842
vtrace1; 573; 0; 2002
vtrace1; 1165; 8842; 8842
vtrace1; 574; 0; 2002
vtrace1; 1164; 8842; 8842
vtrace1; 575; 0; 2002
vtrace1; 1159; 8842; 8842
vtrace1; 568; 0; 2002
vtrace1; 1158; 8842; 8842
vtrace1; 569; 0; 2002
vtrace1; 1161; 8842; 8842
vtrace1; 570; 0; 2002
vtrace1; 1160; 8842; 8842
vtrace1; 571; 0; 2002
vtrace1; 1155; 8842; 8842
vtrace1; 564; 0; 2002
vtrace1; 1154; 8842; 8842
vtrace1; 565; 0; 2002
vtrace1; 1157; 8842; 8842
vtrace1; 566; 0; 2002
vtrace1; 1156; 8842; 8842
vtrace1; 567; 0; 2002
vtrace1; 1151; 8842; 8842
vtrace1; 560; 0; 2002
vtrace1; 1150; 8842; 8842
vtrace1; 561; 0; 2002
vtrace1; 1153; 8842; 8842
vtrace1; 562; 0; 2002
vtrace1; 1152; 8842; 8842
vtrace1; 563; 0; 2002
vtrace1; 1211; 8842; 8842
vtrace1; 620; 0; 2002
vtrace1; 1210; 8842; 8842
vtrace1; 621; 0; 2002
vtrace1; 1213; 8842; 8842
vtrace1; 622; 0; 2002
vtrace1; 1212; 8842; 8842
vtrace1; 623; 0; 2002
vtrace1; 1207; 8842; 8842
vtrace1; 616; 0; 2002
vtrace1; 1206; 8842; 8842
vtrace1; 617; 0; 2002
vtrace1; 1209; 8842; 8842
vtrace1; 618; 0; 2002
vtrace1; 1208; 8842; 8842
vtrace1; 619; 0; 2002
vtrace1; 1203; 8842; 8842
vtrace1; 612; 0; 2002
vtrace1; 1202; 8842; 8842
vtrace1; 613; 0; 2002
vtrace1; 1205; 8842; 8842
vtrace1; 614; 0; 2002
vtrace1; 1204; 8842; 8842
vtrace1; 615; 0; 2002
vtrace1; 1199; 8842; 8842
vtrace1; 608; 0; 2002
vtrace1; 1198; 8842; 8842
vtrace1; 609; 0; 2002
vtrace1; 1201; 8842; 8842
vtrace1; 610; 0; 2002
vtrace1; 1200; 8842; 8842
vtrace1; 611; 0; 2002
vtrace1; 1195; 8842; 8842
vtrace1; 604; 0; 2002
vtrace1; 1194; 8842; 8842
vtrace1; 605; 0; 2002
vtrace1; 1197; 8842; 8842
vtrace1; 606; 0; 2002
vtrace1; 1196; 8842; 8842
vtrace1; 607; 0; 2002
vtrace1; 1191; 8842; 8842
vtrace1; 600; 0; 2002
vtrace1; 1190; 8842; 8842
vtrace1; 601; 0; 2002
vtrace1; 1193; 8842; 8842
vtrace1; 602; 0; 2002
vtrace1; 1192; 8842; 8842
vtrace1; 603; 0; 2002
vtrace1; 1187; 8842; 8842
vtrace1; 596; 0; 2002
vtrace1; 1186; 8842; 8842
vtrace1; 597; 0; 2002
vtrace1; 1189; 8842; 8842
vtrace1; 598; 0; 2002
vtrace1; 1188; 8842; 8842
vtrace1; 599; 0; 2002
vtrace1; 1183; 8842; 8842
vtrace1; 592; 0; 2002
vtrace1; 1182; 8842; 8842
vtrace1; 593; 0; 2002
vtrace1; 1185; 8842; 8842
vtrace1; 594; 0; 2002
vtrace1; 1184; 8842; 8842
vtrace1; 595; 0; 2002
vtrace1; 347; 8842; 8842
vtrace1; 346; 8842; 8842
vtrace1; 349; 8842; 8842
vtrace1; 348; 8842; 8842
vtrace1; 343; 8842; 8842
vtrace1; 342; 8842; 8842
vtrace1; 345; 8842; 8842
vtrace1; 344; 8842; 8842
vtrace1; 339; 8842; 8842
vtrace1; 338; 8842; 8842
vtrace1; 341; 8842; 8842
vtrace1; 340; 8842; 8842
vtrace1; 335; 8842; 8842
vtrace1; 334; 8842; 8842
vtrace1; 337; 8842; 8842
vtrace1; 336; 8842; 8842
vtrace1; 331; 8842; 8842
vtrace1; 330; 8842; 8842
vtrace1; 333; 8842; 8842
vtrace1; 332; 8842; 8842
vtrace1; 327; 8842; 8842
vtrace1; 326; 8842; 8842
vtrace1; 329; 8842; 8842
vtrace1; 328; 8842; 8842
vtrace1; 323; 8842; 8842
vtrace1; 322; 8842; 8842
vtrace1; 325; 8842; 8842
vtrace1; 324; 8842; 8842
vtrace1; 319; 8842; 8842
vtrace1; 318; 8842; 8842
vtrace1; 321; 8842; 8842
vtrace1; 320; 8842; 8842
vtrace1; 379; 8842; 8842
vtrace1; 378; 8842; 8842
vtrace1; 381; 8842; 8842
vtrace1; 380; 8842; 8842
vtrace1; 375; 8842; 8842
vtrace1; 374; 8842; 8842
vtrace1; 377; 8842; 8842
vtrace1; 376; 8842; 8842
vtrace1; 371; 8842; 8842
vtrace1; 370; 8842; 8842
vtrace1; 373; 8842; 8842
vtrace1; 372; 8842; 8842
vtrace1; 367; 8842; 8842
vtrace1; 366; 8842; 8842
vtrace1; 369; 8842; 8842
vtrace1; 368; 8842; 8842
vtrace1; 363; 8842; 8842
vtrace1; 362; 8842; 8842
vtrace1; 365; 8842; 8842
vtrace1; 364; 8842; 8842
vtrace1; 359; 8842; 8842
vtrace1; 358; 8842; 8842
vtrace1; 361; 8842; 8842
vtrace1; 360; 8842; 8842
vtrace1; 355; 8842; 8842
vtrace1; 354; 8842; 8842
vtrace1; 357; 8842; 8842
vtrace1; 356; 8842; 8842
vtrace1; 351; 8842; 8842
vtrace1; 350; 8842; 8842
vtrace1; 353; 8842; 8842
vtrace1; 352; 8842; 8842
vtrace1; 283; 8842; 8842
vtrace1; 282; 8842; 8842
vtrace1; 285; 8842; 8842
vtrace1; 284; 8842; 8842
vtrace1; 279; 8842; 8842
vtrace1; 278; 8842; 8842
vtrace1; 281; 8842; 8842
vtrace1; 280; 8842; 8842
vtrace1; 275; 8842; 8842
vtrace1; 274; 8842; 8842
vtrace1; 277; 8842; 8842
vtrace1; 276; 8842; 8842
vtrace1; 271; 8842; 8842
vtrace1; 270; 8842; 8842
vtrace1; 273; 8842; 8842
vtrace1; 272; 8842; 8842
vtrace1; 267; 8842; 8842
vtrace1; 266; 8842; 8842
vtrace1; 269; 8842; 8842
vtrace1; 268; 8842; 8842
vtrace1; 263; 8842; 8842
vtrace1; 262; 8842; 8842
vtrace1; 265; 8842; 8842
vtrace1; 264; 8842; 8842
vtrace1; 259; 8842; 8842
vtrace1; 258; 8842; 8842
vtrace1; 261; 8842; 8842
vtrace1; 260; 8842; 8842
vtrace1; 255; 8842; 8842
vtrace1; 254; 8842; 8842
vtrace1; 257; 8842; 8842
vtrace1; 256; 8842; 8842
vtrace1; 315; 8842; 8842
vtrace1; 314; 8842; 8842
vtrace1; 317; 8842; 8842
vtrace1; 316; 8842; 8842
vtrace1; 311; 8842; 8842
vtrace1; 310; 8842; 8842
vtrace1; 313; 8842; 8842
vtrace1; 312; 8842; 8842
vtrace1; 307; 8842; 8842
vtrace1; 306; 8842; 8842
vtrace1; 309; 8842; 8842
vtrace1; 308; 8842; 8842
vtrace1; 303; 8842; 8842
vtrace1; 302; 8842; 8842
vtrace1; 305; 8842; 8842
vtrace1; 304; 8842; 8842
vtrace1; 299; 8842; 8842
vtrace1; 298; 8842; 8842
vtrace1; 301; 8842; 8842
vtrace1; 300; 8842; 8842
vtrace1; 295; 8842; 8842
vtrace1; 294; 8842; 8842
vtrace1; 297; 8842; 8842
vtrace1; 296; 8842; 8842
vtrace1; 291; 8842; 8842
vtrace1; 290; 8842; 8842
vtrace1; 293; 8842; 8842
vtrace1; 292; 8842; 8842
vtrace1; 287; 8842; 8842
vtrace1; 286; 8842; 8842
vtrace1; 289; 8842; 8842
vtrace1; 288; 8842; 8842
vtrace1; 475; 8842; 8842
vtrace1; 474; 8842; 8842
vtrace1; 477; 8842; 8842
vtrace1; 476; 8842; 8842
vtrace1; 471; 8842; 8842
vtrace1; 470; 8842; 8842
vtrace1; 473; 8842; 8842
vtrace1; 472; 8842; 8842
vtrace1; 467; 8842; 8842
vtrace1; 466; 8842; 8842
vtrace1; 469; 8842; 8842
vtrace1; 468; 8842; 8842
vtrace1; 463; 8842; 8842
vtrace1; 462; 8842; 8842
vtrace1; 465; 8842; 8842
vtrace1; 464; 8842; 8842
vtrace1; 459; 8842; 8842
vtrace1; 458; 8842; 8842
vtrace1; 461; 8842; 8842
vtrace1; 460; 8842; 8842
vtrace1; 455; 8842; 8842
vtrace1; 454; 8842; 8842
vtrace1; 457; 8842; 8842
vtrace1; 456; 8842; 8842
vtrace1; 451; 8842; 8842
vtrace1; 450; 8842; 8842
vtrace1; 453; 8842; 8842
vtrace1; 452; 8842; 8842
vtrace1; 447; 8842; 8842
vtrace1; 446; 8842; 8842
vtrace1; 449; 8842; 8842
vtrace1; 448; 8842; 8842
vtrace1; 507; 8842; 8842
vtrace1; 506; 8842; 8842
vtrace1; 509; 8842; 8842
vtrace1; 508; 8842; 8842
vtrace1; 503; 8842; 8842
vtrace1; 502; 8842; 8842
vtrace1; 505; 8842; 8842
vtrace1; 504; 8842; 8842
vtrace1; 499; 8842; 8842
vtrace1; 498; 8842; 8842
vtrace1; 501; 8842; 8842
vtrace1; 500; 8842; 8842
vtrace1; 495; 8842; 8842
vtrace1; 494; 8842; 8842
vtrace1; 497; 8842; 8842
vtrace1; 496; 8842; 8842
vtrace1; 491; 8842; 8842
vtrace1; 490; 8842; 8842
vtrace1; 493; 8842; 8842
vtrace1; 492; 8842; 8842
vtrace1; 487; 8842; 8842
vtrace1; 486; 8842; 8842
vtrace1; 489; 8842; 8842
vtrace1; 488; 8842; 8842
vtrace1; 483; 8842; 8842
vtrace1; 482; 8842; 8842
vtrace1; 485; 8842; 8842
vtrace1; 484; 8842; 8842
vtrace1; 479; 8842; 8842
vtrace1; 478; 8842; 8842
vtrace1; 481; 8842; 8842
vtrace1; 480; 8842; 8842
vtrace1; 411; 8842; 8842
vtrace1; 410; 8842; 8842
vtrace1; 413; 8842; 8842
vtrace1; 412; 8842; 8842
vtrace1; 407; 8842; 8842
vtrace1; 406; 8842; 8842
vtrace1; 409; 8842; 8842
vtrace1; 408; 8842; 8842
vtrace1; 403; 8842; 8842
vtrace1; 402; 8842; 8842
vtrace1; 405; 8842; 8842
vtrace1; 404; 8842; 8842
vtrace1; 399; 8842; 8842
vtrace1; 398; 8842; 8842
vtrace1; 401; 8842; 8842
vtrace1; 400; 8842; 8842
vtrace1; 395; 8842; 8842
vtrace1; 394; 8842; 8842
vtrace1; 397; 8842; 8842
vtrace1; 396; 8842; 8842
vtrace1; 391; 8842; 8842
vtrace1; 390; 8842; 8842
vtrace1; 393; 8842; 8842
vtrace1; 392; 8842; 8842
vtrace1; 387; 8842; 8842
vtrace1; 386; 8842; 8842
vtrace1; 389; 8842; 8842
vtrace1; 388; 8842; 8842
vtrace1; 383; 8842; 8842
vtrace1; 382; 8842; 8842
vtrace1; 385; 8842; 8842
vtrace1; 384; 8842; 8842
vtrace1; 443; 8842; 8842
vtrace1; 442; 8842; 8842
vtrace1; 445; 8842; 8842
vtrace1; 444; 8842; 8842
vtrace1; 439; 8842; 8842
vtrace1; 438; 8842; 8842
vtrace1; 441; 8842; 8842
vtrace1; 440; 8842; 8842
vtrace1; 435; 8842; 8842
vtrace1; 434; 8842; 8842
vtrace1; 437; 8842; 8842
vtrace1; 436; 8842; 8842
vtrace1; 431; 8842; 8842
vtrace1; 430; 8842; 8842
vtrace1; 433; 8842; 8842
vtrace1; 432; 8842; 8842
vtrace1; 427; 8842; 8842
vtrace1; 426; 8842; 8842
vtrace1; 429; 8842; 8842
vtrace1; 428; 8842; 8842
vtrace1; 423; 8842; 8842
vtrace1; 422; 8842; 8842
vtrace1; 425; 8842; 8842
vtrace1; 424; 8842; 8842
vtrace1; 419; 8842; 8842
vtrace1; 418; 8842; 8842
vtrace1; 421; 8842; 8842
vtrace1; 420; 8842; 8842
vtrace1; 415; 8842; 8842
vtrace1; 414; 8842; 8842
vtrace1; 417; 8842; 8842
vtrace1; 416; 8842; 8842
vtrace1; 603; 8842; 8842
vtrace1; 602; 8842; 8842
vtrace1; 605; 8842; 8842
vtrace1; 604; 8842; 8842
vtrace1; 599; 8842; 8842
vtrace1; 598; 8842; 8842
vtrace1; 601; 8842; 8842
vtrace1; 600; 8842; 8842
vtrace1; 595; 8842; 8842
vtrace1; 594; 8842; 8842
vtrace1; 597; 8842; 8842
vtrace1; 596; 8842; 8842
vtrace1; 591; 8842; 8842
vtrace1; 590; 8842; 8842
vtrace1; 593; 8842; 8842
vtrace1; 592; 8842; 8842
vtrace1; 587; 8842; 8842
vtrace1; 586; 8842; 8842
vtrace1; 589; 8842; 8842
vtrace1; 588; 8842; 8842
vtrace1; 583; 8842; 8842
vtrace1; 582; 8842; 8842
vtrace1; 585; 8842; 8842
vtrace1; 584; 8842; 8842
vtrace1; 579; 8842; 8842
vtrace1; 578; 8842; 8842
vtrace1; 581; 8842; 8842
vtrace1; 580; 8842; 8842
vtrace1; 575; 8842; 8842
vtrace1; 574; 8842; 8842
vtrace1; 577; 8842; 8842
vtrace1; 576; 8842; 8842
vtrace1; 635; 8842; 8842
vtrace1; 634; 8842; 8842
vtrace1; 637; 8842; 8842
vtrace1; 636; 8842; 8842
vtrace1; 631; 8842; 8842
vtrace1; 630; 8842; 8842
vtrace1; 633; 8842; 8842
vtrace1; 632; 8842; 8842
vtrace1; 627; 8842; 8842
vtrace1; 626; 8842; 8842
vtrace1; 629; 8842; 8842
vtrace1; 628; 8842; 8842
vtrace1; 623; 8842; 8842
vtrace1; 622; 8842; 8842
vtrace1; 625; 8842; 8842
vtrace1; 624; 8842; 8842
vtrace1; 619; 8842; 8842
vtrace1; 618; 8842; 8842
vtrace1; 621; 8842; 8842
vtrace1; 620; 8842; 8842
vtrace1; 615; 8842; 8842
vtrace1; 614; 8842; 8842
vtrace1; 617; 8842; 8842
vtrace1; 616; 8842; 8842
vtrace1; 611; 8842; 8842
vtrace1; 610; 8842; 8842
vtrace1; 613; 8842; 8842
vtrace1; 612; 8842; 8842
vtrace1; 607; 8842; 8842
vtrace1; 606; 8842; 8842
vtrace1; 609; 8842; 8842
vtrace1; 608; 8842; 8842
vtrace1; 539; 8842; 8842
vtrace1; 538; 8842; 8842
vtrace1; 541; 8842; 8842
vtrace1; 540; 8842; 8842
vtrace1; 535; 8842; 8842
vtrace1; 534; 8842; 8842
vtrace1; 537; 8842; 8842
vtrace1; 536; 8842; 8842
vtrace1; 531; 8842; 8842
vtrace1; 530; 8842; 8842
vtrace1; 533; 8842; 8842
vtrace1; 532; 8842; 8842
vtrace1; 527; 8842; 8842
vtrace1; 526; 8842; 8842
vtrace1; 529; 8842; 8842
vtrace1; 528; 8842; 8842
vtrace1; 523; 8842; 8842
vtrace1; 522; 8842; 8842
vtrace1; 525; 8842; 8842
vtrace1; 524; 8842; 8842
vtrace1; 519; 8842; 8842
vtrace1; 518; 8842; 8842
vtrace1; 521; 8842; 8842
vtrace1; 520; 8842; 8842
vtrace1; 515; 8842; 8842
vtrace1; 514; 8842; 8842
vtrace1; 517; 8842; 8842
vtrace1; 516; 8842; 8842
vtrace1; 511; 8842; 8842
vtrace1; 510; 8842; 8842
vtrace1; 513; 8842; 8842
vtrace1; 512; 8842; 8842
vtrace1; 571; 8842; 8842
vtrace1; 570; 8842; 8842
vtrace1; 573; 8842; 8842
vtrace1; 572; 8842; 8842
vtrace1; 567; 8842; 8842
vtrace1; 566; 8842; 8842
vtrace1; 569; 8842; 8842
vtrace1; 568; 8842; 8842
vtrace1; 563; 8842; 8842
vtrace1; 562; 8842; 8842
vtrace1; 565; 8842; 8842
vtrace1; 564; 8842; 8842
vtrace1; 559; 8842; 8842
vtrace1; 558; 8842; 8842
vtrace1; 561; 8842; 8842
vtrace1; 560; 8842; 8842
vtrace1; 555; 8842; 8842
vtrace1; 554; 8842; 8842
vtrace1; 557; 8842; 8842
vtrace1; 556; 8842; 8842
vtrace1; 551; 8842; 8842
vtrace1; 550; 8842; 8842
vtrace1; 553; 8842; 8842
vtrace1; 552; 8842; 8842
vtrace1; 547; 8842; 8842
vtrace1; 546; 8842; 8842
vtrace1; 549; 8842; 8842
vtrace1; 548; 8842; 8842
vtrace1; 543; 8842; 8842
vtrace1; 542; 8842; 8842
vtrace1; 545; 8842; 8842
vtrace1; 544; 8842; 8842
vtrace1; 731; 8842; 8842
vtrace1; 730; 8842; 8842
vtrace1; 733; 8842; 8842
vtrace1; 732; 8842; 8842
vtrace1; 727; 8842; 8842
vtrace1; 726; 8842; 8842
vtrace1; 729; 8842; 8842
vtrace1; 728; 8842; 8842
vtrace1; 723; 8842; 8842
vtrace1; 722; 8842; 8842
vtrace1; 725; 8842; 8842
vtrace1; 724; 8842; 8842
vtrace1; 719; 8842; 8842
vtrace1; 718; 8842; 8842
vtrace1; 721; 8842; 8842
vtrace1; 720; 8842; 8842
vtrace1; 715; 8842; 8842
vtrace1; 714; 8842; 8842
vtrace1; 717; 8842; 8842
vtrace1; 716; 8842; 8842
vtrace1; 711; 8842; 8842
vtrace1; 710; 8842; 8842
vtrace1; 713; 8842; 8842
vtrace1; 712; 8842; 8842
vtrace1; 707; 8842; 8842
vtrace1; 706; 8842; 8842
vtrace1; 709; 8842; 8842
vtrace1; 708; 8842; 8842
vtrace1; 703; 8842; 8842
vtrace1; 702; 8842; 8842
vtrace1; 705; 8842; 8842
vtrace1; 704; 8842; 8842
vtrace1; 763; 8842; 8842
vtrace1; 762; 8842; 8842
vtrace1; 765; 8842; 8842
vtrace1; 764; 8842; 8842
vtrace1; 759; 8842; 8842
vtrace1; 758; 8842; 8842
vtrace1; 761; 8842; 8842
vtrace1; 760; 8842; 8842
vtrace1; 755; 8842; 8842
vtrace1; 754; 8842; 8842
vtrace1; 757; 8842; 8842
vtrace1; 756; 8842; 8842
vtrace1; 751; 8842; 8842
vtrace1; 750; 8842; 8842
vtrace1; 753; 8842; 8842
vtrace1; 752; 8842; 8842
vtrace1; 747; 8842; 8842
vtrace1; 746; 8842; 8842
vtrace1; 749; 8842; 8842
vtrace1; 748; 8842; 8842
vtrace1; 743; 8842; 8842
vtrace1; 742; 8842; 8842
vtrace1; 745; 8842; 8842
vtrace1; 744; 8842; 8842
vtrace1; 739; 8842; 8842
vtrace1; 738; 8842; 8842
vtrace1; 741; 8842; 8842
vtrace1; 740; 8842; 8842
vtrace1; 735; 8842; 8842
vtrace1; 734; 8842; 8842
vtrace1; 737; 8842; 8842
vtrace1; 736; 8842; 8842
vtrace1; 667; 8842; 8842
vtrace1; 666; 8842; 8842
vtrace1; 669; 8842; 8842
vtrace1; 668; 8842; 8842
vtrace1; 663; 8842; 8842
vtrace1; 662; 8842; 8842
vtrace1; 665; 8842; 8842
vtrace1; 664; 8842; 8842
vtrace1; 659; 8842; 8842
vtrace1; 658; 8842; 8842
vtrace1; 661; 8842; 8842
vtrace1; 660; 8842; 8842
vtrace1; 655; 8842; 8842
vtrace1; 654; 8842; 8842
vtrace1; 657; 8842; 8842
vtrace1; 656; 8842; 8842
vtrace1; 651; 8842; 8842
vtrace1; 650; 8842; 8842
vtrace1; 653; 8842; 8842
vtrace1; 652; 8842; 8842
vtrace1; 647; 8842; 8842
vtrace1; 646; 8842; 8842
vtrace1; 649; 8842; 8842
vtrace1; 648; 8842; 8842
vtrace1; 643; 8842; 8842
vtrace1; 642; 8842; 8842
vtrace1; 645; 8842; 8842
vtrace1; 644; 8842; 8842
vtrace1; 639; 8842; 8842
vtrace1; 638; 8842; 8842
vtrace1; 641; 8842; 8842
vtrace1; 640; 8842; 8842
vtrace1; 699; 8842; 8842
vtrace1; 698; 8842; 8842
vtrace1; 701; 8842; 8842
vtrace1; 700; 8842; 8842
vtrace1; 695; 8842; 8842
vtrace1; 694; 8842; 8842
vtrace1; 697; 8842; 8842
vtrace1; 696; 8842; 8842
vtrace1; 691; 8842; 8842
vtrace1; 690; 8842; 8842
vtrace1; 693; 8842; 8842
vtrace1; 692; 8842; 8842
vtrace1; 687; 8842; 8842
vtrace1; 686; 8842; 8842
vtrace1; 689; 8842; 8842
vtrace1; 688; 8842; 8842
vtrace1; 683; 8842; 8842
vtrace1; 682; 8842; 8842
vtrace1; 685; 8842; 8842
vtrace1; 684; 8842; 8842
vtrace1; 679; 8842; 8842
vtrace1; 678; 8842; 8842
vtrace1; 681; 8842; 8842
vtrace1; 680; 8842; 8842
vtrace1; 675; 8842; 8842
vtrace1; 674; 8842; 8842
vtrace1; 677; 8842; 8842
vtrace1; 676; 8842; 8842
vtrace1; 671; 8842; 8842
vtrace1; 670; 8842; 8842
vtrace1; 673; 8842; 8842
vtrace1; 672; 8842; 8842
vtrace1; 859; 8842; 8842
vtrace1; 858; 8842; 8842
vtrace1; 861; 8842; 8842
vtrace1; 860; 8842; 8842
vtrace1; 855; 8842; 8842
vtrace1; 854; 8842; 8842
vtrace1; 857; 8842; 8842
vtrace1; 856; 8842; 8842
vtrace1; 851; 8842; 8842
vtrace1; 850; 8842; 8842
vtrace1; 853; 8842; 8842
vtrace1; 852; 8842; 8842
vtrace1; 847; 8842; 8842
vtrace1; 846; 8842; 8842
vtrace1; 849; 8842; 8842
vtrace1; 848; 8842; 8842
vtrace1; 843; 8842; 8842
vtrace1; 842; 8842; 8842
vtrace1; 845; 8842; 8842
vtrace1; 844; 8842; 8842
vtrace1; 839; 8842; 8842
vtrace1; 838; 8842; 8842
vtrace1; 841; 8842; 8842
vtrace1; 840; 8842; 8842
vtrace1; 835; 8842; 8842
vtrace1; 834; 8842; 8842
vtrace1; 837; 8842; 8842
vtrace1; 836; 8842; 8842
vtrace1; 831; 8842; 8842
vtrace1; 830; 8842; 8842
vtrace1; 833; 8842; 8842
vtrace1; 832; 8842; 8842
vtrace1; 891; 8842; 8842
vtrace1; 890; 8842; 8842
vtrace1; 893; 8842; 8842
vtrace1; 892; 8842; 8842
vtrace1; 887; 8842; 8842
vtrace1; 886; 8842; 8842
vtrace1; 889; 8842; 8842
vtrace1; 888; 8842; 8842
vtrace1; 883; 8842; 8842
vtrace1; 882; 8842; 8842
vtrace1; 885; 8842; 8842
vtrace1; 884; 8842; 8842
vtrace1; 879; 8842; 8842
vtrace1; 878; 8842; 8842
vtrace1; 881; 8842; 8842
vtrace1; 880; 8842; 8842
vtrace1; 875; 8842; 8842
vtrace1; 874; 8842; 8842
vtrace1; 877; 8842; 8842
vtrace1; 876; 8842; 8842
vtrace1; 871; 8842; 8842
vtrace1; 870; 8842; 8842
vtrace1; 873; 8842; 8842
vtrace1; 872; 8842; 8842
vtrace1; 867; 8842; 8842
vtrace1; 866; 8842; 8842
vtrace1; 869; 8842; 8842
vtrace1; 868; 8842; 8842
vtrace1; 863; 8842; 8842
vtrace1; 862; 8842; 8842
vtrace1; 865; 8842; 8842
vtrace1; 864; 8842; 8842
vtrace1; 795; 8842; 8842
vtrace1; 794; 8842; 8842
vtrace1; 797; 8842; 8842
vtrace1; 796; 8842; 8842
vtrace1; 791; 8842; 8842
vtrace1; 790; 8842; 8842
vtrace1; 793; 8842; 8842
vtrace1; 792; 8842; 8842
vtrace1; 787; 8842; 8842
vtrace1; 786; 8842; 8842
vtrace1; 789; 8842; 8842
vtrace1; 788; 8842; 8842
vtrace1; 783; 8842; 8842
vtrace1; 782; 8842; 8842
vtrace1; 785; 8842; 8842
vtrace1; 784; 8842; 8842
vtrace1; 779; 8842; 8842
vtrace1; 778; 8842; 8842
vtrace1; 781; 8842; 8842
vtrace1; 780; 8842; 8842
vtrace1; 775; 8842; 8842
vtrace1; 774; 8842; 8842
vtrace1; 777; 8842; 8842
vtrace1; 776; 8842; 8842
vtrace1; 771; 8842; 8842
vtrace1; 770; 8842; 8842
vtrace1; 773; 8842; 8842
vtrace1; 772; 8842; 8842
vtrace1; 767; 8842; 8842
vtrace1; 766; 8842; 8842
vtrace1; 769; 8842; 8842
vtrace1; 768; 8842; 8842
vtrace1; 827; 8842; 8842
vtrace1; 826; 8842; 8842
vtrace1; 829; 8842; 8842
vtrace1; 828; 8842; 8842
vtrace1; 823; 8842; 8842
vtrace1; 822; 8842; 8842
vtrace1; 825; 8842; 8842
vtrace1; 824; 8842; 8842
vtrace1; 819; 8842; 8842
vtrace1; 818; 8842; 8842
vtrace1; 821; 8842; 8842
vtrace1; 820; 8842; 8842
vtrace1; 815; 8842; 8842
vtrace1; 814; 8842; 8842
vtrace1; 817; 8842; 8842
vtrace1; 816; 8842; 8842
vtrace1; 811; 8842; 8842
vtrace1; 810; 8842; 8842
vtrace1; 813; 8842; 8842
vtrace1; 812; 8842; 8842
vtrace1; 807; 8842; 8842
vtrace1; 806; 8842; 8842
vtrace1; 809; 8842; 8842
vtrace1; 808; 8842; 8842
vtrace1; 803; 8842; 8842
vtrace1; 802; 8842; 8842
vtrace1; 805; 8842; 8842
vtrace1; 804; 8842; 8842
vtrace1; 799; 8842; 8842
vtrace1; 798; 8842; 8842
vtrace1; 801; 8842; 8842
vtrace1; 800; 8842; 8842
vtrace1; 987; 8842; 8842
vtrace1; 986; 8842; 8842
vtrace1; 989; 8842; 8842
vtrace1; 988; 8842; 8842
vtrace1; 983; 8842; 8842
vtrace1; 982; 8842; 8842
vtrace1; 985; 8842; 8842
vtrace1; 984; 8842; 8842
vtrace1; 979; 8842; 8842
vtrace1; 978; 8842; 8842
vtrace1; 981; 8842; 8842
vtrace1; 980; 8842; 8842
vtrace1; 975; 8842; 8842
vtrace1; 974; 8842; 8842
vtrace1; 977; 8842; 8842
vtrace1; 976; 8842; 8842
vtrace1; 971; 8842; 8842
vtrace1; 970; 8842; 8842
vtrace1; 973; 8842; 8842
vtrace1; 972; 8842; 8842
vtrace1; 967; 8842; 8842
vtrace1; 966; 8842; 8842
vtrace1; 969; 8842; 8842
vtrace1; 968; 8842; 8842
vtrace1; 963; 8842; 8842
vtrace1; 962; 8842; 8842
vtrace1; 965; 8842; 8842
vtrace1; 964; 8842; 8842
vtrace1; 959; 8842; 8842
vtrace1; 958; 8842; 8842
vtrace1; 961; 8842; 8842
vtrace1; 960; 8842; 8842
vtrace1; 1019; 8842; 8842
vtrace1; 1018; 8842; 8842
vtrace1; 1021; 8842; 8842
vtrace1; 1020; 8842; 8842
vtrace1; 1015; 8842; 8842
vtrace1; 1014; 8842; 8842
vtrace1; 1017; 8842; 8842
vtrace1; 1016; 8842; 8842
vtrace1; 1011; 8842; 8842
vtrace1; 1010; 8842; 8842
vtrace1; 1013; 8842; 8842
vtrace1; 1012; 8842; 8842
vtrace1; 1007; 8842; 8842
vtrace1; 1006; 8842; 8842
vtrace1; 1009; 8842; 8842
vtrace1; 1008; 8842; 8842
vtrace1; 1003; 8842; 8842
vtrace1; 1002; 8842; 8842
vtrace1; 1005; 8842; 8842
vtrace1; 1004; 8842; 8842
vtrace1; 999; 8842; 8842
vtrace1; 998; 8842; 8842
vtrace1; 1001; 8842; 8842
vtrace1; 1000; 8842; 8842
vtrace1; 995; 8842; 8842
vtrace1; 994; 8842; 8842
vtrace1; 997; 8842; 8842
vtrace1; 996; 8842; 8842
vtrace1; 991; 8842; 8842
vtrace1; 990; 8842; 8842
vtrace1; 993; 8842; 8842
vtrace1; 992; 8842; 8842
vtrace1; 923; 8842; 8842
vtrace1; 922; 8842; 8842
vtrace1; 925; 8842; 8842
vtrace1; 924; 8842; 8842
vtrace1; 919; 8842; 8842
vtrace1; 918; 8842; 8842
vtrace1; 921; 8842; 8842
vtrace1; 920; 8842; 8842
vtrace1; 915; 8842; 8842
vtrace1; 914; 8842; 8842
vtrace1; 917; 8842; 8842
vtrace1; 916; 8842; 8842
vtrace1; 911; 8842; 8842
vtrace1; 910; 8842; 8842
vtrace1; 913; 8842; 8842
vtrace1; 912; 8842; 8842
vtrace1; 907; 8842; 8842
vtrace1; 906; 8842; 8842
vtrace1; 909; 8842; 8842
vtrace1; 908; 8842; 8842
vtrace1; 903; 8842; 8842
vtrace1; 902; 8842; 8842
vtrace1; 905; 8842; 8842
vtrace1; 904; 8842; 8842
vtrace1; 899; 8842; 8842
vtrace1; 898; 8842; 8842
vtrace1; 901; 8842; 8842
vtrace1; 900; 8842; 8842
vtrace1; 895; 8842; 8842
vtrace1; 894; 8842; 8842
vtrace1; 897; 8842; 8842
vtrace1; 896; 8842; 8842
vtrace1; 955; 8842; 8842
vtrace1; 954; 8842; 8842
vtrace1; 957; 8842; 8842
vtrace1; 956; 8842; 8842
vtrace1; 951; 8842; 8842
vtrace1; 950; 8842; 8842
vtrace1; 953; 8842; 8842
vtrace1; 952; 8842; 8842
vtrace1; 947; 8842; 8842
vtrace1; 946; 8842; 8842
vtrace1; 949; 8842; 8842
vtrace1; 948; 8842; 8842
vtrace1; 943; 8842; 8842
vtrace1; 942; 8842; 8842
vtrace1; 945; 8842; 8842
vtrace1; 944; 8842; 8842
vtrace1; 939; 8842; 8842
vtrace1; 938; 8842; 8842
vtrace1; 941; 8842; 8842
vtrace1; 940; 8842; 8842
vtrace1; 935; 8842; 8842
vtrace1; 934; 8842; 8842
vtrace1; 937; 8842; 8842
vtrace1; 936; 8842; 8842
vtrace1; 931; 8842; 8842
vtrace1; 930; 8842; 8842
vtrace1; 933; 8842; 8842
vtrace1; 932; 8842; 8842
vtrace1; 927; 8842; 8842
vtrace1; 926; 8842; 8842
vtrace1; 929; 8842; 8842
vtrace1; 928; 8842; 8842
vtrace1; 1023; 8842; 8842
vtrace1; 1022; 8842; 8842
