vtrace1; I a; I ab; I bc; I b; I ac; I c
vtrace1; 1; -482; -482; -483; 2; 1
vtrace1; 29; -2764; -488; -2793; 2334; 2305
vtrace1; 239; 478; 796; 239; 796; 557
vtrace1; -2136; -2141; -178; -5; -2309; -173
vtrace1; -560; -1120; -1120; -560; -1120; -560
vtrace1; 1; -3082; -3082; -3083; 2; 1
vtrace1; -1108; -1274; 1483; -166; 541; 1649
vtrace1; -1342; -1383; 305; -41; -996; 346
vtrace1; -1; -1701; -1699; -1700; 0; 1
vtrace1; 1; 281; 3621; 280; 3342; 3341
vtrace1; -540; -1080; -1080; -540; -1080; -540
vtrace1; -1027; -2217; -1356; -1190; -1193; -166
vtrace1; -2236; -3337; -1491; -1101; -2626; -390
vtrace1; 154; -556; -556; -710; 308; 154
vtrace1; -575; -1150; -1150; -575; -1150; -575
vtrace1; -400; -392; 16; 8; -392; 8
vtrace1; 3482; -3133; -6616; -6615; 3481; -1
vtrace1; 148; 83; 2198; -65; 2411; 2263
vtrace1; -1795; -1792; 6; 3; -1792; 3
vtrace1; -2132; -1984; 296; 148; -1984; 148
vtrace1; 831; -5577; -4499; -6408; 2740; 1909
vtrace1; 1205; 1204; 1204; -1; 2410; 1205
vtrace1; -549; -294; 190; 255; -614; -65
vtrace1; -1190; -2409; -1220; -1219; -1191; -1
vtrace1; -2236; -2735; 1806; -499; 69; 2305
vtrace1; -385; -385; 0; 0; -385; 0
vtrace1; -1230; -125; 2210; 1105; -125; 1105
vtrace1; -558; -558; 4226; 0; 3668; 4226
vtrace1; -2134; -3423; -192; -1289; -1037; 1097
vtrace1; -3778; -5133; -2710; -1355; -5133; -1355
vtrace1; 0; 92; 3796; 92; 3704; 3704
vtrace1; -1230; 3184; 7697; 4414; 2053; 3283
vtrace1; 20; -38; 259; -58; 337; 317
vtrace1; -143; -28; 553; 115; 295; 438
vtrace1; -3478; -6956; -5700; -3478; -5700; -2222
vtrace1; 2241; 1461; 1647; -780; 4668; 2427
vtrace1; -1222; -181; 2912; 1041; 649; 1871
vtrace1; 216; -1882; -1224; -2098; 1090; 874
vtrace1; -4531; -4723; 109; -192; -4230; 301
vtrace1; 1220; -1374; -1569; -2594; 2245; 1025
vtrace1; -1917; -535; 2230; 1382; -1069; 848
vtrace1; -2134; -4268; -4359; -2134; -4359; -2225
vtrace1; 1129; 3176; 5409; 2047; 4491; 3362
vtrace1; -1; -2; 3194; -1; 3194; 3195
vtrace1; -1199; -1199; -1199; 0; -2398; -1199
vtrace1; -1229; -1015; -444; 214; -1887; -658
vtrace1; -3681; -2481; -148; 1200; -5029; -1348
vtrace1; -5503; -5372; -1098; 131; -6732; -1229
vtrace1; 0; -62; 993; -62; 1055; 1055
vtrace1; 4360; 3132; 6228; -1228; 11816; 7456
vtrace1; 1055; 788; 725; -267; 2047; 992
vtrace1; -2205; -2803; 2580; -598; 973; 3178
vtrace1; -3319; -6638; -3244; -3319; -3244; 75
vtrace1; -1; -2033; -1717; -2032; 314; 315
vtrace1; -2465; -388; 2769; 2077; -1773; 692
vtrace1; 2735; 4394; 7245; 1659; 8321; 5586
vtrace1; -4731; -6781; -3093; -2050; -5774; -1043
vtrace1; 242; -957; -1200; -1199; 241; -1
vtrace1; -2738; -2739; 5168; -1; 2431; 5169
vtrace1; -2027; -6282; -8510; -4255; -6282; -4255
vtrace1; -77; -6485; -6407; -6408; -76; 1
vtrace1; -735; -253; 376; 482; -841; -106
vtrace1; -1988; -3976; 276; -1988; 276; 2264
vtrace1; -2813; -3000; 2388; -187; -238; 2575
vtrace1; -270; -540; -690; -270; -690; -420
vtrace1; 157; -2120; -2589; -2277; -155; -312
vtrace1; 1; -3829; -3839; -3830; -8; -9
vtrace1; -1221; -2442; 219; -1221; 219; 1440
vtrace1; -1174; -3801; -2603; -2627; -1150; 24
vtrace1; -3770; -7540; -7540; -3770; -7540; -3770
vtrace1; 437; 1642; 3362; 1205; 2594; 2157
vtrace1; -3393; -8578; -8578; -5185; -6786; -3393
vtrace1; 0; 19; 1010; 19; 991; 991
vtrace1; -614; -1228; -1228; -614; -1228; -614
vtrace1; -2254; -4384; -4260; -2130; -4384; -2130
vtrace1; -2202; -2375; -173; -173; -2202; 0
vtrace1; -2770; -3612; -332; -842; -2260; 510
vtrace1; -1219; -3356; -5296; -2137; -4378; -3159
vtrace1; -2130; -4260; -1697; -2130; -1697; 433
vtrace1; -1571; -3776; -3581; -2205; -2947; -1376
vtrace1; -1059; -2370; -2622; -1311; -2370; -1311
vtrace1; -3479; -2523; -287; 956; -4722; -1243
vtrace1; 2104; 3658; 5760; 1554; 6310; 4206
vtrace1; -4377; -4375; 633; 2; -3746; 631
vtrace1; 156; 162; 2247; 6; 2397; 2241
vtrace1; -476; -476; 875; 0; 399; 875
vtrace1; 2; 80; 2383; 78; 2307; 2305
vtrace1; -3740; -7480; -7480; -3740; -7480; -3740
vtrace1; 0; 1215; 2430; 1215; 1215; 1215
vtrace1; 0; 1213; 2426; 1213; 1213; 1213
vtrace1; -599; -1190; -1190; -591; -1198; -599
vtrace1; -1128; -962; -724; 166; -2018; -890
vtrace1; 459; -3009; -5598; -3468; -1671; -2130
vtrace1; -2136; -4272; -1703; -2136; -1703; 433
vtrace1; 1; 2; 2342; 1; 2342; 2341
vtrace1; 1084; 1782; 8151; 698; 8537; 7453
vtrace1; -2175; -2454; -278; -279; -2174; 1
vtrace1; -619; -1238; -1238; -619; -1238; -619
vtrace1; 816; -510; 910; -1326; 3052; 2236
vtrace1; -598; -1196; -1196; -598; -1196; -598
vtrace1; -2132; 544; 5352; 2676; 544; 2676
vtrace1; 5; 10; 2386; 5; 2386; 2381
vtrace1; 2634; 3489; 5263; 855; 7042; 4408
vtrace1; 0; 0; 2305; 0; 2305; 2305
vtrace1; 585; -752; 1168; -1337; 3090; 2505
vtrace1; -3742; -7484; -7484; -3742; -7484; -3742
vtrace1; -2223; -4446; 2537; -2223; 2537; 4760
vtrace1; -1043; -961; 81; 82; -1044; -1
vtrace1; -2211; -4422; -4322; -2211; -4322; -2111
vtrace1; -3456; -1215; 4482; 2241; -1215; 2241
vtrace1; -2771; -390; 2382; 2381; -2770; 1
vtrace1; -390; -4740; -4842; -4350; -882; -492
vtrace1; -1860; 2326; 8372; 4186; 2326; 4186
vtrace1; -3436; -3250; 186; 186; -3436; 0
vtrace1; -1218; -2436; -1219; -1218; -1219; -1
vtrace1; -325; -109; 1376; 216; 835; 1160
vtrace1; -1095; -2708; 1509; -1613; 2027; 3122
vtrace1; -480; -480; 0; 0; -480; 0
vtrace1; 1950; 1954; 2537; 4; 4483; 2533
vtrace1; -2141; -4282; -1708; -2141; -1708; 433
vtrace1; -3489; -6978; -7124; -3489; -7124; -3635
vtrace1; -6408; -9221; -875; -2813; -4470; 1938
vtrace1; -2931; -1826; 1105; 1105; -2931; 0
vtrace1; -3366; -6142; -1148; -2776; -1738; 1628
vtrace1; -1618; -1618; 2033; 0; 415; 2033
vtrace1; 166; 167; 2212; 1; 2377; 2211
vtrace1; -1230; -87; 2286; 1143; -87; 1143
vtrace1; -1496; -2609; -2356; -1113; -2739; -1243
vtrace1; -1; -6409; -6409; -6408; -2; -1
vtrace1; -1823; -1817; 18; 6; -1811; 12
vtrace1; -1177; -2354; -1268; -1177; -1268; -91
vtrace1; -1807; -1807; 0; 0; -1807; 0
vtrace1; 1; -3073; -5158; -3074; -2083; -2084
vtrace1; 617; -3162; -176; -3779; 4220; 3603
vtrace1; -2042; -2043; -1045; -1; -3086; -1044
vtrace1; -2135; -935; 4562; 1200; 1227; 3362
vtrace1; 0; 170; 2364; 170; 2194; 2194
vtrace1; -1229; -3366; -1264; -2137; -356; 873
vtrace1; 1188; 1187; 1349; -1; 2538; 1350
vtrace1; -2217; -4347; -4347; -2130; -4434; -2217
vtrace1; -163; 1059; 3338; 1222; 1953; 2116
vtrace1; -4752; -4753; 359; -1; -4392; 360
vtrace1; -3812; -7624; -7624; -3812; -7624; -3812
vtrace1; 2418; 213; 760; -2205; 5383; 2965
vtrace1; -1213; -1279; -1279; -66; -2426; -1213
vtrace1; -1060; 2062; 6244; 3122; 2062; 3122
vtrace1; -1226; -1225; 1588; 1; 361; 1587
vtrace1; 251; 502; 7707; 251; 7707; 7456
vtrace1; -591; -1182; -1182; -591; -1182; -591
vtrace1; -868; -867; 3214; 1; 2345; 3213
vtrace1; 1; -19; 407; -20; 428; 427
vtrace1; -80; -2285; -3081; -2205; -956; -876
vtrace1; 39; -392; -468; -431; 2; -37
vtrace1; -1057; 4112; 10338; 5169; 4112; 5169
vtrace1; -4411; -4941; -668; -530; -4549; -138
vtrace1; 574; 1148; 3953; 574; 3953; 3379
vtrace1; 2241; -389; -1945; -2630; 2926; 685
vtrace1; -676; -100; 1791; 576; 539; 1215
vtrace1; -844; -396; 408; 448; -884; -40
vtrace1; -511; 72; 2288; 583; 1194; 1705
vtrace1; -939; 266; 3399; 1205; 1255; 2194
vtrace1; -702; 511; 1796; 1213; -119; 583
vtrace1; -1169; -5314; -3979; -4145; -1003; 166
vtrace1; -4145; -902; 6486; 3243; -902; 3243
vtrace1; -3779; -7558; -7558; -3779; -7558; -3779
vtrace1; -6444; -8540; -4192; -2096; -8540; -2096
vtrace1; -1229; -140; 2178; 1089; -140; 1089
vtrace1; 2135; 1745; 1781; -390; 4306; 2171
vtrace1; -1227; -1236; -1236; -9; -2454; -1227
vtrace1; 0; -3317; -3294; -3317; 23; 23
vtrace1; 215; 430; 2294; 215; 2294; 2079
vtrace1; 166; 330; 911; 164; 913; 747
vtrace1; -2130; -2130; 2461; 0; 331; 2461
vtrace1; -3633; -7266; -3633; -3633; -3633; 0
vtrace1; 273; -272; -711; -545; 107; -166
vtrace1; 88; -445; -445; -533; 176; 88
vtrace1; 1; -6298; -3196; -6299; 3104; 3103
vtrace1; -291; -3154; -2862; -2863; -290; 1
vtrace1; -2194; -2300; 1110; -106; -978; 1216
vtrace1; -586; -902; -541; -316; -811; -225
vtrace1; 41; -3183; -2469; -3224; 796; 755
vtrace1; -2781; -2781; -459; 0; -3240; -459
vtrace1; 59; -984; 1025; -1043; 2127; 2068
vtrace1; 1; -4264; -2535; -4265; 1731; 1730
vtrace1; -2647; -158; 3544; 2489; -1592; 1055
vtrace1; 88; -958; -447; -1046; 687; 599
vtrace1; 2146; 2722; 5169; 576; 6739; 4593
vtrace1; -173; -804; 555; -631; 1013; 1186
vtrace1; -4204; -6568; -2365; -2364; -4205; -1
vtrace1; -2066; -4132; 2345; -2066; 2345; 4411
vtrace1; 1206; 2412; 3998; 1206; 3998; 2792
vtrace1; -2; -2; 1857; 0; 1855; 1857
vtrace1; -1013; -3081; -1481; -2068; -426; 587
vtrace1; -1874; -4180; -4612; -2306; -4180; -2306
vtrace1; -1219; -161; 2116; 1058; -161; 1058
vtrace1; -1751; -370; 1344; 1381; -1788; -37
vtrace1; -1140; -1140; -77; 0; -1217; -77
vtrace1; -1213; -290; 2129; 923; -7; 1206
vtrace1; -2364; -5934; -6959; -3570; -5753; -3389
vtrace1; -420; -217; 4304; 203; 3681; 4101
vtrace1; -659; -5190; -5190; -4531; -1318; -659
vtrace1; 1; -1; 386; -2; 389; 388
vtrace1; -4126; -5168; -1042; -1042; -4126; 0
vtrace1; 205; 221; 2272; 16; 2461; 2256
vtrace1; 187; -1094; 949; -1281; 2417; 2230
vtrace1; 1; -1819; -1819; -1820; 2; 1
vtrace1; -599; -617; 233; -18; -348; 251
vtrace1; -638; -511; 164; 127; -601; 37
vtrace1; 269; 1961; 4238; 1692; 2815; 2546
vtrace1; -484; -653; -653; -169; -968; -484
vtrace1; -1605; -1604; 5473; 1; 3867; 5472
vtrace1; -1353; -3127; -1854; -1774; -1433; -80
vtrace1; -1625; -3250; -1625; -1625; -1625; 0
vtrace1; 3178; 2121; 2121; -1057; 6356; 3178
vtrace1; -642; -642; 184; 0; -458; 184
vtrace1; 264; 895; 4226; 631; 3859; 3595
vtrace1; 4; -1158; 433; -1162; 1599; 1595
vtrace1; 629; -327; -957; -956; 628; -1
vtrace1; -1615; -1615; -1615; 0; -3230; -1615
vtrace1; 2166; 2167; 4413; 1; 6578; 4412
vtrace1; -1057; -2114; 129; -1057; 129; 1186
vtrace1; -2189; -4275; -1597; -2086; -1700; 489
vtrace1; 952; -267; 895; -1219; 3066; 2114
vtrace1; -1; 894; 3276; 895; 2380; 2381
vtrace1; 2367; 235; 143; -2132; 4642; 2275
vtrace1; -518; -506; 12; 12; -518; 0
vtrace1; 1; -191; 397; -192; 590; 589
vtrace1; 119; 377; 2327; 258; 2188; 2069
vtrace1; -2386; -7977; -5630; -5591; -2425; -39
vtrace1; -3143; -907; 1335; 2236; -4044; -901
vtrace1; -2205; -2872; 2029; -667; 491; 2696
vtrace1; -3198; -6396; -6227; -3198; -6227; -3029
vtrace1; -1325; -917; 816; 408; -917; 408
vtrace1; -5503; -7697; 5268; -2194; 1959; 7462
vtrace1; -695; -695; 143; 0; -552; 143
vtrace1; 2073; -1873; -3947; -3946; 2072; -1
vtrace1; -3552; -3318; -949; 234; -4735; -1183
vtrace1; -556; -557; 3714; -1; 3159; 3715
vtrace1; 344; -3782; -4204; -4126; 266; -78
vtrace1; -1; -3; 3287; -2; 3288; 3289
vtrace1; 587; -4039; -4428; -4626; 785; 198
vtrace1; -1901; -1875; 25; 26; -1902; -1
vtrace1; -560; -560; 0; 0; -560; 0
vtrace1; -2318; -4541; 1184; -2223; 1089; 3407
vtrace1; -682; -682; 143; 0; -539; 143
vtrace1; 1; -3207; -3208; -3208; 1; 0
vtrace1; 2694; 1792; 1792; -902; 5388; 2694
vtrace1; -1807; -2016; 1352; -209; -246; 1561
vtrace1; -1177; -2321; -1286; -1144; -1319; -142
vtrace1; -2130; -4260; -440; -2130; -440; 1690
vtrace1; 119; -437; -556; -556; 119; 0
vtrace1; 215; 1085; 2398; 870; 1743; 1528
vtrace1; -569; -568; 2; 1; -568; 1
vtrace1; -2872; -2519; 2517; 353; -708; 2164
vtrace1; 0; -1605; -3210; -1605; -1605; -1605
vtrace1; -1219; -302; 3022; 917; 886; 2105
vtrace1; -1311; -2622; -2477; -1311; -2477; -1166
vtrace1; 94; -957; -535; -1051; 610; 516
vtrace1; 177; -2045; -2045; -2222; 354; 177
vtrace1; -4377; -10676; -6283; -6299; -4361; 16
vtrace1; -3468; -3192; 275; 276; -3469; -1
vtrace1; 0; -614; -611; -614; 3; 3
vtrace1; 177; -2048; -2048; -2225; 354; 177
vtrace1; 1; 330; 3151; 329; 2823; 2822
vtrace1; -1058; -2116; 157; -1058; 157; 1215
vtrace1; -1057; -2114; 158; -1057; 158; 1215
vtrace1; -1057; -2114; 156; -1057; 156; 1213
vtrace1; -267; -534; 838; -267; 838; 1105
vtrace1; -561; -561; 75; 0; -486; 75
vtrace1; 1; -1055; -1171; -1056; -114; -115
vtrace1; -2774; -2454; -1791; 320; -4885; -2111
vtrace1; -1213; -2623; -2623; -1410; -2426; -1213
vtrace1; -3673; -7346; -5050; -3673; -5050; -1377
vtrace1; -1682; -593; 1255; 1089; -1516; 166
vtrace1; -1772; 394; 4332; 2166; 394; 2166
vtrace1; 1190; -2611; -5797; -3801; -806; -1996
vtrace1; -1341; -4458; -5250; -3117; -3474; -2133
vtrace1; -2427; -1372; -221; 1055; -3703; -1276
vtrace1; -3037; -3064; 1157; -27; -1853; 1184
vtrace1; -1219; -2438; -1344; -1219; -1344; -125
vtrace1; -1434; -1173; 2566; 261; 871; 2305
vtrace1; -4; -7316; -7255; -7312; 53; 57
vtrace1; -3323; -5914; -1268; -2591; -2000; 1323
vtrace1; -173; -2348; -2348; -2175; -346; -173
vtrace1; 34; 33; 2488; -1; 2523; 2489
vtrace1; -736; 432; 3963; 1168; 2059; 2795
vtrace1; -6422; -6256; 442; 166; -6146; 276
vtrace1; -2164; -6495; -8662; -4331; -6495; -4331
vtrace1; -2747; -5494; -484; -2747; -484; 2263
vtrace1; -819; -459; 360; 360; -819; 0
vtrace1; -1230; -4610; -6760; -3380; -4610; -3380
vtrace1; -2478; -1720; 1294; 758; -1942; 536
vtrace1; -1670; -3340; -1456; -1670; -1456; 214
vtrace1; -2132; -2013; 263; 119; -1988; 144
vtrace1; 1; -623; -589; -624; 36; 35
vtrace1; -106; -212; 7350; -106; 7350; 7456
vtrace1; -2130; -3196; -3196; -1066; -4260; -2130
vtrace1; -3008; -939; 2502; 2069; -2575; 433
vtrace1; -3092; -6184; -6184; -3092; -6184; -3092
vtrace1; -2225; -4026; -1670; -1801; -2094; 131
vtrace1; -708; 1838; 4710; 2546; 1456; 2164
vtrace1; 2157; 2486; 4515; 329; 6343; 4186
vtrace1; -1229; -1281; -1281; -52; -2458; -1229
vtrace1; 3411; 749; 1896; -2662; 7969; 4558
vtrace1; 550; -3085; -3085; -3635; 1100; 550
vtrace1; -1227; -1307; -1307; -80; -2454; -1227
vtrace1; -687; -3563; -2551; -2876; -362; 325
vtrace1; -18; -36; 568; -18; 568; 586
vtrace1; -196; -392; 3079; -196; 3079; 3275
vtrace1; -1; -1039; -1039; -1038; -2; -1
vtrace1; -2049; -5208; -1811; -3159; -701; 1348
vtrace1; 1786; 2095; 4867; 309; 6344; 4558
vtrace1; -3366; -3365; -537; 1; -3904; -538
vtrace1; 131; -1889; 3045; -2020; 5196; 5065
vtrace1; 820; -772; -2015; -1592; 397; -423
vtrace1; -1043; -1067; -48; -24; -1067; -24
vtrace1; 230; -783; -81; -1013; 1162; 932
vtrace1; 872; -2521; -3392; -3393; 873; 1
vtrace1; 1375; 1374; 1850; -1; 3226; 1851
vtrace1; -27; -54; 3314; -27; 3314; 3341
vtrace1; -390; -780; 905; -390; 905; 1295
vtrace1; 3397; 1876; 1876; -1521; 6794; 3397
vtrace1; -1812; -3624; 257; -1812; 257; 2069
vtrace1; 1; -560; -560; -561; 2; 1
vtrace1; 1; 2; 2542; 1; 2542; 2541
vtrace1; 863; -1265; -2128; -2128; 863; 0
vtrace1; 1; 920; 3183; 919; 2265; 2264
vtrace1; -77; -1143; -1143; -1066; -154; -77
vtrace1; -173; -329; 2100; -156; 2083; 2256
vtrace1; -2222; -4630; -5788; -2408; -5602; -3380
vtrace1; 0; -9; 3274; -9; 3283; 3283
vtrace1; 311; 1166; 2215; 855; 1671; 1360
vtrace1; 532; -1413; -3080; -1945; -603; -1135
vtrace1; 0; 0; 2544; 0; 2544; 2544
vtrace1; -3117; -6234; -6234; -3117; -6234; -3117
vtrace1; 587; 1182; 2664; 595; 2656; 2069
vtrace1; -1974; -1940; 45; 34; -1963; 11
vtrace1; 1727; 1662; 2210; -65; 4002; 2275
vtrace1; -1143; -577; 4374; 566; 2665; 3808
vtrace1; 100; 100; 1062; 0; 1162; 1062
vtrace1; -2098; -30; 2234; 2068; -1932; 166
vtrace1; -3746; -7492; -4969; -3746; -4969; -1223
vtrace1; -354; 1781; 4270; 2135; 1781; 2135
vtrace1; 1255; -968; -1033; -2223; 2445; 1190
vtrace1; -3232; -3232; -642; 0; -3874; -642
vtrace1; -94; -1317; -1135; -1223; -6; 88
vtrace1; -1690; -3380; -1460; -1690; -1460; 230
vtrace1; -3154; -3178; 904; -24; -2226; 928
vtrace1; 4; -571; -575; -575; 4; 0
vtrace1; -2205; -3128; -924; -923; -2206; -1
vtrace1; 216; -2901; -4137; -3117; -804; -1020
vtrace1; -2189; -4666; -5124; -2477; -4836; -2647
vtrace1; -1636; -2021; 1066; -385; -185; 1451
vtrace1; -1; -6649; -6649; -6648; -2; -1
vtrace1; -9; -1051; -1051; -1042; -18; -9
vtrace1; -4531; -3944; 587; 587; -4531; 0
vtrace1; -2211; -4422; -4422; -2211; -4422; -2211
vtrace1; 0; -271; 593; -271; 864; 864
vtrace1; -893; 1818; 5457; 2711; 1853; 2746
vtrace1; -2225; -4450; -4450; -2225; -4450; -2225
vtrace1; 1982; 3964; 9430; 1982; 9430; 7448
vtrace1; -2226; -4452; -4452; -2226; -4452; -2226
vtrace1; -986; -1972; -978; -986; -978; 8
vtrace1; 793; 401; 1043; -392; 2228; 1435
vtrace1; -1582; -376; 2412; 1206; -376; 1206
vtrace1; -2096; -2555; -1169; -459; -2806; -710
vtrace1; -285; -2421; -2299; -2136; -448; -163
vtrace1; -1190; -1328; -8; -138; -1060; 130
vtrace1; 0; -540; -540; -540; 0; 0
vtrace1; 1294; 3451; 6027; 2157; 5164; 3870
vtrace1; -4145; -8290; -6633; -4145; -6633; -2488
vtrace1; -1219; -890; 658; 329; -890; 329
vtrace1; -14; -3355; -2551; -3341; 776; 790
vtrace1; -78; -34; 1939; 44; 1817; 1895
vtrace1; 2157; 2158; 3119; 1; 5275; 3118
vtrace1; -316; -2510; -2912; -2194; -1034; -718
vtrace1; 0; -1221; -1222; -1221; -1; -1
vtrace1; -3313; -3340; 61; -27; -3225; 88
vtrace1; 2146; 3544; 5991; 1398; 6739; 4593
vtrace1; -2353; -2549; -237; -196; -2394; -41
vtrace1; -229; -6651; -3728; -6422; 2465; 2694
vtrace1; -1441; -1345; -1131; 96; -2668; -1227
vtrace1; -909; -3101; -1642; -2192; -359; 550
vtrace1; -2283; -4566; -1699; -2283; -1699; 584
vtrace1; -3320; -1079; 4482; 2241; -1079; 2241
vtrace1; 78; -2199; 511; -2277; 2866; 2788
vtrace1; -1243; -4360; -2012; -3117; -138; 1105
vtrace1; -2132; -2693; -1122; -561; -2693; -561
vtrace1; -4379; -2300; 4158; 2079; -2300; 2079
vtrace1; -2638; -569; 2773; 2069; -1934; 704
vtrace1; -2132; -4742; -5220; -2610; -4742; -2610
vtrace1; 2157; 1827; 1827; -330; 4314; 2157
vtrace1; -1226; -1392; -1392; -166; -2452; -1226
vtrace1; 1371; -538; -1918; -1909; 1362; -9
vtrace1; -1; -2223; -2489; -2222; -268; -267
vtrace1; 478; -121; 689; -599; 1766; 1288
vtrace1; 433; 866; 2123; 433; 2123; 1690
vtrace1; -4822; -7607; -2641; -2785; -4678; 144
vtrace1; -1817; -3482; -2703; -1665; -2855; -1038
vtrace1; 1; -2004; -2005; -2005; 1; 0
vtrace1; -3372; -3372; 0; 0; -3372; 0
vtrace1; -3372; -3371; 1; 1; -3372; 0
vtrace1; 1751; -254; -254; -2005; 3502; 1751
vtrace1; 0; -251; 447; -251; 698; 698
vtrace1; -1182; -2364; -1355; -1182; -1355; -173
vtrace1; -3253; -4452; 2014; -1199; -40; 3213
vtrace1; -1685; -3910; -2220; -2225; -1680; 5
vtrace1; -166; -1385; -2438; -1219; -1385; -1219
vtrace1; -1230; -1396; -1396; -166; -2460; -1230
vtrace1; -870; -1309; 721; -439; 290; 1160
vtrace1; 0; -917; -1834; -917; -917; -917
vtrace1; -15; -30; 633; -15; 633; 648
vtrace1; -61; -4388; -1223; -4327; 3043; 3104
vtrace1; -4331; -4014; 316; 317; -4332; -1
vtrace1; -5348; -5428; -1398; -80; -6666; -1318
vtrace1; -3159; -5637; -3521; -2478; -4202; -1043
vtrace1; -2682; -2779; -714; -97; -3299; -617
vtrace1; -3737; -8148; -4951; -4411; -4277; -540
vtrace1; -2236; -4472; -4472; -2236; -4472; -2236
vtrace1; -1219; -2438; -4; -1219; -4; 1215
vtrace1; 157; -900; 1087; -1057; 2301; 2144
vtrace1; 2194; 1761; 1761; -433; 4388; 2194
vtrace1; 2556; 3335; 4171; 779; 5948; 3392
vtrace1; -2222; -4444; -4444; -2222; -4444; -2222
vtrace1; -5138; -5577; -5624; -439; -10323; -5185
vtrace1; -1403; -6255; -4622; -4852; -1173; 230
vtrace1; -3143; -5277; -4910; -2134; -5919; -2776
vtrace1; -2162; -3290; -3290; -1128; -4324; -2162
vtrace1; 184; 220; 2341; 36; 2489; 2305
vtrace1; -1; -1; 586; 0; 585; 586
vtrace1; 0; 998; 1996; 998; 998; 998
vtrace1; -1; -534; -437; -533; 95; 96
vtrace1; 1463; 1147; 1812; -316; 3591; 2128
vtrace1; -2223; -4446; -4446; -2223; -4446; -2223
vtrace1; -2189; -4836; -5869; -2647; -5411; -3222
vtrace1; -1214; 8; 2444; 1222; 8; 1222
vtrace1; 0; -6444; -6760; -6444; -316; -316
vtrace1; -3198; -3738; 3063; -540; 405; 3603
vtrace1; -37; -7; 586; 30; 519; 556
vtrace1; -2144; -9; 3600; 2135; -679; 1465
vtrace1; 234; -800; 1082; -1034; 2350; 2116
vtrace1; -1996; -4129; -3351; -2133; -3214; -1218
vtrace1; -2027; -2027; -1404; 0; -3431; -1404
vtrace1; -66; -132; 636; -66; 636; 702
vtrace1; 2158; 2322; 4576; 164; 6570; 4412
vtrace1; -1219; -2438; -13; -1219; -13; 1206
vtrace1; 1115; 259; 1525; -856; 3496; 2381
vtrace1; 327; -856; -856; -1183; 654; 327
vtrace1; 457; 433; 2187; -24; 2668; 2211
vtrace1; -3199; -2156; 981; 1043; -3261; -62
vtrace1; -303; -3154; -1638; -2851; 910; 1213
vtrace1; 327; -2790; -4315; -3117; -871; -1198
vtrace1; -1437; -2745; -2529; -1308; -2658; -1221
vtrace1; -4822; -4615; -2580; 207; -7609; -2787
vtrace1; 215; 966; 4479; 751; 3943; 3728
vtrace1; 603; -3386; -4507; -3989; 85; -518
vtrace1; -2192; -4384; -4384; -2192; -4384; -2192
vtrace1; -448; 244; 3092; 692; 1952; 2400
vtrace1; 3303; 2057; 2057; -1246; 6606; 3303
vtrace1; -1; 3019; 6040; 3020; 3019; 3020
vtrace1; -2205; -4410; -4410; -2205; -4410; -2205
vtrace1; -2594; -2116; 648; 478; -2424; 170
vtrace1; -930; -931; -931; -1; -1860; -930
vtrace1; -3195; -6390; -6390; -3195; -6390; -3195
vtrace1; 2684; 1516; 670; -1168; 4522; 1838
vtrace1; -3280; -6560; -2083; -3280; -2083; 1197
vtrace1; -1228; -1227; -37; 1; -1266; -38
vtrace1; -1219; 3; 2444; 1222; 3; 1222
vtrace1; 0; -3920; -4000; -3920; -80; -80
vtrace1; -4204; 3279; 14966; 7483; 3279; 7483
vtrace1; -3742; -3155; 1174; 587; -3155; 587
vtrace1; -1219; -5364; -4145; -4145; -1219; 0
vtrace1; 14; -542; -557; -556; 13; -1
vtrace1; -2712; -7892; -1905; -5180; 563; 3275
vtrace1; 78; -2007; -2007; -2085; 156; 78
vtrace1; -5518; -6344; -466; -826; -5158; 360
vtrace1; 0; 498; 2572; 498; 2074; 2074
vtrace1; 832; 832; 3191; 0; 4023; 3191
vtrace1; -1389; -4154; -1353; -2765; 23; 1412
vtrace1; 0; 293; 3978; 293; 3685; 3685
vtrace1; -3159; -1759; 2677; 1400; -1882; 1277
vtrace1; -679; -1358; -1235; -679; -1235; -556
vtrace1; 682; 3091; 6115; 2409; 4388; 3706
vtrace1; -1230; -1230; -1; 0; -1231; -1
vtrace1; -3198; -6396; -6396; -3198; -6396; -3198
vtrace1; -2477; -4098; 543; -1621; -313; 2164
vtrace1; -2630; -1425; 3446; 1205; -389; 2241
vtrace1; -679; -679; 0; 0; -679; 0
vtrace1; -166; -1274; -1109; -1108; -167; -1
vtrace1; -578; -3419; -4003; -2841; -1740; -1162
vtrace1; 3064; -984; -1792; -4048; 5320; 2256
vtrace1; -3199; -6398; -6398; -3199; -6398; -3199
vtrace1; -2477; -533; 3888; 1944; -533; 1944
vtrace1; -6444; -6192; -980; 252; -7676; -1232
vtrace1; 0; -2134; -4010; -2134; -1876; -1876
vtrace1; 2301; 2240; 3117; -61; 5479; 3178
vtrace1; 1690; 1690; 2211; 0; 3901; 2211
vtrace1; -1691; -3902; -2212; -2211; -1692; -1
vtrace1; -2135; -4270; -1919; -2135; -1919; 216
vtrace1; 692; 3101; 6091; 2409; 4374; 3682
vtrace1; -3554; -4145; -1182; -591; -4145; -591
vtrace1; -65; -65; 2006; 0; 1941; 2006
vtrace1; -3199; -3192; 1874; 7; -1332; 1867
vtrace1; -1228; -3314; -4172; -2086; -3314; -2086
vtrace1; 1557; -2820; -2820; -4377; 3114; 1557
vtrace1; 119; -286; 2662; -405; 3186; 3067
vtrace1; -3253; -6066; -5626; -2813; -6066; -2813
vtrace1; -2277; -4554; -4554; -2277; -4554; -2277
vtrace1; 1; -1929; -603; -1930; 1328; 1327
vtrace1; -1398; 0; 4009; 1398; 1213; 2611
vtrace1; -2190; -2145; -400; 45; -2635; -445
vtrace1; -1566; -970; 341; 596; -1821; -255
vtrace1; 1; -2176; 519; -2177; 2697; 2696
vtrace1; 427; 2836; 6323; 2409; 4341; 3914
vtrace1; -3092; -4315; -3616; -1223; -5485; -2393
vtrace1; -2045; -4189; -3342; -2144; -3243; -1198
vtrace1; 0; -813; 2591; -813; 3404; 3404
vtrace1; -3441; -6882; -3440; -3441; -3440; 1
vtrace1; 698; 275; 6694; -423; 7815; 7117
vtrace1; 157; -2120; -2855; -2277; -421; -578
vtrace1; 39; -2011; -2011; -2050; 78; 39
vtrace1; -3368; -6736; -3368; -3368; -3368; 0
vtrace1; -819; -1106; -1095; -287; -1627; -808
vtrace1; -3004; -3005; -3005; -1; -6008; -3004
vtrace1; -186; 292; 2163; 478; 1499; 1685
vtrace1; -65; -821; -526; -756; 165; 230
vtrace1; -3380; -6760; -3380; -3380; -3380; 0
vtrace1; -688; -588; 200; 100; -588; 100
vtrace1; -142; -3337; -2456; -3195; 597; 739
vtrace1; -4531; -2150; 1889; 2381; -5023; -492
vtrace1; -1042; -2260; -234; -1218; -58; 984
vtrace1; 2250; 2291; 3163; 41; 5372; 3122
vtrace1; 2652; 602; 96; -2050; 4798; 2146
vtrace1; -2037; -1871; 1423; 166; -780; 1257
vtrace1; -3380; -3417; -628; -37; -3971; -591
vtrace1; -813; -813; 3390; 0; 2577; 3390
vtrace1; -1219; -2438; -103; -1219; -103; 1116
vtrace1; 2361; -452; -2975; -2813; 2199; -162
vtrace1; -22; -1276; -1255; -1254; -23; -1
vtrace1; -420; -840; -840; -420; -840; -420
vtrace1; 101; -2125; 560; -2226; 2887; 2786
vtrace1; 433; -1708; -451; -2141; 2123; 1690
vtrace1; -1; -157; 663; -156; 818; 819
vtrace1; 504; -1019; -399; -1523; 1628; 1124
vtrace1; -1879; -3758; -2900; -1879; -2900; -1021
vtrace1; -2283; -4566; -4566; -2283; -4566; -2283
vtrace1; -948; -4640; -3745; -3692; -1001; -53
vtrace1; -2487; -3651; -1502; -1164; -2825; -338
vtrace1; -246; -2796; -2549; -2550; -245; 1
vtrace1; -2205; -2354; -398; -149; -2454; -249
vtrace1; -3630; -5045; -4482; -1415; -6697; -3067
vtrace1; -385; -770; -770; -385; -770; -385
vtrace1; -2651; -2711; -684; -60; -3275; -624
vtrace1; -2610; -2671; -61; -61; -2610; 0
vtrace1; 532; -1413; -2501; -1945; -24; -556
vtrace1; -2132; -2050; 164; 82; -2050; 82
vtrace1; -2277; -969; 1609; 1308; -1976; 301
vtrace1; -1227; -3325; -4196; -2098; -3325; -2098
vtrace1; -3375; -6750; -3374; -3375; -3374; 1
vtrace1; -1311; -2622; -2622; -1311; -2622; -1311
vtrace1; -420; -786; -888; -366; -942; -522
vtrace1; -170; -1858; -393; -1688; 1125; 1295
vtrace1; 1049; 197; 197; -852; 2098; 1049
vtrace1; -2132; -2032; 200; 100; -2032; 100
vtrace1; -3253; -8433; -10365; -5180; -8438; -5185
vtrace1; 36; -610; -646; -646; 36; 0
vtrace1; 0; -676; -676; -676; 0; 0
vtrace1; -4752; -4751; 2; 1; -4751; 1
vtrace1; 587; 426; 2093; -161; 2841; 2254
vtrace1; -3354; -9258; -8096; -5904; -5546; -2192
vtrace1; 2379; -4029; -6404; -6408; 2383; 4
vtrace1; -4331; -4023; 243; 308; -4396; -65
vtrace1; 708; 1416; 3997; 708; 3997; 3289
vtrace1; 2079; 2077; 4636; -2; 6717; 4638
vtrace1; -2991; -2799; -374; 192; -3557; -566
vtrace1; -390; -780; -780; -390; -780; -390
vtrace1; 1539; 1792; 2553; 253; 3839; 2300
vtrace1; -177; -1773; -3192; -1596; -1773; -1596
vtrace1; 0; 0; 1215; 0; 1215; 1215
vtrace1; 0; -726; -726; -726; 0; 0
vtrace1; 4; 8; 1209; 4; 1209; 1205
vtrace1; -1066; -1067; 1770; -1; 705; 1771
vtrace1; -2627; -1768; 5271; 859; 1785; 4412
vtrace1; -1229; -7651; -4189; -6422; 1004; 2233
vtrace1; -4331; -2203; 4244; 2128; -2215; 2116
vtrace1; -1230; -1302; -73; -72; -1231; -1
vtrace1; -48; -2482; 667; -2434; 3053; 3101
vtrace1; -2144; -2088; 112; 56; -2088; 56
vtrace1; 0; 1153; 2671; 1153; 1518; 1518
vtrace1; -1230; -4322; -4151; -3092; -2289; -1059
vtrace1; -2696; -3004; -2001; -308; -4389; -1693
vtrace1; -444; -888; -888; -444; -888; -444
vtrace1; -60; 88; 1364; 148; 1156; 1216
vtrace1; -2478; -3288; 1761; -810; 93; 2571
vtrace1; -2076; -2634; -558; -558; -2076; 0
vtrace1; 1058; -862; -1666; -1920; 1312; 254
vtrace1; -1; 7450; 14902; 7451; 7450; 7451
vtrace1; 321; 1800; 3720; 1479; 2562; 2241
vtrace1; 214; -2729; -2293; -2943; 864; 650
vtrace1; 433; -1697; -440; -2130; 2123; 1690
vtrace1; -2869; -5738; -469; -2869; -469; 2400
vtrace1; -1587; -4516; -4505; -2929; -3163; -1576
vtrace1; -1223; -1226; -6; -3; -1226; -3
vtrace1; 532; 540; 2702; 8; 3226; 2694
vtrace1; 433; -1703; -446; -2136; 2123; 1690
vtrace1; -3298; -1759; 596; 1539; -4241; -943
vtrace1; -2027; -4820; -4197; -2793; -3431; -1404
vtrace1; -547; -2597; -2176; -2050; -673; -126
vtrace1; -1; -1; 7462; 0; 7461; 7462
vtrace1; -5242; -4094; 1148; 1148; -5242; 0
vtrace1; -1176; -2681; -1506; -1505; -1177; -1
vtrace1; -6408; -6449; -371; -41; -6738; -330
vtrace1; -1844; -846; 1996; 998; -846; 998
vtrace1; 1; 216; 1365; 215; 1151; 1150
vtrace1; -2; -4; 2112; -2; 2112; 2114
vtrace1; -2272; -2954; -1141; -682; -2731; -459
vtrace1; 14; -2413; -2126; -2427; 315; 301
vtrace1; -311; -6719; -6409; -6408; -312; -1
vtrace1; -3195; -9639; -6344; -6444; -3095; 100
vtrace1; -217; -2091; -1874; -1874; -217; 0
vtrace1; -2217; -5910; -5910; -3693; -4434; -2217
vtrace1; -1057; 113; 2340; 1170; 113; 1170
vtrace1; -52; -6496; -5370; -6444; 1022; 1074
vtrace1; -2771; -3892; -2033; -1121; -3683; -912
vtrace1; -163; 4037; 8400; 4200; 4037; 4200
vtrace1; -3320; -5784; -4857; -2464; -5713; -2393
vtrace1; -2738; -104; 6820; 2634; 1448; 4186
vtrace1; -1057; 2186; 6486; 3243; 2186; 3243
vtrace1; 2300; 2301; 3105; 1; 5404; 3104
vtrace1; 15; -3059; -3353; -3074; -264; -279
vtrace1; 2140; 1967; 1967; -173; 4280; 2140
vtrace1; -3364; -2952; 642; 412; -3134; 230
vtrace1; 0; -2128; -2128; -2128; 0; 0
vtrace1; 7; -1529; -2092; -1536; -549; -556
vtrace1; 2217; 4375; 7400; 2158; 7459; 5242
vtrace1; -1; -3442; -3385; -3441; 55; 56
vtrace1; -2477; -2421; 433; 56; -2100; 377
vtrace1; -2177; -724; 3609; 1453; -21; 2156
vtrace1; 1308; 2616; 5494; 1308; 5494; 4186
vtrace1; 7464; 7464; 7464; 0; 14928; 7464
vtrace1; 1; 235; 1343; 234; 1110; 1109
vtrace1; -166; -6578; -6578; -6412; -332; -166
vtrace1; 525; 133; 2844; -392; 3761; 3236
vtrace1; 230; -1634; -893; -1864; 1201; 971
vtrace1; -3260; -5389; -6255; -2129; -7386; -4126
vtrace1; -2205; -2639; -506; -434; -2277; -72
vtrace1; -730; 2005; 5470; 2735; 2005; 2735
vtrace1; -2225; -4450; 876; -2225; 876; 3101
vtrace1; -3159; -4153; -2305; -994; -4470; -1311
vtrace1; -6444; -12888; -8540; -6444; -8540; -2096
vtrace1; 101; -927; -748; -1028; 381; 280
vtrace1; 1; -4410; -2782; -4411; 1630; 1629
vtrace1; -1376; -2752; -2752; -1376; -2752; -1376
vtrace1; -2132; -2127; 10; 5; -2127; 5
vtrace1; 1650; -2681; -4368; -4331; 1613; -37
vtrace1; -390; -2202; -2202; -1812; -780; -390
vtrace1; -736; -737; 25; -1; -710; 26
vtrace1; -3381; -2191; 1367; 1190; -3204; 177
vtrace1; 2116; 2117; 4699; 1; 6814; 4698
vtrace1; -1229; -5606; -5606; -4377; -2458; -1229
vtrace1; -1066; -2132; -268; -1066; -268; 798
vtrace1; -2610; -6814; -4912; -4204; -3318; -708
vtrace1; -1226; -3361; -4270; -2135; -3361; -2135
vtrace1; -3882; -3876; 5175; 6; 1287; 5169
vtrace1; -1056; -1578; -1580; -522; -2114; -1058
vtrace1; -1227; -3362; -4270; -2135; -3362; -2135
vtrace1; -169; -1226; 887; -1057; 1775; 1944
vtrace1; -3489; -2339; 1512; 1150; -3127; 362
vtrace1; -2657; -3420; -774; -763; -2668; -11
vtrace1; -2132; -2129; 6; 3; -2129; 3
vtrace1; -2130; -251; 2093; 1879; -1916; 214
vtrace1; -1219; -1291; -144; -72; -1291; -72
vtrace1; -1230; -1296; -132; -66; -1296; -66
vtrace1; -2860; -7391; -3941; -4531; -2270; 590
vtrace1; -4411; -3307; -1025; 1104; -6540; -2129
vtrace1; -1513; 2612; 8250; 4125; 2612; 4125
vtrace1; 0; -163; 721; -163; 884; 884
vtrace1; -2132; -3330; -3330; -1198; -4264; -2132
vtrace1; 1; 1582; 3410; 1581; 1830; 1829
vtrace1; -611; -772; 4025; -161; 3575; 4186
vtrace1; -2132; -3331; -3331; -1199; -4264; -2132
vtrace1; 1; -71; 4053; -72; 4126; 4125
vtrace1; 3191; 6150; 10421; 2959; 10653; 7462
vtrace1; 498; -2281; -3210; -2779; 67; -431
vtrace1; -3099; -983; 3820; 2116; -1395; 1704
vtrace1; -1615; -1866; -1866; -251; -3230; -1615
vtrace1; -3461; -3461; 1; 0; -3460; 1
vtrace1; 1690; 1683; 1683; -7; 3380; 1690
vtrace1; -211; -2670; -2460; -2459; -212; -1
vtrace1; -1; 1204; 2800; 1205; 1594; 1595
vtrace1; -3461; -3461; 0; 0; -3461; 0
vtrace1; -7497; -5640; 3396; 1857; -5958; 1539
vtrace1; -5180; -4630; 1100; 550; -4630; 550
vtrace1; 1; -2095; 646; -2096; 2743; 2742
vtrace1; 57; 56; 1317; -1; 1375; 1318
vtrace1; 1; 243; 2696; 242; 2455; 2454
vtrace1; 1430; -842; -842; -2272; 2860; 1430
vtrace1; 1188; -570; -558; -1758; 2388; 1200
vtrace1; 301; 602; 1049; 301; 1049; 748
vtrace1; -2738; -2740; -2; -2; -2738; 0
vtrace1; -2354; -2349; -387; 5; -2746; -392
vtrace1; 2166; 2221; 4693; 55; 6804; 4638
vtrace1; -736; -735; 0; 1; -737; -1
vtrace1; 96; -2115; -2115; -2211; 192; 96
vtrace1; -3224; -6448; -843; -3224; -843; 2381
vtrace1; 2427; 2428; 4411; 1; 6837; 4410
vtrace1; 56; -3385; -5552; -3441; -2055; -2111
vtrace1; -1893; -4921; -3027; -3028; -1892; 1
vtrace1; -614; -1974; -2878; -1360; -2132; -1518
vtrace1; 1; -833; -717; -834; 118; 117
vtrace1; -3170; -1987; 2366; 1183; -1987; 1183
vtrace1; 117; 234; 1307; 117; 1307; 1190
vtrace1; -1889; -2151; -238; -262; -1865; 24
vtrace1; -3249; -3248; 395; 1; -2855; 394
vtrace1; -4822; -6936; 667; -2114; -2041; 2781
vtrace1; -646; -1292; -1292; -646; -1292; -646
vtrace1; -1475; -3409; -1933; -1934; -1474; 1
vtrace1; 2027; -193; -659; -2220; 3588; 1561
vtrace1; -682; -1364; -1364; -682; -1364; -682
vtrace1; -1059; -2118; 394; -1059; 394; 1453
vtrace1; -4911; -4910; 5; 1; -4907; 4
vtrace1; -7402; -8188; -787; -786; -7403; -1
vtrace1; -1219; -3349; -4260; -2130; -3349; -2130
vtrace1; -1; -2977; -3409; -2976; -434; -433
vtrace1; -1057; -3445; -1674; -2388; -343; 714
vtrace1; 433; 866; 3662; 433; 3662; 3229
vtrace1; -1057; -891; 332; 166; -891; 166
vtrace1; -389; -3642; -3642; -3253; -778; -389
vtrace1; 2180; -502; 1256; -2682; 6118; 3938
vtrace1; -834; -834; 21; 0; -813; 21
vtrace1; -2128; -4256; -3358; -2128; -3358; -1230
vtrace1; 192; -2463; -2925; -2655; -78; -270
vtrace1; -1477; -2954; -2643; -1477; -2643; -1166
vtrace1; 1055; 1866; 3067; 811; 3311; 2256
vtrace1; -565; -5703; -10276; -5138; -5703; -5138
vtrace1; 1104; 3070; 7135; 1966; 6273; 5169
vtrace1; -4204; -8408; -5402; -4204; -5402; -1198
vtrace1; 550; 1198; 2911; 648; 2813; 2263
vtrace1; -1229; -3360; -4262; -2131; -3360; -2131
vtrace1; -819; -819; 0; 0; -819; 0
vtrace1; -1768; -2930; -2422; -1162; -3028; -1260
vtrace1; 252; -3440; -6426; -3692; -2482; -2734
vtrace1; 1043; 2086; 4450; 1043; 4450; 3407
vtrace1; 1507; -3504; -7597; -5011; -1079; -2586
vtrace1; -846; -846; 24; 0; -822; 24
vtrace1; -2236; -3297; 135; -1061; -1040; 1196
vtrace1; -1; -3373; -5451; -3372; -2080; -2079
vtrace1; 0; 0; 1353; 0; 1353; 1353
vtrace1; -1056; 240; 2518; 1296; 166; 1222
vtrace1; -825; -825; 0; 0; -825; 0
vtrace1; -828; 287; 2230; 1115; 287; 1115
vtrace1; 698; -1574; -842; -2272; 2128; 1430
vtrace1; -2477; 507; 5968; 2984; 507; 2984
vtrace1; -2794; -6991; -4196; -4197; -2793; 1
vtrace1; -2785; -5570; -2093; -2785; -2093; 692
vtrace1; -2096; -906; 2763; 1190; -523; 1573
vtrace1; -610; -651; 4060; -41; 3491; 4101
vtrace1; -1; -2129; -2127; -2128; 0; 1
vtrace1; 1091; -672; -1811; -1763; 1043; -48
vtrace1; -2132; 3037; 10338; 5169; 3037; 5169
vtrace1; -4917; -4915; 80; 2; -4839; 78
vtrace1; -2453; -4503; -976; -2050; -1379; 1074
vtrace1; -2976; -3409; -433; -433; -2976; 0
vtrace1; 855; 264; 1849; -591; 3295; 2440
vtrace1; -1605; -3210; -3210; -1605; -3210; -1605
vtrace1; -909; -1500; -1819; -591; -2137; -1228
vtrace1; -3566; -2921; 646; 645; -3565; 1
vtrace1; 166; -2444; -2254; -2610; 522; 356
vtrace1; -1884; -5665; -1610; -3781; 287; 2171
vtrace1; -2144; -4288; -3357; -2144; -3357; -1213
vtrace1; -2807; -4166; -2718; -1359; -4166; -1359
vtrace1; -185; -6593; -6663; -6408; -440; -255
vtrace1; -2130; -4740; -4740; -2610; -4260; -2130
vtrace1; -3576; -3825; -3444; -249; -6771; -3195
vtrace1; -736; -961; 2080; -225; 1569; 2305
vtrace1; -4752; -9504; -9504; -4752; -9504; -4752
vtrace1; -3891; -7782; -7782; -3891; -7782; -3891
vtrace1; 4093; 869; -1935; -3224; 5382; 1289
vtrace1; -965; -987; 1118; -22; 175; 1140
vtrace1; -420; -3296; -5752; -2876; -3296; -2876
vtrace1; 0; -65; -66; -65; -1; -1
vtrace1; -2104; 997; 6202; 3101; 997; 3101
vtrace1; -1; 772; 2158; 773; 1384; 1385
vtrace1; -4752; -9504; -6884; -4752; -6884; -2132
vtrace1; -1502; -477; 2050; 1025; -477; 1025
vtrace1; -1586; -3637; -1920; -2051; -1455; 131
vtrace1; 806; 2920; 6752; 2114; 5444; 4638
vtrace1; 194; -762; -949; -956; 201; 7
vtrace1; -1089; -912; 354; 177; -912; 177
vtrace1; -2192; -115; 4310; 2077; 41; 2233
vtrace1; -481; -962; 1172; -481; 1172; 1653
vtrace1; 846; -3299; -2242; -4145; 2749; 1903
vtrace1; 117; 330; 1323; 213; 1227; 1110
vtrace1; -9; -18; 809; -9; 809; 818
vtrace1; -599; -3249; -182; -2650; 1869; 2468
vtrace1; 0; 1669; 3338; 1669; 1669; 1669
vtrace1; -1625; -3250; -3250; -1625; -3250; -1625
vtrace1; 0; 216; 1376; 216; 1160; 1160
vtrace1; -1227; -1539; -1539; -312; -2454; -1227
vtrace1; 214; 428; 1272; 214; 1272; 1058
vtrace1; 277; 10; 2468; -267; 3012; 2735
vtrace1; 0; -4904; -4904; -4904; 0; 0
vtrace1; 532; -93; 809; -625; 1966; 1434
vtrace1; 1; -77; 745; -78; 824; 823
vtrace1; -1229; 89; 2636; 1318; 89; 1318
vtrace1; -1522; -2865; -1336; -1343; -1515; 7
vtrace1; -2594; -5188; -4958; -2594; -4958; -2364
vtrace1; -3499; -5514; -3392; -2015; -4876; -1377
vtrace1; 0; -2079; -87; -2079; 1992; 1992
vtrace1; 325; 326; 1063; 1; 1387; 1062
vtrace1; -1615; -3230; -3230; -1615; -3230; -1615
vtrace1; -2; -2; -1; 0; -3; -1
vtrace1; -65; -130; -65; -65; -65; 0
vtrace1; -1; -2; -1; -1; -1; 0
vtrace1; -1; -1; -1; 0; -2; -1
vtrace1; 0; -2; -3; -2; -1; -1
vtrace1; -839; -839; 0; 0; -839; 0
vtrace1; -6444; -6170; 187; 274; -6531; -87
vtrace1; 2068; 2054; 2054; -14; 4136; 2068
vtrace1; -1226; -1011; 430; 215; -1011; 215
vtrace1; -1219; -1392; -175; -173; -1221; -2
vtrace1; 4200; 74; 74; -4126; 8400; 4200
vtrace1; 4255; 1678; -127; -2577; 6705; 2450
vtrace1; 6; 5; 5; -1; 12; 6
vtrace1; -17; -2017; -2061; -2000; -78; -61
vtrace1; 16; 15; 15; -1; 32; 16
vtrace1; -4726; -3296; 4097; 1430; -2059; 2667
vtrace1; 466; -2161; -2590; -2627; 503; 37
vtrace1; 1690; 1690; 1690; 0; 3380; 1690
vtrace1; -185; -370; 2373; -185; 2373; 2558
vtrace1; -539; 1101; 2770; 1640; 591; 1130
vtrace1; 3243; -3165; -3165; -6408; 6486; 3243
vtrace1; -2065; -4130; -2065; -2065; -2065; 0
vtrace1; -1722; -2233; -511; -511; -1722; 0
vtrace1; 43; 78; 1402; 35; 1410; 1367
vtrace1; -2277; -2277; 0; 0; -2277; 0
vtrace1; -1213; 74; 2574; 1287; 74; 1287
vtrace1; -78; -143; -65; -65; -78; 0
vtrace1; -2434; -2481; -377; -47; -2764; -330
vtrace1; 0; -2459; -2151; -2459; 308; 308
vtrace1; -15; -4155; -4139; -4140; -14; 1
vtrace1; 542; -2838; -3375; -3380; 547; 5
vtrace1; -41; -82; -40; -41; -40; 1
vtrace1; -1414; -2108; -694; -694; -1414; 0
vtrace1; -1305; -5450; -8290; -4145; -5450; -4145
vtrace1; -41; -82; -41; -41; -41; 0
vtrace1; -1823; -1819; -268; 4; -2095; -272
vtrace1; -1230; 1034; 3338; 2264; -156; 1074
vtrace1; -24; -48; -17; -24; -17; 7
vtrace1; -52; 36; 176; 88; 36; 88
vtrace1; 1; 426; 2730; 425; 2306; 2305
vtrace1; -4411; -4271; 2298; 140; -2253; 2158
vtrace1; -24; -24; -24; 0; -48; -24
vtrace1; 41; 27; 27; -14; 82; 41
vtrace1; -2137; -2137; -682; 0; -2819; -682
vtrace1; -3159; -4349; -2367; -1190; -4336; -1177
vtrace1; 829; 1999; 3336; 1170; 2995; 2166
vtrace1; -1998; -8420; -7605; -6422; -3181; -1183
vtrace1; 276; 552; 2540; 276; 2540; 2264
vtrace1; 170; -2307; -2307; -2477; 340; 170
vtrace1; -1245; -720; 1069; 525; -701; 544
vtrace1; -1389; -1705; -111; -316; -1184; 205
vtrace1; -965; 384; 2398; 1349; 84; 1049
vtrace1; 0; -170; 732; -170; 902; 902
vtrace1; -611; -923; 2069; -312; 1770; 2381
vtrace1; -80; -80; -80; 0; -160; -80
vtrace1; -2128; -2128; -2128; 0; -4256; -2128
vtrace1; -2458; -2339; -301; 119; -2878; -420
vtrace1; -1439; -1439; -659; 0; -2098; -659
vtrace1; -2138; -4276; -2138; -2138; -2138; 0
vtrace1; 210; -1009; -1009; -1219; 420; 210
vtrace1; -2992; -7323; -7323; -4331; -5984; -2992
vtrace1; 2284; -4124; -5090; -6408; 3602; 1318
vtrace1; 967; -76; -1043; -1043; 967; 0
vtrace1; 2069; 696; 696; -1373; 4138; 2069
vtrace1; 30; 60; 2757; 30; 2757; 2727
vtrace1; -186; -703; 1758; -517; 2089; 2275
vtrace1; -417; -416; 3292; 1; 2874; 3291
vtrace1; 974; 1295; 1900; 321; 2553; 1579
vtrace1; -2076; -2763; -756; -687; -2145; -69
vtrace1; -4197; -3819; 1386; 378; -3189; 1008
vtrace1; -2411; -4822; -1852; -2411; -1852; 559
vtrace1; -619; -1137; 678; -518; 577; 1196
vtrace1; -2111; -4222; -2111; -2111; -2111; 0
vtrace1; -2064; -1514; 550; 550; -2064; 0
vtrace1; 0; 45; 2833; 45; 2788; 2788
vtrace1; 117; 11; 11; -106; 234; 117
vtrace1; 55; -2134; -2188; -2189; 56; 1
vtrace1; -251; -2386; -2608; -2135; -724; -473
vtrace1; -2132; -2126; 1938; 6; -200; 1932
vtrace1; -5180; -6415; -1049; -1235; -4994; 186
vtrace1; -2189; -2707; -519; -518; -2190; -1
vtrace1; -518; -2649; -2280; -2131; -667; -149
vtrace1; -2099; -2790; -703; -691; -2111; -12
vtrace1; 0; -2227; -2226; -2227; 1; 1
vtrace1; -4204; -2819; 654; 1385; -4935; -731
vtrace1; 3118; -555; -316; -3673; 6475; 3357
vtrace1; -2813; -2813; 544; 0; -2269; 544
vtrace1; -735; -1470; -1470; -735; -1470; -735
vtrace1; -2828; -3432; -677; -604; -2901; -73
vtrace1; -81; -2167; -4172; -2086; -2167; -2086
vtrace1; -1; -5053; -6259; -5052; -1208; -1207
vtrace1; 814; -2381; -2381; -3195; 1628; 814
vtrace1; -736; -1472; -107; -736; -107; 629
vtrace1; -919; -920; 229; -1; -689; 230
vtrace1; 2; -2190; -2190; -2192; 4; 2
vtrace1; -484; -1683; -2428; -1199; -1713; -1229
vtrace1; 0; -2189; -2189; -2189; 0; 0
vtrace1; -2658; -3286; -898; -628; -2928; -270
vtrace1; -162; -324; 1006; -162; 1006; 1168
vtrace1; -2921; -1962; 3399; 959; -481; 2440
vtrace1; 0; 1; 35; 1; 34; 34
vtrace1; 0; 0; 34; 0; 34; 34
vtrace1; -1; 497; 2234; 498; 1735; 1736
vtrace1; -2478; -2312; 948; 166; -1696; 782
vtrace1; 1; -2191; -2191; -2192; 2; 1
vtrace1; -1198; -1510; -312; -312; -1198; 0
vtrace1; -229; -1364; -1364; -1135; -458; -229
vtrace1; -891; -1158; -534; -267; -1158; -267
vtrace1; 0; 253; 2938; 253; 2685; 2685
vtrace1; -3159; -6899; -3835; -3740; -3254; -95
vtrace1; 0; -75; -150; -75; -75; -75
vtrace1; -4145; -8290; -8290; -4145; -8290; -4145
vtrace1; -3143; -3499; 240; -356; -2547; 596
vtrace1; -3380; -3889; -184; -509; -3055; 325
vtrace1; -1227; -4425; -4425; -3198; -2454; -1227
vtrace1; -1727; -1793; -1793; -66; -3454; -1727
vtrace1; -1230; 6223; 14906; 7453; 6223; 7453
vtrace1; 4; 8; 127; 4; 127; 123
vtrace1; -1914; -1737; -308; 177; -2399; -485
vtrace1; -1; 1349; 2927; 1350; 1576; 1577
vtrace1; 0; 0; 1; 0; 1; 1
vtrace1; -769; -1538; -1367; -769; -1367; -598
vtrace1; -52; -104; -104; -52; -104; -52
vtrace1; -910; -3006; 1083; -2096; 2269; 3179
vtrace1; 0; 0; 0; 0; 0; 0
vtrace1; 1630; -929; 1850; -2559; 6039; 4409
vtrace1; 0; 1; 2; 1; 1; 1
vtrace1; -1; -2; -2; -1; -2; -1
vtrace1; -2177; -2694; -642; -517; -2302; -125
vtrace1; -2; -4; -4; -2; -4; -2
vtrace1; -1404; -1404; -201; 0; -1605; -201
vtrace1; 1; 1; 88; 0; 89; 88
vtrace1; -1229; -4427; -4427; -3198; -2458; -1229
vtrace1; -37; -74; -74; -37; -74; -37
vtrace1; -7312; -8503; -2382; -1191; -8503; -1191
vtrace1; -3441; -5420; 1215; -1979; -247; 3194
vtrace1; -571; 487; 2116; 1058; 487; 1058
vtrace1; 0; 1; 5; 1; 4; 4
vtrace1; 2334; 957; 1898; -1377; 5609; 3275
vtrace1; -619; -3053; -2224; -2434; -409; 210
vtrace1; -3; -6; -6; -3; -6; -3
vtrace1; 3213; 977; 977; -2236; 6426; 3213
vtrace1; -6412; -6235; 175; 177; -6414; -2
vtrace1; -147; -2163; -2037; -2016; -168; -21
vtrace1; -493; -1604; -1054; -1111; -436; 57
vtrace1; -1807; -4489; -3174; -2682; -2299; -492
vtrace1; -930; -929; 2; 1; -929; 1
vtrace1; -18; -36; -36; -18; -36; -18
vtrace1; 391; -3618; -4008; -4009; 392; 1
vtrace1; 0; 0; 9; 0; 9; 9
vtrace1; -3206; -6412; -965; -3206; -965; 2241
vtrace1; 157; 648; 2755; 491; 2421; 2264
vtrace1; -2830; -6182; -3414; -3352; -2892; -62
vtrace1; 2468; 1745; 1745; -723; 4936; 2468
vtrace1; -5170; -7780; -1093; -2610; -3653; 1517
vtrace1; -3; -2; 827; 1; 823; 826
vtrace1; -2097; -6630; -4209; -4533; -1773; 324
vtrace1; 0; 11; 55; 11; 44; 44
vtrace1; -2214; -7455; -7463; -5241; -4436; -2222
vtrace1; -160; -320; 2415; -160; 2415; 2575
vtrace1; 0; -6648; -7033; -6648; -385; -385
vtrace1; 37; -194; 2173; -231; 2441; 2404
vtrace1; -1027; -2338; -1057; -1311; -773; 254
vtrace1; 0; 0; 12; 0; 12; 12
vtrace1; -2183; -5378; -4809; -3195; -3797; -1614
vtrace1; -6; -12; -12; -6; -12; -6
vtrace1; 4; 15; 55; 11; 48; 44
vtrace1; -41; -82; -82; -41; -82; -41
vtrace1; 433; 2123; 4470; 1690; 3213; 2780
vtrace1; 1; 4; 18; 3; 16; 15
vtrace1; -52; -104; -53; -52; -53; -1
vtrace1; -2185; -995; 1376; 1190; -1999; 186
vtrace1; -1218; -1026; 384; 192; -1026; 192
vtrace1; 1371; 144; 144; -1227; 2742; 1371
vtrace1; -3372; -4053; -851; -681; -3542; -170
vtrace1; -1874; -3748; -367; -1874; -367; 1507
vtrace1; 0; 117; 234; 117; 117; 117
vtrace1; 11; 22; 55; 11; 55; 44
vtrace1; 39; -58; 2162; -97; 2298; 2259
vtrace1; -2655; -3294; -909; -639; -2925; -270
vtrace1; -4126; -4140; -15; -14; -4127; -1
vtrace1; -2134; -4268; -2135; -2134; -2135; -1
vtrace1; 2239; 109; -17; -2130; 4352; 2113
vtrace1; 100; -2212; -2301; -2312; 111; 11
vtrace1; -2132; -2141; -2141; -9; -4264; -2132
vtrace1; -2128; -4256; -2165; -2128; -2165; -37
vtrace1; -4668; -6279; -1652; -1611; -4709; -41
vtrace1; -635; -635; 2114; 0; 1479; 2114
vtrace1; -65; -130; -92; -65; -92; -27
vtrace1; -9; -18; -18; -9; -18; -9
vtrace1; 487; 974; 2529; 487; 2529; 2042
vtrace1; -72; -144; -86; -72; -86; -14
vtrace1; -2211; -3430; -3430; -1219; -4422; -2211
vtrace1; -14; -15; -15; -1; -28; -14
vtrace1; -1656; -1817; -593; -161; -2088; -432
vtrace1; 24; 24; 24; 0; 48; 24
vtrace1; -4327; -4860; 53; -533; -3741; 586
vtrace1; 0; 2321; 5624; 2321; 3303; 3303
vtrace1; 0; -3076; -2831; -3076; 245; 245
vtrace1; 186; -1033; -1033; -1219; 372; 186
vtrace1; -61; -122; -122; -61; -122; -61
vtrace1; 34; -3481; -2929; -3515; 620; 586
vtrace1; -62; -124; -124; -62; -124; -62
vtrace1; -2626; 492; 4176; 3118; -1568; 1058
vtrace1; 604; 604; 2226; 0; 2830; 2226
vtrace1; -998; -997; 1; 1; -998; 0
vtrace1; 2146; 2420; 4867; 274; 6739; 4593
vtrace1; -27; -54; -54; -27; -54; -27
vtrace1; 1044; -1732; -3304; -2776; 516; -528
vtrace1; 1; 24; 1488; 23; 1466; 1465
vtrace1; -2929; -3639; -711; -710; -2930; -1
vtrace1; -1226; -2455; -1713; -1229; -1710; -484
vtrace1; -2616; -2301; 315; 315; -2616; 0
vtrace1; -3529; -7058; -3529; -3529; -3529; 0
vtrace1; 785; 784; 2073; -1; 2859; 2074
vtrace1; -6; -2071; -4130; -2065; -2071; -2065
vtrace1; -2; -1534; -1533; -1532; -3; -1
vtrace1; 216; -1027; -1027; -1243; 432; 216
vtrace1; -2477; -4682; -4410; -2205; -4682; -2205
vtrace1; -1003; -1003; 0; 0; -1003; 0
vtrace1; -14; -28; -28; -14; -28; -14
vtrace1; 1; -2363; -2282; -2364; 83; 82
vtrace1; 1391; -24; 5690; -1415; 8496; 7105
vtrace1; -1853; -2478; -473; -625; -1701; 152
vtrace1; -522; 686; 2763; 1208; 1033; 1555
vtrace1; 0; -1; 2263; -1; 2264; 2264
vtrace1; -1213; -290; 932; 923; -1204; 9
vtrace1; -4126; -8252; -8252; -4126; -8252; -4126
vtrace1; -1; -197; -196; -196; -1; 0
vtrace1; -3692; -5790; -2648; -2098; -4242; -550
vtrace1; -2064; -4162; -2099; -2098; -2065; -1
vtrace1; -1517; -3034; -1517; -1517; -1517; 0
vtrace1; 1; 0; 241; -1; 243; 242
vtrace1; -1046; -954; 184; 92; -954; 92
vtrace1; -142; -1361; -1361; -1219; -284; -142
vtrace1; 0; -971; -971; -971; 0; 0
vtrace1; -272; -3298; -6052; -3026; -3298; -3026
vtrace1; 2736; -1549; -4284; -4285; 2737; 1
vtrace1; -3253; -6506; -6506; -3253; -6506; -3253
vtrace1; 394; 114; 1834; -280; 2508; 2114
vtrace1; 1357; -835; -835; -2192; 2714; 1357
vtrace1; 325; 650; 1221; 325; 1221; 896
vtrace1; -420; -1068; -1068; -648; -840; -420
vtrace1; -1625; -3250; -3378; -1625; -3378; -1753
vtrace1; -4204; -4353; 3976; -149; -79; 4125
vtrace1; -1; 1054; 2853; 1055; 1797; 1798
vtrace1; 1; 0; 206; -1; 208; 207
vtrace1; 0; -1934; 145; -1934; 2079; 2079
vtrace1; -27; 159; 4311; 186; 4098; 4125
vtrace1; 3626; -47; -47; -3673; 7252; 3626
vtrace1; 255; -1241; -2445; -1496; -694; -949
vtrace1; 0; -143; 2235; -143; 2378; 2378
vtrace1; 0; -3673; -3025; -3673; 648; 648
vtrace1; 0; 0; 1465; 0; 1465; 1465
vtrace1; 1844; 1779; 1779; -65; 3688; 1844
vtrace1; 23; 46; 1488; 23; 1488; 1465
vtrace1; 0; 0; 1427; 0; 1427; 1427
vtrace1; -8; -169; -161; -161; -8; 0
vtrace1; 2870; 1644; 732; -1226; 4828; 1958
vtrace1; 2116; -3054; -562; -5170; 6724; 4608
vtrace1; 0; 75; 150; 75; 75; 75
vtrace1; 0; -301; 2198; -301; 2499; 2499
vtrace1; -3132; -3378; 2876; -246; -10; 3122
vtrace1; 1; -2129; -213; -2130; 1918; 1917
vtrace1; -169; -1345; -1345; -1176; -338; -169
vtrace1; 1; -3197; -2945; -3198; 254; 253
vtrace1; -2279; -2187; 696; 92; -1675; 604
vtrace1; 0; -943; -943; -943; 0; 0
vtrace1; -2254; -2607; -52; -353; -1953; 301
vtrace1; -129; -130; -1; -1; -129; 0
vtrace1; 7453; 6396; 6396; -1057; 14906; 7453
vtrace1; -1276; -3405; 65; -2129; 918; 2194
vtrace1; -653; -2268; -1614; -1615; -652; 1
vtrace1; -3166; -2435; 923; 731; -2974; 192
vtrace1; -271; -2267; -1996; -1996; -271; 0
vtrace1; -2732; -4863; -216; -2131; -817; 1915
vtrace1; -65; -130; -130; -65; -130; -65
vtrace1; -66; -132; -132; -66; -132; -66
vtrace1; -1; -3698; -3694; -3697; 2; 3
vtrace1; -30; -136; -212; -106; -136; -106
vtrace1; -2435; -4660; 873; -2225; 663; 3098
vtrace1; 2864; 2823; 3481; -41; 6386; 3522
vtrace1; 1160; 317; 317; -843; 2320; 1160
vtrace1; -2616; -2315; 301; 301; -2616; 0
vtrace1; 2886; 2287; 2136; -599; 5621; 2735
vtrace1; -1057; -940; 234; 117; -940; 117
vtrace1; -2647; -2338; 309; 309; -2647; 0
vtrace1; -3095; -2880; 139; 215; -3171; -76
vtrace1; -72; -269; -196; -197; -71; 1
vtrace1; -1229; -3512; -4566; -2283; -3512; -2283
vtrace1; -4145; -4206; 1211; -61; -2873; 1272
vtrace1; -1378; -1547; -170; -169; -1379; -1
vtrace1; -1230; -1231; -276; -1; -1505; -275
vtrace1; 2679; 456; -319; -2223; 4583; 1904
vtrace1; -1056; -2576; 559; -1520; 1023; 2079
vtrace1; -2643; -547; 4192; 2096; -547; 2096
vtrace1; -4907; -9052; -2788; -4145; -3550; 1357
vtrace1; -62; -124; 2319; -62; 2319; 2381
vtrace1; -316; -3688; -6744; -3372; -3688; -3372
vtrace1; -106; -212; -212; -106; -212; -106
vtrace1; -5379; -5584; 2479; -205; -2695; 2684
vtrace1; -2050; -2051; -806; -1; -2855; -805
vtrace1; -3593; -4650; -3445; -1057; -5981; -2388
vtrace1; 166; 101; 4121; -65; 4352; 4186
vtrace1; -72; -144; -144; -72; -144; -72
vtrace1; -2306; -2305; 2; 1; -2305; 1
vtrace1; -61; -122; -176; -61; -176; -115
vtrace1; -4377; -4229; -1983; 148; -6508; -2131
vtrace1; -7312; -14624; -14624; -7312; -14624; -7312
vtrace1; -1492; -1665; -772; -173; -2091; -599
vtrace1; -2132; -2184; -2184; -52; -4264; -2132
vtrace1; -97; -2195; -1463; -2098; 538; 635
vtrace1; -2283; -4566; -2140; -2283; -2140; 143
vtrace1; -2086; -4172; -844; -2086; -844; 1242
vtrace1; 0; 0; 2822; 0; 2822; 2822
vtrace1; -2638; -775; 4224; 1863; -277; 2361
vtrace1; -4145; -3558; 1174; 587; -3558; 587
vtrace1; -561; -1122; 783; -561; 783; 1344
vtrace1; 0; -2144; -332; -2144; 1812; 1812
vtrace1; -736; -255; 2385; 481; 1168; 1904
vtrace1; -819; -5478; -66; -4659; 3774; 4593
vtrace1; -2869; -1296; 1301; 1573; -3141; -272
vtrace1; 96; -961; -961; -1057; 192; 96
vtrace1; -2943; -2729; 608; 214; -2549; 394
vtrace1; -93; -186; -130; -93; -130; -37
vtrace1; -1414; -1415; -1415; -1; -2828; -1414
vtrace1; -125; -250; -250; -125; -250; -125
vtrace1; 0; 0; 224; 0; 224; 224
vtrace1; 0; -2; 3601; -2; 3603; 3603
vtrace1; -4331; -4403; -57; -72; -4316; 15
vtrace1; -1615; -3230; -684; -1615; -684; 931
vtrace1; 0; 92; 184; 92; 92; 92
vtrace1; -892; -1615; -1410; -723; -1579; -687
vtrace1; -2096; -2190; -2190; -94; -4192; -2096
vtrace1; -2086; -1942; -1624; 144; -3854; -1768
vtrace1; -1190; -3322; -3159; -2132; -2217; -1027
vtrace1; 583; 332; 332; -251; 1166; 583
vtrace1; -2984; -3050; -65; -66; -2983; 1
vtrace1; 88; 438; 2190; 350; 1928; 1840
vtrace1; -1055; -276; 779; 779; -1055; 0
vtrace1; 3496; 3496; 3496; 0; 6992; 3496
vtrace1; -6408; -12816; -12816; -6408; -12816; -6408
vtrace1; 29; -2405; -3058; -2434; -595; -624
vtrace1; -247; -299; -51; -52; -246; 1
vtrace1; -6444; -12888; -12888; -6444; -12888; -6444
vtrace1; 1063; -5381; -6760; -6444; 747; -316
vtrace1; -6422; -12844; -12844; -6422; -12844; -6422
vtrace1; 394; -2549; -2721; -2943; 616; 222
vtrace1; -2623; 871; 5546; 3494; -571; 2052
vtrace1; 792; 1584; 8254; 792; 8254; 7462
vtrace1; -3095; -2880; 214; 215; -3096; -1
vtrace1; -93; -186; -144; -93; -144; -51
vtrace1; 4638; 898; -1671; -3740; 6707; 2069
vtrace1; 1595; 3539; 6045; 1944; 5696; 4101
vtrace1; -1883; -668; 2306; 1215; -792; 1091
vtrace1; -1229; -3465; -4472; -2236; -3465; -2236
vtrace1; 0; -6408; -6408; -6408; 0; 0
vtrace1; -2364; -4728; -4728; -2364; -4728; -2364
vtrace1; -2658; -2527; 262; 131; -2527; 131
vtrace1; -1057; -2114; 2047; -1057; 2047; 3104
vtrace1; 1384; 328; 328; -1056; 2768; 1384
vtrace1; -6412; -12824; -12824; -6412; -12824; -6412
vtrace1; -4350; -8700; -4110; -4350; -4110; 240
vtrace1; -3224; -4467; -2486; -1243; -4467; -1243
vtrace1; 2157; 2063; 2910; -94; 5161; 3004
vtrace1; 2156; 2062; 2910; -94; 5160; 3004
vtrace1; -60; -4200; -4305; -4140; -225; -165
vtrace1; -2254; -5969; -4758; -3715; -3297; -1043
vtrace1; 61; -887; -949; -948; 60; -1
vtrace1; 3879; 3861; 3861; -18; 7758; 3879
vtrace1; -3320; -6640; -6640; -3320; -6640; -3320
vtrace1; 0; 0; 251; 0; 251; 251
vtrace1; -5180; -4096; 1512; 1084; -4752; 428
vtrace1; -2518; -2517; 794; 1; -1725; 793
vtrace1; -3253; -2703; 1634; 550; -2169; 1084
vtrace1; 0; -3820; -3818; -3820; 2; 2
vtrace1; 0; 0; 253; 0; 253; 253
vtrace1; -2479; -2480; 239; -1; -2239; 240
vtrace1; 0; -169; 3028; -169; 3197; 3197
vtrace1; 65; 547; 1598; 482; 1181; 1116
vtrace1; -62; -3586; -1540; -3524; 1922; 1984
vtrace1; -1; -253; -253; -252; -2; -1
vtrace1; -2114; -1242; 491; 872; -2495; -381
vtrace1; 1; 3; 216; 2; 215; 214
vtrace1; 2264; 2098; 2880; -166; 5310; 3046
vtrace1; 325; 650; 1297; 325; 1297; 972
vtrace1; -614; 94; 2899; 708; 1577; 2191
vtrace1; -1816; -3632; -4592; -1816; -4592; -2776
vtrace1; -1137; -3764; -575; -2627; 915; 2052
vtrace1; -1230; -3374; -1869; -2144; -955; 275
vtrace1; -2135; -2029; 1254; 106; -987; 1148
vtrace1; 1; 2; 132; 1; 132; 131
vtrace1; -1057; -2114; 2044; -1057; 2044; 3101
vtrace1; -6444; -9824; -3380; -3380; -6444; 0
vtrace1; 129; 51; 51; -78; 258; 129
vtrace1; -2202; -2362; 1936; -160; -106; 2096
vtrace1; 498; 499; 2453; 1; 2950; 2452
vtrace1; 1091; -672; -672; -1763; 2182; 1091
vtrace1; 2194; 2122; 2122; -72; 4388; 2194
vtrace1; -1496; -3250; -175; -1754; 83; 1579
vtrace1; 2735; 1999; 1625; -736; 5096; 2361
vtrace1; -187; -4518; -5561; -4331; -1417; -1230
vtrace1; -736; -2741; -254; -2005; 1015; 1751
vtrace1; -2438; -2439; 165; -1; -2272; 166
vtrace1; -3697; -3697; -2098; 0; -5795; -2098
vtrace1; -2141; -3340; -882; -1199; -1824; 317
vtrace1; 2196; -398; 100; -2594; 4890; 2694
vtrace1; 909; -1409; 109; -2318; 3336; 2427
vtrace1; -1476; -5807; -887; -4331; 1968; 3444
vtrace1; 2016; 1026; 6466; -990; 9472; 7456
vtrace1; -440; -1933; -2539; -1493; -1486; -1046
vtrace1; -2695; -5390; -3595; -2695; -3595; -900
vtrace1; -2132; -2301; -2301; -169; -4264; -2132
vtrace1; -4126; -5591; -2930; -1465; -5591; -1465
vtrace1; 1; 2; 187; 1; 187; 186
vtrace1; -2131; -2301; -2301; -170; -4262; -2131
vtrace1; -2683; -5366; -1025; -2683; -1025; 1658
vtrace1; -574; 1159; 2938; 1733; 631; 1205
vtrace1; 164; 67; 67; -97; 328; 164
vtrace1; 1; 1; 144; 0; 145; 144
vtrace1; -516; 949; 3544; 1465; 1563; 2079
vtrace1; -1415; -2830; -2830; -1415; -2830; -1415
vtrace1; 0; 3531; 7062; 3531; 3531; 3531
vtrace1; -2774; -2755; 1708; 19; -1085; 1689
vtrace1; 78; 156; 1545; 78; 1545; 1467
vtrace1; -1219; -1218; 149; 1; -1071; 148
vtrace1; 0; 0; 148; 0; 148; 148
vtrace1; 301; 602; 4074; 301; 4074; 3773
vtrace1; -2134; -2614; -900; -480; -2554; -420
vtrace1; 0; 585; 2966; 585; 2381; 2381
vtrace1; -3092; -2008; 2168; 1084; -2008; 1084
vtrace1; -825; -799; -202; 26; -1053; -228
vtrace1; 0; 0; 1646; 0; 1646; 1646
vtrace1; 205; -65; 2852; -270; 3327; 3122
vtrace1; 2403; 247; -10; -2156; 4549; 2146
vtrace1; -1; 33; 1033; 34; 998; 999
vtrace1; -2074; -4148; -2261; -2074; -2261; -187
vtrace1; -1625; -1626; -1; -1; -1625; 0
vtrace1; -1467; -2934; -2934; -1467; -2934; -1467
vtrace1; -2111; -1684; 483; 427; -2055; 56
vtrace1; 498; -1613; -2105; -2111; 504; 6
vtrace1; -2130; -2272; -2272; -142; -4260; -2130
vtrace1; -2223; -524; 4534; 1699; 612; 2835
vtrace1; 1465; -847; -1706; -2312; 2071; 606
vtrace1; -1227; 2973; 8400; 4200; 2973; 4200
vtrace1; 0; -2750; -3035; -2750; -285; -285
vtrace1; 838; -1596; 194; -2434; 3466; 2628
vtrace1; -2823; -7575; -7575; -4752; -5646; -2823
vtrace1; -1057; -1056; 1; 1; -1057; 0
vtrace1; -2074; -4148; -2203; -2074; -2203; -129
vtrace1; -1415; -2207; -793; -792; -1416; -1
vtrace1; -946; -1138; -710; -192; -1464; -518
vtrace1; 37; -2398; -2398; -2435; 74; 37
vtrace1; -4339; -2260; 7321; 2079; 903; 5242
vtrace1; -1281; -2458; -932; -1177; -1036; 245
vtrace1; -1227; -1063; 164; 164; -1227; 0
vtrace1; -2594; -5188; -5188; -2594; -5188; -2594
vtrace1; 692; 793; 2311; 101; 2902; 2210
vtrace1; -79; -1046; -966; -967; -78; 1
vtrace1; 0; 0; 1661; 0; 1661; 1661
vtrace1; -2610; -5220; -5220; -2610; -5220; -2610
vtrace1; -392; -3764; -6734; -3372; -3754; -3362
vtrace1; 1; -1065; -1045; -1066; 22; 21
vtrace1; 792; -700; 849; -1492; 3133; 2341
vtrace1; -1190; -2380; -498; -1190; -498; 692
vtrace1; -2189; -4871; -4871; -2682; -4378; -2189
vtrace1; -483; -401; 2151; 82; 1586; 2069
vtrace1; -3692; -7384; -5571; -3692; -5571; -1879
vtrace1; -1057; -1053; 8; 4; -1053; 4
vtrace1; -2558; -2557; 4141; 1; 1582; 4140
vtrace1; -5591; -5407; 445; 184; -5330; 261
vtrace1; -2610; -5220; -5226; -2610; -5226; -2616
vtrace1; -4327; -4336; -1505; -9; -5823; -1496
vtrace1; -957; -895; -32; 62; -1051; -94
vtrace1; -26; -1767; 2360; -1741; 4075; 4101
vtrace1; -1057; -2114; 2134; -1057; 2134; 3191
vtrace1; -1281; -491; 977; 790; -1094; 187
vtrace1; -3026; -6516; -3469; -3490; -3005; 21
vtrace1; 3027; -3417; -2033; -6444; 7438; 4411
vtrace1; -995; -994; -61; 1; -1057; -62
vtrace1; 3; -1058; -1058; -1061; 6; 3
vtrace1; -1; -2; 1146; -1; 1146; 1147
vtrace1; 2166; 938; 938; -1228; 4332; 2166
vtrace1; -170; -2300; -4260; -2130; -2300; -2130
vtrace1; -2662; -2407; 1006; 255; -1911; 751
vtrace1; 2; -1211; -1061; -1213; 154; 152
vtrace1; 20; -2826; 272; -2846; 3138; 3118
vtrace1; 2236; -540; -540; -2776; 4472; 2236
vtrace1; 1213; -2598; -3682; -3811; 1342; 129
vtrace1; -1; 2559; 5863; 2560; 3302; 3303
vtrace1; -170; -2301; -4262; -2131; -2301; -2131
vtrace1; 168; -886; 168; -1054; 1390; 1222
vtrace1; -1059; -1338; -558; -279; -1338; -279
vtrace1; -163; -275; -130; -112; -181; -18
vtrace1; -65; 3868; 7866; 3933; 3868; 3933
vtrace1; -3; -3560; -2361; -3557; 1193; 1196
vtrace1; -3782; -2569; 31; 1213; -4964; -1182
vtrace1; -2739; -2845; -263; -106; -2896; -157
vtrace1; -3023; -3047; -23; -24; -3022; 1
vtrace1; -2431; -4862; -4862; -2431; -4862; -2431
vtrace1; 305; -3452; -2713; -3757; 1349; 1044
vtrace1; -2; -3699; -5841; -3697; -2146; -2144
vtrace1; -18; -36; 1040; -18; 1040; 1058
vtrace1; -1219; -4336; -7334; -3117; -5436; -4217
vtrace1; -481; -962; -1268; -481; -1268; -787
vtrace1; -2557; -6761; -4056; -4204; -2409; 148
vtrace1; -2086; -4172; -3674; -2086; -3674; -1588
vtrace1; -1; 191; 384; 192; 191; 192
vtrace1; -2682; -2581; 1657; 101; -1126; 1556
vtrace1; -481; -1268; -1268; -787; -962; -481
vtrace1; 148; -1049; -1171; -1197; 174; 26
vtrace1; -1971; -2476; -504; -505; -1970; 1
vtrace1; 2156; 959; 959; -1197; 4312; 2156
vtrace1; -1688; -6510; -4822; -4822; -1688; 0
vtrace1; 585; 1170; 3192; 585; 3192; 2607
vtrace1; -444; 686; 2260; 1130; 686; 1130
vtrace1; 394; 288; 1188; -106; 1688; 1294
vtrace1; -3489; 137; 5820; 3626; -1295; 2194
vtrace1; -1; -6409; 1075; -6408; 7482; 7483
vtrace1; -2779; -2779; 4409; 0; 1630; 4409
vtrace1; -2137; -3265; -2374; -1128; -3383; -1246
vtrace1; -1229; -4604; -4604; -3375; -2458; -1229
vtrace1; -520; -342; 2874; 178; 2176; 2696
vtrace1; -166; -332; -165; -166; -165; 1
vtrace1; -6444; -11629; -2078; -5185; -3337; 3107
vtrace1; -30; -4324; -4356; -4294; -92; -62
vtrace1; -710; 546; 2512; 1256; 546; 1256
vtrace1; 397; 2341; 6037; 1944; 4490; 4093
vtrace1; -2750; -2750; 305; 0; -2445; 305
vtrace1; -2225; -4450; -2225; -2225; -2225; 0
vtrace1; 71; -1161; -1068; -1232; 235; 164
vtrace1; -148; -148; -148; 0; -296; -148
vtrace1; -2794; -2305; 452; 489; -2831; -37
vtrace1; 219; -2391; -1856; -2610; 973; 754
vtrace1; -1057; -1369; -624; -312; -1369; -312
vtrace1; -962; 127; 1340; 1089; -711; 251
vtrace1; 0; -1043; -1043; -1043; 0; 0
vtrace1; -1107; -1107; 0; 0; -1107; 0
vtrace1; 1; -2113; -1084; -2114; 1031; 1030
vtrace1; 871; -295; -1166; -1166; 871; 0
vtrace1; -312; -308; -5; 4; -321; -9
vtrace1; 6; -3372; -4506; -3378; -1122; -1128
vtrace1; -1227; -1145; 164; 82; -1145; 82
vtrace1; -2132; -2305; -2305; -173; -4264; -2132
vtrace1; -4126; -8252; -3042; -4126; -3042; 1084
vtrace1; -2117; -2118; 497; -1; -1619; 498
vtrace1; 216; 164; 164; -52; 432; 216
vtrace1; -10; -385; -375; -375; -10; 0
vtrace1; -2211; -1127; 5964; 1084; 2669; 4880
vtrace1; -2192; -4384; -884; -2192; -884; 1308
vtrace1; -320; -320; -1; 0; -321; -1
vtrace1; -1; -1730; -1729; -1729; -1; 0
vtrace1; 909; 1016; 2253; 107; 3055; 2146
vtrace1; 466; 932; 3997; 466; 3997; 3531
vtrace1; 329; 17; 17; -312; 658; 329
vtrace1; -689; -5415; -4475; -4726; -438; 251
vtrace1; -3001; -2721; 4690; 280; 1409; 4410
vtrace1; -2227; 134; 2595; 2361; -1993; 234
vtrace1; 16; 603; 3042; 587; 2471; 2455
vtrace1; 318; 325; 1374; 7; 1685; 1367
vtrace1; -2364; -5253; -3422; -2889; -2897; -533
vtrace1; 0; 92; 307; 92; 215; 215
vtrace1; -2427; -4854; -2126; -2427; -2126; 301
vtrace1; 2069; 1012; 1012; -1057; 4138; 2069
vtrace1; 216; 155; 155; -61; 432; 216
vtrace1; -923; -3052; -2885; -2129; -1679; -756
vtrace1; -149; 98; 565; 247; 169; 318
vtrace1; 3851; 1241; 1241; -2610; 7702; 3851
vtrace1; -898; -1126; -140; -228; -810; 88
vtrace1; -686; -685; 1764; 1; 1077; 1763
vtrace1; -62; -124; 1098; -62; 1098; 1160
vtrace1; -834; -1267; -203; -433; -604; 230
vtrace1; 1; -2778; -2426; -2779; 354; 353
vtrace1; -330; -660; -26; -330; -26; 304
vtrace1; 2205; 2204; 2204; -1; 4410; 2205
vtrace1; -91; -264; -264; -173; -182; -91
vtrace1; -106; -272; -272; -166; -212; -106
vtrace1; -2205; -4339; 484; -2134; 413; 2618
vtrace1; -327; -328; 2156; -1; 1830; 2157
vtrace1; -1719; -2776; -1369; -1057; -2031; -312
vtrace1; 1101; 2202; 3331; 1101; 3331; 2230
vtrace1; -679; -1366; -363; -687; -355; 324
vtrace1; 1681; -1877; -706; -3558; 4533; 2852
vtrace1; -598; -4233; -7270; -3635; -4233; -3635
vtrace1; -1230; -4550; -3312; -3320; -1222; 8
vtrace1; -192; -192; -192; 0; -384; -192
vtrace1; -2222; -4444; -4986; -2222; -4986; -2764
vtrace1; 0; -4350; -8700; -4350; -4350; -4350
vtrace1; -160; -320; -159; -160; -159; 1
vtrace1; -1250; -1158; 184; 92; -1158; 92
vtrace1; -251; -363; 1230; -112; 1091; 1342
vtrace1; 790; -732; 253; -1522; 2565; 1775
vtrace1; -3818; -8570; -5398; -4752; -4464; -646
vtrace1; 1465; 1476; 1606; 11; 3060; 1595
vtrace1; 0; -6615; -6615; -6615; 0; 0
vtrace1; -2130; -5598; -1007; -3468; 331; 2461
vtrace1; -2048; -2468; -386; -420; -2014; 34
vtrace1; 0; -2478; -2478; -2478; 0; 0
vtrace1; 186; 675; 2929; 489; 2626; 2440
vtrace1; -1; -1975; 387; -1974; 2360; 2361
vtrace1; 1114; 2228; 3347; 1114; 3347; 2233
vtrace1; 3752; 3752; 7451; 0; 11203; 7451
vtrace1; 216; 151; 151; -65; 432; 216
vtrace1; -3151; -3726; 30; -575; -2546; 605
vtrace1; -1999; -883; 924; 1116; -2191; -192
vtrace1; -1115; -1479; 661; -364; -90; 1025
vtrace1; 177; -2382; -2573; -2559; 163; -14
vtrace1; -2076; -1760; 316; 316; -2076; 0
vtrace1; -62; 2238; 5893; 2300; 3531; 3593
vtrace1; 234; 169; 180; -65; 479; 245
vtrace1; -14; 419; 1088; 433; 641; 655
vtrace1; 487; -262; 1293; -749; 2529; 2042
vtrace1; -31; -31; 1150; 0; 1119; 1150
vtrace1; -390; -1286; -1286; -896; -780; -390
vtrace1; -2752; -2566; 350; 186; -2588; 164
vtrace1; -3746; -3746; -2111; 0; -5857; -2111
vtrace1; 5242; 2043; 2043; -3199; 10484; 5242
vtrace1; -1; -63; 1125; -62; 1186; 1187
vtrace1; 3533; 3533; 3626; 0; 7159; 3626
vtrace1; -2040; -6185; -5202; -4145; -3097; -1057
vtrace1; 30; -1367; -404; -1397; 1023; 993
vtrace1; -2682; -4954; -4544; -2272; -4954; -2272
vtrace1; -2643; -5286; -5286; -2643; -5286; -2643
vtrace1; -1281; -1895; -1228; -614; -1895; -614
vtrace1; -41; -3115; -2999; -3074; 34; 75
vtrace1; -1459; -4564; -4381; -3105; -2735; -1276
vtrace1; -3740; -5637; 1954; -1897; 111; 3851
vtrace1; -1; -2; 2492; -1; 2492; 2493
vtrace1; -4411; -4473; 1345; -62; -3004; 1407
vtrace1; -1527; -4722; -4422; -3195; -2754; -1227
vtrace1; -1056; -2275; 2138; -1219; 2301; 3357
vtrace1; 0; 0; 293; 0; 293; 293
vtrace1; 603; 858; 1229; 255; 1577; 974
vtrace1; -2879; -2878; 3302; 1; 422; 3301
vtrace1; -875; -2959; 1257; -2084; 2466; 3341
vtrace1; 0; 12; 337; 12; 325; 325
vtrace1; 6; -2183; -1092; -2189; 1103; 1097
vtrace1; 537; -1197; -302; -1734; 1969; 1432
vtrace1; -2807; -2485; 3149; 322; 20; 2827
vtrace1; -682; -3935; -6506; -3253; -3935; -3253
vtrace1; -1227; -1127; 200; 100; -1127; 100
vtrace1; -4731; -2309; 3644; 2422; -3509; 1222
vtrace1; -2690; -3006; -428; -316; -2802; -112
vtrace1; 1083; -1122; -2088; -2205; 1200; 117
vtrace1; -1583; -1583; -147; 0; -1730; -147
vtrace1; -1056; 1040; 4192; 2096; 1040; 2096
vtrace1; 1025; -4879; -4764; -5904; 2165; 1140
vtrace1; -2277; -2956; -822; -679; -2420; -143
vtrace1; -2222; -4444; 469; -2222; 469; 2691
vtrace1; 62; 62; 324; 0; 386; 324
vtrace1; 11; -4115; -5879; -4126; -1742; -1753
vtrace1; -769; -1538; -1538; -769; -1538; -769
vtrace1; -1736; -1736; 2164; 0; 428; 2164
vtrace1; -2132; -962; 2340; 1170; -962; 1170
vtrace1; -3742; -7484; -1341; -3742; -1341; 2401
vtrace1; -2579; -2771; 866; -192; -1521; 1058
vtrace1; 1; 2; 345; 1; 345; 344
vtrace1; 293; -3087; -23; -3380; 3650; 3357
vtrace1; -1367; -2990; 1054; -1623; 1310; 2677
vtrace1; 2724; 2716; 3835; -8; 6567; 3843
vtrace1; -2289; 820; 6095; 3109; 697; 2986
vtrace1; -1055; -1056; 0; -1; -1054; 1
vtrace1; -6299; -6340; -6340; -41; -12598; -6299
vtrace1; 129; 136; 179; 7; 301; 172
vtrace1; -786; -1572; -1572; -786; -1572; -786
vtrace1; -1227; -1216; 22; 11; -1216; 11
vtrace1; -5731; -8341; -3518; -2610; -6639; -908
vtrace1; -882; -1055; -174; -173; -883; -1
vtrace1; 0; 0; 264; 0; 264; 264
vtrace1; -1395; -2446; 293; -1051; -51; 1344
vtrace1; -1093; -1093; -648; 0; -1741; -648
vtrace1; -1229; -1133; 192; 96; -1133; 96
vtrace1; -2223; -2222; 482; 1; -1742; 481
vtrace1; -653; 886; 3078; 1539; 886; 1539
vtrace1; 773; -1359; -2641; -2132; 264; -509
vtrace1; 34; -135; 1046; -169; 1249; 1215
vtrace1; 1200; -937; -937; -2137; 2400; 1200
vtrace1; -2111; -3551; 370; -1440; -301; 1810
vtrace1; -1230; -1155; 150; 75; -1155; 75
vtrace1; -1230; -1113; 234; 117; -1113; 117
vtrace1; 2509; -990; -4229; -3499; 1779; -730
vtrace1; -2364; -2365; -2086; -1; -4449; -2085
vtrace1; -7209; -9445; -2066; -2236; -7039; 170
vtrace1; -1219; -2417; 959; -1198; 938; 2157
vtrace1; -1229; -4609; -4609; -3380; -2458; -1229
vtrace1; -2367; -737; 1947; 1630; -2050; 317
vtrace1; -2279; -4558; 448; -2279; 448; 2727
vtrace1; -13; -12; 2547; 1; 2533; 2546
vtrace1; -1059; 1057; 4232; 2116; 1057; 2116
vtrace1; -2565; -2285; 29; 280; -2816; -251
vtrace1; -1009; -114; 2137; 895; 233; 1242
vtrace1; -251; -2385; -4268; -2134; -2385; -2134
vtrace1; -1710; -3821; -1425; -2111; -1024; 686
vtrace1; 0; -619; -1238; -619; -619; -619
vtrace1; -267; -534; -75; -267; -75; 192
vtrace1; -646; -1109; -463; -463; -646; 0
vtrace1; -2320; -3511; 572; -1191; -557; 1763
vtrace1; 0; -1057; 1087; -1057; 2144; 2144
vtrace1; -4907; -9814; -9814; -4907; -9814; -4907
vtrace1; -1; -161; -320; -160; -161; -160
vtrace1; -4144; -6366; -4433; -2222; -6355; -2211
vtrace1; -4145; -4311; -358; -166; -4337; -192
vtrace1; 0; 1; 280; 1; 279; 279
vtrace1; -149; -150; -150; -1; -298; -149
vtrace1; 426; -1796; -2904; -2222; -256; -682
vtrace1; -2561; -5122; -2561; -2561; -2561; 0
vtrace1; -1229; -3315; -3315; -2086; -2458; -1229
vtrace1; -681; -1155; -474; -474; -681; 0
vtrace1; -280; -2526; -1471; -2246; 495; 775
vtrace1; -2323; -5102; -4914; -2779; -4458; -2135
vtrace1; -792; -1584; -1584; -792; -1584; -792
vtrace1; -624; -1248; 925; -624; 925; 1549
vtrace1; 4408; 4212; 4212; -196; 8816; 4408
vtrace1; -1; 2263; 4528; 2264; 2263; 2264
vtrace1; -2779; 1536; 8630; 4315; 1536; 4315
vtrace1; -1243; -3469; -1897; -2226; -914; 329
vtrace1; 39; 575; 1758; 536; 1261; 1222
vtrace1; 166; -15; 3681; -181; 4028; 3862
vtrace1; -7202; -9438; -2066; -2236; -7032; 170
vtrace1; 1723; -466; -2134; -2189; 1778; 55
vtrace1; -778; -1556; -1556; -778; -1556; -778
vtrace1; 224; -1978; 981; -2202; 3407; 3183
vtrace1; 0; 2200; 4464; 2200; 2264; 2264
vtrace1; -416; -296; 2941; 120; 2405; 2821
vtrace1; -2223; -2224; -2224; -1; -4446; -2223
vtrace1; -2034; -1499; 808; 535; -1761; 273
vtrace1; -186; -372; -187; -186; -187; -1
vtrace1; 537; 1592; 8712; 1055; 8194; 7657
vtrace1; 0; 0; 1736; 0; 1736; 1736
vtrace1; -2236; -2237; -2237; -1; -4472; -2236
vtrace1; 543; -1022; -982; -1565; 1126; 583
vtrace1; -24; -1409; -1078; -1385; 283; 307
vtrace1; -2976; -3794; -818; -818; -2976; 0
vtrace1; -1615; 1079; 5388; 2694; 1079; 2694
vtrace1; 585; 584; 584; -1; 1170; 585
vtrace1; -938; -652; -146; 286; -1370; -432
vtrace1; 88; 2184; 4474; 2096; 2466; 2378
vtrace1; 536; 146; 1915; -390; 2841; 2305
vtrace1; -51; -1013; -1055; -962; -144; -93
vtrace1; -1057; -2114; -756; -1057; -756; 301
vtrace1; 3754; -2668; -2668; -6422; 7508; 3754
vtrace1; -3113; -1386; 4906; 1727; 66; 3179
vtrace1; 0; -2354; -4546; -2354; -2192; -2192
vtrace1; -1610; -5890; -4280; -4280; -1610; 0
vtrace1; -3092; -3092; -1; 0; -3093; -1
vtrace1; 161; -2075; -1956; -2236; 441; 280
vtrace1; -556; -2908; -2581; -2352; -785; -229
vtrace1; -2128; -49; 4521; 2079; 314; 2442
vtrace1; -3441; -3231; 2973; 210; -678; 2763
vtrace1; -6412; -7630; -7630; -1218; -12824; -6412
vtrace1; -736; -1439; -1741; -703; -1774; -1038
vtrace1; -2465; -2112; -1356; 353; -4174; -1709
vtrace1; -624; -1248; -620; -624; -620; 4
vtrace1; 129; -4202; -4720; -4331; -260; -389
vtrace1; 0; 192; 384; 192; 192; 192
vtrace1; 293; -1884; -3390; -2177; -920; -1213
vtrace1; -390; -908; 1610; -518; 1738; 2128
vtrace1; -2098; -4845; 257; -2747; 906; 3004
vtrace1; -433; -432; 2273; 1; 1839; 2272
vtrace1; 1; 149; 390; 148; 243; 242
vtrace1; -695; -1118; -423; -423; -695; 0
vtrace1; -3884; -2662; 4340; 1222; -766; 3118
vtrace1; 12; 12; 4408; 0; 4420; 4408
vtrace1; -1385; -1844; -1844; -459; -2770; -1385
vtrace1; -2225; -2038; 3365; 187; 953; 3178
vtrace1; -731; -2262; -388; -1531; 412; 1143
vtrace1; -3502; -1291; 2427; 2211; -3286; 216
vtrace1; -2084; -1769; 285; 315; -2114; -30
vtrace1; -1230; -1196; 68; 34; -1196; 34
vtrace1; -390; -390; -69; 0; -459; -69
vtrace1; -2610; -1776; 125; 834; -3319; -709
vtrace1; -679; -1695; -1145; -1016; -808; -129
vtrace1; 1170; 546; 546; -624; 2340; 1170
vtrace1; -6444; -12888; -7671; -6444; -7671; -1227
vtrace1; -1325; -1958; -1266; -633; -1958; -633
vtrace1; -1243; -1124; 119; 119; -1243; 0
vtrace1; 1473; 1198; 2424; -275; 4172; 2699
vtrace1; 0; 157; 400; 157; 243; 243
vtrace1; 0; -1; 2491; -1; 2492; 2492
vtrace1; -1229; -1221; 16; 8; -1221; 8
vtrace1; 1072; -1151; -2223; -2223; 1072; 0
vtrace1; -2921; -2525; 1685; 396; -1632; 1289
vtrace1; -66; 521; 1174; 587; 521; 587
vtrace1; -1504; 1175; 3976; 2679; -207; 1297
vtrace1; -1898; -1898; 2236; 0; 338; 2236
vtrace1; -1501; -5048; -5772; -3547; -3726; -2225
vtrace1; 0; -3827; -2644; -3827; 1183; 1183
vtrace1; -1704; -1453; 552; 251; -1403; 301
vtrace1; 0; -2561; -2560; -2561; 1; 1
vtrace1; -2352; -3559; -3559; -1207; -4704; -2352
vtrace1; -533; -1233; -556; -700; -389; 144
vtrace1; -5348; -5618; -540; -270; -5618; -270
vtrace1; -1227; -1221; 12; 6; -1221; 6
vtrace1; 0; 1; 3180; 1; 3179; 3179
vtrace1; 991; -1417; -1417; -2408; 1982; 991
vtrace1; 0; -1199; -1199; -1199; 0; 0
vtrace1; -2625; -2624; 83; 1; -2543; 82
vtrace1; -2478; -2996; 704; -518; -1256; 1222
vtrace1; -4145; -8495; -8700; -4350; -8495; -4350
vtrace1; 0; -423; -429; -423; -6; -6
vtrace1; -1505; -1197; 306; 308; -1507; -2
vtrace1; -47; -1229; 2613; -1182; 3748; 3795
vtrace1; -1219; -2438; -3394; -1219; -3394; -2175
vtrace1; -267; -1466; -1466; -1199; -534; -267
vtrace1; -2625; -328; 2856; 2297; -2066; 559
vtrace1; -2488; -3531; -3407; -1043; -4852; -2364
vtrace1; -1; -431; -430; -430; -1; 0
vtrace1; -2610; -2610; 0; 0; -2610; 0
vtrace1; -1230; -2289; -611; -1059; -782; 448
vtrace1; 0; 0; 1690; 0; 1690; 1690
vtrace1; -186; 68; 749; 254; 309; 495
vtrace1; 362; -1815; -2162; -2177; 377; 15
vtrace1; 144; 183; 293; 39; 398; 254
vtrace1; -3037; -6074; -4971; -3037; -4971; -1934
vtrace1; -170; 165; 670; 335; 165; 335
vtrace1; 41; -2164; -1864; -2205; 382; 341
vtrace1; -1227; -1145; 45; 82; -1264; -37
vtrace1; -2189; -4378; 492; -2189; 492; 2681
vtrace1; -2132; -3894; -4538; -1762; -4908; -2776
vtrace1; -1174; -3368; -2017; -2194; -997; 177
vtrace1; 1; 1; 3191; 0; 3192; 3191
vtrace1; -2643; -1993; -549; 650; -3842; -1199
vtrace1; -10; -400; -390; -390; -10; 0
vtrace1; -1057; -2114; -2114; -1057; -2114; -1057
vtrace1; -48; -96; 2620; -48; 2620; 2668
vtrace1; -1058; -2116; -2116; -1058; -2116; -1058
vtrace1; -2129; -2289; 279; -160; -1690; 439
vtrace1; -1679; 397; 6262; 2076; 2507; 4186
vtrace1; -165; -330; -257; -165; -257; -92
vtrace1; -253; -2883; -2983; -2630; -606; -353
vtrace1; -1046; -1045; 600; 1; -447; 599
vtrace1; -170; -276; -276; -106; -340; -170
vtrace1; -1059; -2118; -2118; -1059; -2118; -1059
vtrace1; -517; 2269; 5188; 2786; 1885; 2402
vtrace1; -1055; 672; 2933; 1727; 151; 1206
vtrace1; -499; -464; -77; 35; -611; -112
vtrace1; 214; 428; 4414; 214; 4414; 4200
vtrace1; -5170; -10340; -10340; -5170; -10340; -5170
vtrace1; 0; 96; 3287; 96; 3191; 3191
vtrace1; 37; 74; 3141; 37; 3141; 3104
vtrace1; -1324; -4103; 1536; -2779; 2991; 4315
vtrace1; -3692; -5571; -1600; -1879; -3413; 279
vtrace1; -353; -706; -139; -353; -139; 214
vtrace1; -1132; -1003; 2863; 129; 1602; 2734
vtrace1; -1798; -934; -19; 864; -2681; -883
vtrace1; -1227; -3361; -3361; -2134; -2454; -1227
vtrace1; -2558; -1250; 2616; 1308; -1250; 1308
vtrace1; -2595; -2874; -546; -279; -2862; -267
vtrace1; -4140; -2692; 2323; 1448; -3265; 875
vtrace1; -2084; -2083; 1611; 1; -474; 1610
vtrace1; -574; -147; 7875; 427; 6874; 7448
vtrace1; -5348; -10696; -7459; -5348; -7459; -2111
vtrace1; -1199; -2398; -3331; -1199; -3331; -2132
vtrace1; -1026; -2052; -2052; -1026; -2052; -1026
vtrace1; -1046; -2092; -2159; -1046; -2159; -1113
vtrace1; -2460; -4040; -24; -1580; -904; 1556
vtrace1; -1061; -2122; -2122; -1061; -2122; -1061
vtrace1; 0; -591; -1182; -591; -591; -591
vtrace1; -1219; -2438; -3353; -1219; -3353; -2134
vtrace1; -1; -1220; 1885; -1219; 3103; 3104
vtrace1; -1064; -2128; -2128; -1064; -2128; -1064
vtrace1; -1219; -1678; 737; -459; -23; 1196
vtrace1; -378; -861; 6981; -483; 7086; 7464
vtrace1; -2578; -2578; 5; 0; -2573; 5
vtrace1; -1498; -3721; -4446; -2223; -3721; -2223
vtrace1; -1043; -2086; -2086; -1043; -2086; -1043
vtrace1; -147; -396; -314; -249; -212; -65
vtrace1; -2647; -2658; -2658; -11; -5294; -2647
vtrace1; -3198; -5586; -5586; -2388; -6396; -3198
vtrace1; -2132; -5224; -5224; -3092; -4264; -2132
vtrace1; 460; -1852; -2312; -2312; 460; 0
vtrace1; 216; -1959; -2175; -2175; 216; 0
vtrace1; -207; -747; 95; -540; 428; 635
vtrace1; -1226; -3544; -4636; -2318; -3544; -2318
vtrace1; -920; 659; 3498; 1579; 999; 1919
vtrace1; 348; 156; 156; -192; 696; 348
vtrace1; -1227; -3355; -3355; -2128; -2454; -1227
vtrace1; -1844; -1630; -650; 214; -2708; -864
vtrace1; 3107; -91; -2001; -3198; 4304; 1197
vtrace1; -196; -4607; -4411; -4411; -196; 0
vtrace1; -1066; -2132; -2132; -1066; -2132; -1066
vtrace1; -462; -1400; -752; -938; -276; 186
vtrace1; -1618; -1616; -939; 2; -2559; -941
vtrace1; 4200; 3177; 3177; -1023; 8400; 4200
vtrace1; -1229; -3357; -3357; -2128; -2458; -1229
vtrace1; -3117; -6234; -8297; -3117; -8297; -5180
vtrace1; 665; -1978; -2629; -2643; 679; 14
vtrace1; -192; -2822; -3051; -2630; -613; -421
vtrace1; -3393; -3114; -513; 279; -4185; -792
vtrace1; -52; 241; 586; 293; 241; 293
vtrace1; -556; -557; -557; -1; -1112; -556
vtrace1; -106; 511; 1944; 617; 1221; 1327
vtrace1; -1492; -1453; 273; 39; -1258; 234
vtrace1; -5180; -10360; -10360; -5180; -10360; -5180
vtrace1; -3372; -3912; -3912; -540; -6744; -3372
vtrace1; 587; -3465; -5159; -4052; -520; -1107
vtrace1; -287; -1433; 1530; -1146; 2389; 2676
vtrace1; -166; -3419; -1677; -3253; 1410; 1576
vtrace1; 45; -400; 1819; -445; 2309; 2264
vtrace1; 0; 633; 1266; 633; 633; 633
vtrace1; -80; 2225; 4610; 2305; 2225; 2305
vtrace1; 0; 0; 3101; 0; 3101; 3101
vtrace1; 248; -1848; -2096; -2096; 248; 0
vtrace1; -433; -434; -2; -1; -434; -1
vtrace1; 1; 2; 3102; 1; 3102; 3101
vtrace1; -192; -2822; -3022; -2630; -584; -392
vtrace1; -4145; -4901; -1820; -756; -5209; -1064
vtrace1; -2408; -1953; 496; 455; -2367; 41
vtrace1; 466; -74; -181; -540; 825; 359
vtrace1; -3949; -2752; -32; 1197; -5178; -1229
vtrace1; 216; -4115; -4115; -4331; 432; 216
vtrace1; -432; -570; 340; -138; 46; 478
vtrace1; 550; -74; -460; -624; 714; 164
vtrace1; -1219; -2174; 6501; -955; 6237; 7456
vtrace1; -1064; -2128; 2293; -1064; 2293; 3357
vtrace1; -556; -7000; -6716; -6444; -828; -272
vtrace1; 1944; -106; -1063; -2050; 2931; 987
vtrace1; -1087; -2174; -2174; -1087; -2174; -1087
vtrace1; 0; 1801; 5158; 1801; 3357; 3357
vtrace1; 305; 113; 909; -192; 1406; 1101
vtrace1; 14; -2033; -3981; -2047; -1920; -1934
vtrace1; -1038; -2076; -2076; -1038; -2076; -1038
vtrace1; -1826; -3225; -3528; -1399; -3955; -2129
vtrace1; -2027; -4054; -2027; -2027; -2027; 0
vtrace1; -737; -3331; -478; -2594; 1379; 2116
vtrace1; -1219; -2438; -3433; -1219; -3433; -2214
vtrace1; -558; -438; 1071; 120; 393; 951
vtrace1; -4411; -8822; -5640; -4411; -5640; -1229
vtrace1; -192; -1130; -939; -938; -193; -1
vtrace1; -2131; -2132; -1027; -1; -3157; -1026
vtrace1; -1143; 126; 2318; 1269; -94; 1049
vtrace1; 0; -3199; -2029; -3199; 1170; 1170
vtrace1; -1874; -2075; -2075; -201; -3748; -1874
vtrace1; 7; -1336; -1268; -1343; 82; 75
vtrace1; -1230; -1227; 715; 3; -518; 712
vtrace1; 2264; -2488; -4851; -4752; 2165; -99
vtrace1; -922; 853; 2889; 1775; 192; 1114
vtrace1; -2332; -6102; -4968; -3770; -3530; -1198
vtrace1; -1014; 142; 1445; 1156; -725; 289
vtrace1; -1664; -1545; -156; 119; -1939; -275
vtrace1; -166; -332; -332; -166; -332; -166
vtrace1; -1056; -2112; -2112; -1056; -2112; -1056
vtrace1; -484; -485; 2304; -1; 1821; 2305
vtrace1; 650; -1960; -2599; -2610; 661; 11
vtrace1; -464; -524; -60; -60; -464; 0
vtrace1; 1364; 1172; 2588; -192; 4144; 2780
vtrace1; -1360; -2202; -2615; -842; -3133; -1773
vtrace1; 696; -1981; -2623; -2677; 750; 54
vtrace1; -274; -1272; 1478; -998; 2202; 2476
vtrace1; -1567; -3134; -963; -1567; -963; 604
vtrace1; -971; -3104; -2282; -2133; -1120; -149
vtrace1; -1219; -2438; -3444; -1219; -3444; -2225
vtrace1; -5669; -5669; 366; 0; -5303; 366
vtrace1; 0; -1042; 1163; -1042; 2205; 2205
vtrace1; -1229; 1046; 4550; 2275; 1046; 2275
vtrace1; -970; 1196; 4332; 2166; 1196; 2166
vtrace1; 671; -2582; -2582; -3253; 1342; 671
vtrace1; -856; -356; 2726; 500; 1370; 2226
vtrace1; 5242; -1180; -6410; -6422; 5254; 12
vtrace1; -2189; -3284; -1091; -1095; -2185; 4
vtrace1; 0; -2177; -3235; -2177; -1058; -1058
vtrace1; -1670; -1669; 395; 1; -1276; 394
vtrace1; -387; -1055; -100; -668; 181; 568
vtrace1; -1330; 226; 1900; 1556; -986; 344
vtrace1; 496; -2472; -2992; -2968; 472; -24
vtrace1; -1223; -2446; -3445; -1223; -3445; -2222
vtrace1; -169; -338; -338; -169; -338; -169
vtrace1; -170; -340; -340; -170; -340; -170
vtrace1; -6408; -12816; -6326; -6408; -6326; 82
vtrace1; 78; -3664; -2658; -3742; 1162; 1084
vtrace1; -977; -833; 1511; 144; 390; 1367
vtrace1; -2130; -2130; 230; 0; -1900; 230
vtrace1; 117; -68; 1163; -185; 1465; 1348
vtrace1; -6; 1938; 3888; 1944; 1938; 1944
vtrace1; 1605; -469; -2139; -2074; 1540; -65
vtrace1; -3673; -10095; -6422; -6422; -3673; 0
vtrace1; -169; -2392; -4446; -2223; -2392; -2223
vtrace1; -2114; -2113; 231; 1; -1884; 230
vtrace1; -2625; -6829; -6829; -4204; -5250; -2625
vtrace1; 536; -110; -458; -646; 724; 188
vtrace1; -187; -374; -374; -187; -374; -187
vtrace1; -1227; -3449; -3449; -2222; -2454; -1227
vtrace1; -106; -1948; -1841; -1842; -105; 1
vtrace1; 0; -2133; -1928; -2133; 205; 205
vtrace1; -4331; -4473; -284; -142; -4473; -142
vtrace1; -1057; -2114; -870; -1057; -870; 187
vtrace1; -173; -346; -346; -173; -346; -173
vtrace1; -1227; -3432; -3432; -2205; -2454; -1227
vtrace1; 698; 3332; 7332; 2634; 5396; 4698
vtrace1; -1128; -2256; -2256; -1128; -2256; -1128
vtrace1; 1430; 1622; 1823; 192; 3061; 1631
vtrace1; 1041; -1173; -1607; -2214; 1648; 607
vtrace1; 0; -3368; -5389; -3368; -2021; -2021
vtrace1; -226; -2448; -3074; -2222; -1078; -852
vtrace1; -2132; -5330; -5330; -3198; -4264; -2132
vtrace1; -4265; -5876; -1063; -1611; -3717; 548
vtrace1; -1798; -1799; -116; -1; -1913; -115
vtrace1; 617; 734; 1317; 117; 1817; 1200
vtrace1; 0; 357; 1913; 357; 1556; 1556
vtrace1; -614; -614; -66; 0; -680; -66
vtrace1; 41; -2092; -3363; -2133; -1189; -1230
vtrace1; -417; -144; 527; 273; -163; 254
vtrace1; 1339; 1644; 1963; 305; 2997; 1658
vtrace1; -192; -384; -384; -192; -384; -192
vtrace1; -625; -1147; 10; -522; -93; 532
vtrace1; -462; -465; -49; -3; -508; -46
vtrace1; -142; -284; -284; -142; -284; -142
vtrace1; 39; -1726; -1381; -1765; 423; 384
vtrace1; 1; 596; 1918; 595; 1324; 1323
vtrace1; 764; 579; 579; -185; 1528; 764
vtrace1; 0; 596; 1192; 596; 596; 596
vtrace1; -5488; -5488; 0; 0; -5488; 0
vtrace1; 1; 83; 515; 82; 434; 433
vtrace1; -11; -41; 1314; -30; 1333; 1344
vtrace1; 1; -3374; -1306; -3375; 2070; 2069
vtrace1; -112; 212; 2034; 324; 1598; 1710
vtrace1; -2272; -2428; -2428; -156; -4544; -2272
vtrace1; 0; -3182; -3398; -3182; -216; -216
vtrace1; -1901; -1539; 724; 362; -1539; 362
vtrace1; 1255; -1063; -1132; -2318; 2441; 1186
vtrace1; -2828; -2651; 3386; 177; 381; 3209
vtrace1; -1058; -1095; 2344; -37; 1323; 2381
vtrace1; -432; -1370; 1677; -938; 2183; 2615
vtrace1; -160; -320; -320; -160; -320; -160
vtrace1; -2111; -1684; 887; 427; -1651; 460
vtrace1; 576; 1284; 3443; 708; 3311; 2735
vtrace1; 47; -915; -1292; -962; -283; -330
vtrace1; -420; -2550; -4260; -2130; -2550; -2130
vtrace1; -147; -2381; -4468; -2234; -2381; -2234
vtrace1; 3385; 2195; 1277; -1190; 5852; 2467
vtrace1; 1398; 0; -769; -1398; 2027; 629
vtrace1; -896; -1792; -502; -896; -502; 394
vtrace1; -2138; -2671; 890; -533; -715; 1423
vtrace1; -778; 435; 2752; 1213; 761; 1539
vtrace1; -4204; -961; 2913; 3243; -4534; -330
vtrace1; -2627; 2096; 9446; 4723; 2096; 4723
vtrace1; -6412; -4731; 1682; 1681; -6411; 1
vtrace1; -1798; -1798; -883; 0; -2681; -883
vtrace1; -1057; -2114; 6405; -1057; 6405; 7462
vtrace1; -2135; -5832; -7394; -3697; -5832; -3697
vtrace1; -499; -483; 1024; 16; 509; 1008
vtrace1; 586; 585; 646; -1; 1233; 647
vtrace1; -3145; -8315; -8369; -5170; -6344; -3199
vtrace1; -1229; -1137; 1297; 92; -24; 1205
vtrace1; -1; 42; 638; 43; 594; 595
vtrace1; 433; -1708; -1708; -2141; 866; 433
vtrace1; 457; -1235; -1692; -1692; 457; 0
vtrace1; -429; -3628; -4242; -3199; -1472; -1043
vtrace1; -3092; -3101; 1177; -9; -1906; 1186
vtrace1; 1579; 2330; 3178; 751; 4006; 2427
vtrace1; 88; 103; 443; 15; 516; 428
vtrace1; -6444; -6362; 407; 82; -6119; 325
vtrace1; 1944; -1446; -710; -3390; 4624; 2680
vtrace1; -113; -219; 3995; -106; 3988; 4101
vtrace1; -4145; -4145; 3462; 0; -683; 3462
vtrace1; -3102; -1811; 1887; 1291; -2506; 596
vtrace1; -2254; -2077; 2317; 177; -114; 2140
vtrace1; -1; -1854; -1854; -1853; -2; -1
vtrace1; -1; -600; -599; -599; -1; 0
vtrace1; -37; -893; -1246; -856; -427; -390
vtrace1; -2881; -2627; 255; 254; -2880; 1
vtrace1; -6444; -5286; 5778; 1158; -1824; 4620
vtrace1; -1; -148; 1283; -147; 1429; 1430
vtrace1; -1061; -2122; -819; -1061; -819; 242
vtrace1; -1219; -2285; -2132; -1066; -2285; -1066
vtrace1; -3350; -6442; -2607; -3092; -2865; 485
vtrace1; 34; -2523; -1382; -2557; 1209; 1175
vtrace1; 692; 73; -199; -619; 1112; 420
vtrace1; 770; -8; -8; -778; 1540; 770
vtrace1; -185; -689; -504; -504; -185; 0
vtrace1; 251; -743; -1516; -994; -271; -522
vtrace1; -1191; -2382; -3468; -1191; -3468; -2277
vtrace1; -2572; -2552; -2111; 20; -4703; -2131
vtrace1; 0; 2042; 4084; 2042; 2042; 2042
vtrace1; -2132; -2615; -2615; -483; -4264; -2132
vtrace1; 156; -1974; -2171; -2130; 115; -41
vtrace1; -2205; -4682; -2434; -2477; -2162; 43
vtrace1; -246; -492; -492; -246; -492; -246
vtrace1; -3542; -7007; -6624; -3465; -6701; -3159
vtrace1; -3375; -6750; -6750; -3375; -6750; -3375
vtrace1; -1651; -4015; -366; -2364; 347; 1998
vtrace1; -257; 2289; 5092; 2546; 2289; 2546
vtrace1; -3552; -934; 4805; 2618; -1365; 2187
vtrace1; 3416; 6832; 10869; 3416; 10869; 7453
vtrace1; -459; -459; -217; 0; -676; -217
vtrace1; -1059; -2118; -2286; -1059; -2286; -1227
vtrace1; -2208; -7380; -5171; -5172; -2207; 1
vtrace1; 164; -1964; -2165; -2128; 127; -37
vtrace1; 254; 88; 3135; -166; 3555; 3301
vtrace1; -1057; -2114; -2289; -1057; -2289; -1232
vtrace1; -2131; 1226; 6714; 3357; 1226; 3357
vtrace1; 293; -1312; -1593; -1605; 305; 12
vtrace1; -405; -1261; -893; -856; -442; -37
vtrace1; -556; -617; -39; -61; -534; 22
vtrace1; 376; -216; 1604; -592; 2572; 2196
vtrace1; -617; -1353; -661; -736; -542; 75
vtrace1; -1; 206; 4800; 207; 4592; 4593
vtrace1; 2836; -168; -2794; -3004; 3046; 210
vtrace1; -4331; -8662; -8662; -4331; -8662; -4331
vtrace1; 0; -2834; -2670; -2834; 164; 164
vtrace1; -3023; -476; 5094; 2547; -476; 2547
vtrace1; -667; 80; 1351; 747; -63; 604
vtrace1; -2136; -446; 1517; 1690; -2309; -173
vtrace1; -3; -561; -595; -558; -40; -37
vtrace1; -1627; -1498; 258; 129; -1498; 129
vtrace1; 2381; -30; 265; -2411; 5057; 2676
vtrace1; -1064; -2128; -2291; -1064; -2291; -1227
vtrace1; -2135; -3080; -1196; -945; -2386; -251
vtrace1; -390; -389; -148; 1; -539; -149
vtrace1; 1693; -923; -2315; -2616; 1994; 301
vtrace1; 420; 672; 1545; 252; 1713; 1293
vtrace1; -1042; -2084; -2269; -1042; -2269; -1227
vtrace1; 15; -514; 2017; -529; 2561; 2546
vtrace1; 2679; 2180; 1956; -499; 5134; 2455
vtrace1; -1566; -4761; -7187; -3195; -5558; -3992
vtrace1; -1057; -2114; -2256; -1057; -2256; -1199
vtrace1; -251; -502; -502; -251; -502; -251
vtrace1; 3101; 1100; 2879; -2001; 7981; 4880
vtrace1; -2205; -4410; -1150; -2205; -1150; 1055
vtrace1; -2435; -4870; -4870; -2435; -4870; -2435
vtrace1; 988; 1009; 2986; 21; 3953; 2965
vtrace1; 11; -6397; -6079; -6408; 340; 329
vtrace1; -9; -1305; 2045; -1296; 3332; 3341
vtrace1; -2262; -134; 4256; 2128; -134; 2128
vtrace1; 4698; 2055; 2055; -2643; 9396; 4698
vtrace1; -7202; -7114; -897; 88; -8187; -985
vtrace1; -1; -2048; -3981; -2047; -1935; -1934
vtrace1; -2610; -6875; -6875; -4265; -5220; -2610
vtrace1; 520; -2852; 729; -3372; 4621; 4101
vtrace1; -3207; -3393; -69; -186; -3090; 117
vtrace1; -4350; -8700; -8700; -4350; -8700; -4350
vtrace1; -486; -655; -169; -169; -486; 0
vtrace1; -515; -688; -98; -173; -440; 75
vtrace1; -2131; -5074; -4628; -2943; -3816; -1685
vtrace1; -1471; -1462; 1432; 9; -48; 1423
vtrace1; 1930; 1930; 7453; 0; 9383; 7453
vtrace1; -42; -42; 0; 0; -42; 0
vtrace1; -4336; -2223; 3653; 2113; -2796; 1540
vtrace1; -2192; -4544; -2522; -2352; -2362; -170
vtrace1; -542; -218; 648; 324; -218; 324
vtrace1; -856; -858; 874; -2; 20; 876
vtrace1; -2086; -2086; 3407; 0; 1321; 3407
vtrace1; -181; -846; 1526; -665; 2010; 2191
vtrace1; 1170; 113; 2244; -1057; 4471; 3301
vtrace1; 1084; 942; 1008; -142; 2234; 1150
vtrace1; 1016; -1115; 372; -2131; 3519; 2503
vtrace1; -700; -1400; -583; -700; -583; 117
vtrace1; 0; -420; -642; -420; -222; -222
vtrace1; -112; -4934; -6013; -4822; -1303; -1191
vtrace1; -856; 1259; 4230; 2115; 1259; 2115
vtrace1; -1312; -129; 2636; 1183; 141; 1453
vtrace1; -735; -1304; -568; -569; -734; 1
vtrace1; -30; -30; 2763; 0; 2733; 2763
vtrace1; -1935; -4223; 2612; -2288; 2965; 4900
vtrace1; -1057; -2114; -909; -1057; -909; 148
vtrace1; 0; -1889; 579; -1889; 2468; 2468
vtrace1; -485; -485; -160; 0; -645; -160
vtrace1; -2129; -2132; -1224; -3; -3350; -1221
vtrace1; 5165; 2973; 1005; -2192; 8362; 3197
vtrace1; -1; 541; 4742; 542; 4199; 4200
vtrace1; -1226; -3310; 2531; -2084; 3389; 4615
vtrace1; 0; -2696; -2696; -2696; 0; 0
vtrace1; -3393; -6786; -6786; -3393; -6786; -3393
vtrace1; 2892; -8; -2899; -2900; 2893; 1
vtrace1; -52; -51; 2; 1; -51; 1
vtrace1; -52; -52; 0; 0; -52; 0
vtrace1; 92; -2607; -2700; -2699; 91; -1
vtrace1; -4343; -3455; 900; 888; -4331; 12
vtrace1; 0; 1324; 8775; 1324; 7451; 7451
vtrace1; -316; -65; 2309; 251; 1742; 2058
vtrace1; -614; -614; -58; 0; -672; -58
vtrace1; 1747; -2023; -3759; -3770; 1758; 11
vtrace1; -417; -242; 448; 175; -144; 273
vtrace1; -1057; -2114; -2239; -1057; -2239; -1182
vtrace1; 0; -2021; -12; -2021; 2009; 2009
vtrace1; 1; 2; 587; 1; 587; 586
vtrace1; 2241; -200; -200; -2441; 4482; 2241
vtrace1; -7202; -3366; 3836; 3836; -7202; 0
vtrace1; -1045; 29; 1700; 1074; -419; 626
vtrace1; -1318; -2636; -3434; -1318; -3434; -2116
vtrace1; -3151; -1493; 1879; 1658; -2930; 221
vtrace1; 34; -2188; -3441; -2222; -1185; -1219
vtrace1; 0; 0; 635; 0; 635; 635
vtrace1; 648; -658; -1305; -1306; 649; 1
vtrace1; -2098; -4196; 96; -2098; 96; 2194
vtrace1; 1; -2601; 634; -2602; 3237; 3236
vtrace1; -246; -2803; 840; -2557; 3151; 3397
vtrace1; -2558; -4750; 1215; -2192; 849; 3407
vtrace1; -192; -26; 170; 166; -188; 4
vtrace1; -1482; -2700; -565; -1218; -829; 653
vtrace1; 0; 4; 555; 4; 551; 551
vtrace1; 0; -65; -65; -65; 0; 0
vtrace1; -2803; -5895; -3234; -3092; -2945; -142
vtrace1; -1843; -1843; -162; 0; -2005; -162
vtrace1; -2114; -6525; -3263; -4411; -966; 1148
vtrace1; -1; -1; 0; 0; -1; 0
vtrace1; -5348; -3444; 9357; 1904; 2105; 7453
vtrace1; -2189; -3470; 2298; -1281; 1390; 3579
vtrace1; -1057; 1137; 4388; 2194; 1137; 2194
vtrace1; -3635; -7270; -7270; -3635; -7270; -3635
vtrace1; 0; -2135; -2029; -2135; 106; 106
vtrace1; 215; -151; -151; -366; 430; 215
vtrace1; 7; -55; 1345; -62; 1414; 1407
vtrace1; -1183; -109; 3214; 1074; 957; 2140
vtrace1; 1; 2; 4699; 1; 4699; 4698
vtrace1; -364; -363; 270; 1; -95; 269
vtrace1; 532; -93; -625; -625; 532; 0
vtrace1; 724; -360; -1396; -1084; 412; -312
vtrace1; -505; -504; 433; 1; -73; 432
vtrace1; -2111; -4222; 76; -2111; 76; 2187
vtrace1; -2306; -3131; -1029; -825; -2510; -204
vtrace1; -2610; -5037; -4865; -2427; -5048; -2438
vtrace1; -2254; -114; 4245; 2140; -149; 2105
vtrace1; -6422; -12844; -10567; -6422; -10567; -4145
vtrace1; 184; -1993; -2177; -2177; 184; 0
vtrace1; -1344; -1310; -648; 34; -2026; -682
vtrace1; -2577; -420; 1991; 2157; -2743; -166
vtrace1; 1782; -229; 189; -2011; 3982; 2200
vtrace1; -4411; -5010; 1030; -599; -2782; 1629
vtrace1; -892; -399; 2183; 493; 798; 1690
vtrace1; -549; -2645; -1448; -2096; 99; 648
vtrace1; 82; 164; 612; 82; 612; 530
vtrace1; -106; -91; 30; 15; -91; 15
vtrace1; 161; 175; 1880; 14; 2027; 1866
vtrace1; -1198; -2241; -2101; -1043; -2256; -1058
vtrace1; -37; -3430; -2004; -3393; 1352; 1389
vtrace1; 1; -36; -36; -37; 2; 1
vtrace1; -2189; -4378; -2497; -2189; -2497; -308
vtrace1; -2779; -5001; -2653; -2222; -3210; -431
vtrace1; -20; -19; 2; 1; -19; 1
vtrace1; -1360; -1109; 2; 251; -1609; -249
vtrace1; 315; -2702; -3018; -3017; 314; -1
vtrace1; -1; -2112; -2023; -2111; 87; 88
vtrace1; -1800; -1868; 457; -68; -1275; 525
vtrace1; -1452; -1451; 2; 1; -1451; 1
vtrace1; -679; -4533; -642; -3854; 2533; 3212
vtrace1; -2121; -2004; 117; 117; -2121; 0
vtrace1; -3241; -694; 2561; 2547; -3227; 14
vtrace1; -1812; -1813; -787; -1; -2598; -786
vtrace1; -4331; -4355; -3116; -24; -7423; -3092
vtrace1; -598; -1244; 1344; -646; 1392; 1990
vtrace1; 0; -1; -1; -1; 0; 0
vtrace1; -1955; -2665; -776; -710; -2021; -66
vtrace1; -341; -407; -345; -66; -620; -279
vtrace1; 1; -4144; -4144; -4145; 2; 1
vtrace1; -7202; -6619; 2440; 583; -5345; 1857
vtrace1; -87; -685; -599; -598; -88; -1
vtrace1; 0; -52; -52; -52; 0; 0
vtrace1; -1230; -2272; -2084; -1042; -2272; -1042
vtrace1; 0; 117; 666; 117; 549; 549
vtrace1; -2236; -2264; -1141; -28; -3349; -1113
vtrace1; 1; -49; -49; -50; 2; 1
vtrace1; 1; -51; -51; -52; 2; 1
vtrace1; 0; -10; -10; -10; 0; 0
vtrace1; -1057; -2114; -1000; -1057; -1000; 57
vtrace1; -1223; -3541; -3541; -2318; -2446; -1223
vtrace1; -3192; -6384; -2962; -3192; -2962; 230
vtrace1; -1955; -1626; 622; 329; -1662; 293
vtrace1; -2133; -2016; 117; 117; -2133; 0
vtrace1; -790; 1376; 4234; 2166; 1278; 2068
vtrace1; -106; -3404; -3404; -3298; -212; -106
vtrace1; 1944; -48; -1998; -1992; 1938; -6
vtrace1; 2171; -112; -112; -2283; 4342; 2171
vtrace1; 1573; 2078; 3897; 505; 4965; 3392
vtrace1; -78; -77; 2; 1; -77; 1
vtrace1; -1700; -1383; 321; 317; -1696; 4
vtrace1; -2041; -2214; -1341; -173; -3209; -1168
vtrace1; -1230; -7638; -7638; -6408; -2460; -1230
vtrace1; 0; -15; -15; -15; 0; 0
vtrace1; -1227; -7639; -7639; -6412; -2454; -1227
vtrace1; -546; -138; 1241; 408; 287; 833
vtrace1; -2793; -629; 2736; 2164; -2221; 572
vtrace1; -4343; -3455; 895; 888; -4336; 7
vtrace1; -153; -2328; -3233; -2175; -1211; -1058
vtrace1; -2111; -2639; -2639; -528; -4222; -2111
vtrace1; 254; 254; 420; 0; 674; 420
vtrace1; 15; -1501; -1501; -1516; 30; 15
vtrace1; 318; 318; 4412; 0; 4730; 4412
vtrace1; -1281; -3517; 1343; -2236; 2298; 3579
vtrace1; 1; -2129; -17; -2130; 2114; 2113
vtrace1; 0; 32; 3408; 32; 3376; 3376
vtrace1; -726; -726; -726; 0; -1452; -726
vtrace1; -599; -617; -19; -18; -600; -1
vtrace1; -4911; -5486; -574; -575; -4910; 1
vtrace1; -2732; -6112; -3394; -3380; -2746; -14
vtrace1; 2543; -1988; -4572; -4531; 2502; -41
vtrace1; 274; 850; 5169; 576; 4867; 4593
vtrace1; -2946; -2946; 144; 0; -2802; 144
vtrace1; 596; -1683; 26; -2279; 2901; 2305
vtrace1; 0; -1523; -1523; -1523; 0; 0
vtrace1; 0; 2735; 5470; 2735; 2735; 2735
vtrace1; 1; -4751; -5405; -4752; -652; -653
vtrace1; -1492; -1453; 78; 39; -1453; 39
vtrace1; -785; -2012; -1228; -1227; -786; -1
vtrace1; -612; -1348; -808; -736; -684; -72
vtrace1; -551; -693; -142; -142; -551; 0
vtrace1; 166; -3163; -879; -3329; 2616; 2450
vtrace1; -1368; -2566; -3420; -1198; -3590; -2222
vtrace1; 11; 12; 2002; 1; 2012; 2001
vtrace1; 317; 318; 3809; 1; 4125; 3808
vtrace1; -1057; -2114; -1023; -1057; -1023; 34
vtrace1; 601; 352; 3528; -249; 4378; 3777
vtrace1; -2810; -3327; 2159; -517; -134; 2676
vtrace1; 0; -1061; -2122; -1061; -1061; -1061
vtrace1; -1230; 112; 1925; 1342; -647; 583
vtrace1; 888; -633; -1539; -1521; 870; -18
vtrace1; -5185; -10370; -5089; -5185; -5089; 96
vtrace1; -1; -2237; -3427; -2236; -1192; -1191
vtrace1; -2602; -2348; 4665; 254; 1809; 4411
vtrace1; -1; -557; 39; -556; 594; 595
vtrace1; -2254; -2427; -1196; -173; -3277; -1023
vtrace1; 0; 187; 656; 187; 469; 469
vtrace1; -634; -2748; -4228; -2114; -2748; -2114
vtrace1; -599; -1421; -783; -822; -560; 39
vtrace1; -62; -61; 0; 1; -63; -1
vtrace1; -444; 1196; 4686; 1640; 2602; 3046
vtrace1; 119; -4007; -6176; -4126; -1931; -2050
vtrace1; -3697; -7394; -7394; -3697; -7394; -3697
vtrace1; -5; -1259; 1414; -1254; 2663; 2668
vtrace1; -1; -1022; 730; -1021; 1750; 1751
vtrace1; -474; -1664; -1664; -1190; -948; -474
vtrace1; 0; -592; 25; -592; 617; 617
vtrace1; 1944; 1945; 2159; 1; 4102; 2158
vtrace1; -1281; -3331; -2115; -2050; -1346; -65
vtrace1; -2177; -3390; -1265; -1213; -2229; -52
vtrace1; -1778; -4852; -3074; -3074; -1778; 0
vtrace1; -4349; -4315; 202; 34; -4181; 168
vtrace1; -13; -14; 6; -1; -6; 7
vtrace1; -1057; -2114; -957; -1057; -957; 100
vtrace1; -2788; -5266; -1362; -2478; -1672; 1116
vtrace1; 1183; -128; -1192; -1311; 1302; 119
vtrace1; -2132; -2723; -2723; -591; -4264; -2132
vtrace1; 1140; -4764; -9258; -5904; -2214; -3354
vtrace1; 698; 1396; 3409; 698; 3409; 2711
vtrace1; 3063; -235; -2412; -3298; 3949; 886
vtrace1; 0; -1; 77; -1; 78; 78
vtrace1; -399; -1596; -1596; -1197; -798; -399
vtrace1; 1; -1422; -1423; -1423; 1; 0
vtrace1; 1; -1466; -1467; -1467; 1; 0
vtrace1; 0; 1; 3363; 1; 3362; 3362
vtrace1; 2256; 2060; 1873; -196; 4325; 2069
vtrace1; 1; 1; 3407; 0; 3408; 3407
vtrace1; -1202; -3377; -970; -2175; 3; 1205
vtrace1; -4140; -3887; -1380; 253; -5773; -1633
vtrace1; -2132; -2751; -2751; -619; -4264; -2132
vtrace1; 0; 4; 3366; 4; 3362; 3362
vtrace1; 1; 2; 3408; 1; 3408; 3407
vtrace1; -819; -819; 692; 0; -127; 692
vtrace1; 521; -39; -561; -560; 520; -1
vtrace1; -1692; -684; 1008; 1008; -1692; 0
vtrace1; 170; 695; 1833; 525; 1478; 1308
vtrace1; -1; 42; 2113; 43; 2069; 2070
vtrace1; -1; -252; -85; -251; 165; 166
vtrace1; 1; -2881; -2882; -2882; 1; 0
vtrace1; -1042; -3724; -3738; -2682; -2098; -1056
vtrace1; -3692; -7384; -7384; -3692; -7384; -3692
vtrace1; 0; -185; 45; -185; 230; 230
vtrace1; -2339; -3995; -2463; -1656; -3146; -807
vtrace1; -489; 1425; 5271; 1914; 2868; 3357
vtrace1; 751; -1911; -2908; -2662; 505; -246
vtrace1; 3369; 1194; 89; -2175; 5633; 2264
vtrace1; -1646; -302; 1554; 1344; -1436; 210
vtrace1; -3224; -6300; -2863; -3076; -3011; 213
vtrace1; -1; -3373; -3373; -3372; -2; -1
vtrace1; -3249; -1105; 2538; 2144; -2855; 394
vtrace1; -1332; -899; 577; 433; -1188; 144
vtrace1; -1; -3376; -3376; -3375; -2; -1
vtrace1; 1; -1; 9; -2; 12; 11
vtrace1; -3740; -7480; -5872; -3740; -5872; -2132
vtrace1; -1527; -6253; -5413; -4726; -2214; -687
vtrace1; -3284; -2672; 1224; 612; -2672; 612
vtrace1; -3240; -5384; -4321; -2144; -5417; -2177
vtrace1; -517; -400; 508; 117; -126; 391
vtrace1; 0; -65; 52; -65; 117; 117
vtrace1; -2132; -2013; 118; 119; -2133; -1
vtrace1; 1018; -597; -1073; -1615; 1560; 542
vtrace1; -735; -2832; -684; -2097; 678; 1413
vtrace1; -714; -715; -1; -1; -714; 0
vtrace1; -390; -1126; 1168; -736; 1514; 1904
vtrace1; 0; 645; 1290; 645; 645; 645
vtrace1; 1072; -39; -508; -1111; 1675; 603
vtrace1; -3673; -7346; -7346; -3673; -7346; -3673
vtrace1; 1; -2871; -2851; -2872; 22; 21
vtrace1; -1812; -3624; -3624; -1812; -3624; -1812
vtrace1; -30; -2191; -69; -2161; 2062; 2092
vtrace1; -1; -626; -13; -625; 611; 612
vtrace1; -1219; -79; 1247; 1140; -1112; 107
vtrace1; -1509; -5635; -4647; -4126; -2030; -521
vtrace1; -228; -689; 1608; -461; 1841; 2069
vtrace1; -1; 36; 2172; 37; 2134; 2135
vtrace1; -3342; -3343; -2; -1; -3343; -1
vtrace1; 0; -554; 58; -554; 612; 612
vtrace1; -364; -310; 240; 54; -178; 186
vtrace1; 2696; -1065; -1311; -3761; 5146; 2450
vtrace1; 566; 950; 4954; 384; 5136; 4570
vtrace1; -1056; 258; 4597; 1314; 2227; 3283
vtrace1; 0; 650; 1300; 650; 650; 650
vtrace1; -1735; -3831; -3831; -2096; -3470; -1735
vtrace1; -2088; -9; 4158; 2079; -9; 2079
vtrace1; 2185; -4114; -6302; -6299; 2182; -3
vtrace1; -1219; -2438; -2257; -1219; -2257; -1038
vtrace1; -2132; -1482; 1300; 650; -1482; 650
vtrace1; -2132; -1484; 1296; 648; -1484; 648
vtrace1; -2869; -4015; -1395; -1146; -3118; -249
vtrace1; -270; -1497; -1865; -1227; -908; -638
vtrace1; -47; -1797; -81; -1750; 1622; 1669
vtrace1; -1057; -2278; -2442; -1221; -2278; -1221
vtrace1; 498; -1619; 294; -2117; 2909; 2411
vtrace1; -392; -391; 345; 1; -48; 344
vtrace1; -1056; -2112; -2382; -1056; -2382; -1326
vtrace1; -420; -513; 1915; -93; 1588; 2008
vtrace1; -1056; -2112; 1185; -1056; 1185; 2241
vtrace1; -1404; -1605; 632; -201; -571; 833
vtrace1; 1; 1358; 3523; 1357; 2167; 2166
vtrace1; -2130; -2130; 1292; 0; -838; 1292
vtrace1; -5278; -4235; -2299; 1043; -8620; -3342
vtrace1; 0; -1026; -2052; -1026; -1026; -1026
vtrace1; -180; -179; 2; 1; -179; 1
vtrace1; -1177; -2354; -2264; -1177; -2264; -1087
vtrace1; -6422; -12844; -5167; -6422; -5167; 1255
vtrace1; 54; -901; -1511; -955; -502; -556
vtrace1; -549; -1098; 2752; -549; 2752; 3301
vtrace1; -1057; -2240; -2366; -1183; -2240; -1183
vtrace1; -1108; 1560; 5336; 2668; 1560; 2668
vtrace1; -27; -54; 225; -27; 225; 252
vtrace1; -2096; -1778; 636; 318; -1778; 318
vtrace1; 516; 516; 792; 0; 1308; 792
vtrace1; 88; -99; -186; -187; 89; 1
vtrace1; -2364; -4923; 135; -2559; 330; 2694
vtrace1; -916; -3616; -398; -2700; 1386; 2302
vtrace1; -2096; -4192; -1376; -2096; -1376; 720
vtrace1; -736; -2131; -2156; -1395; -1497; -761
vtrace1; -2065; -2065; -37; 0; -2102; -37
vtrace1; -643; -4840; -8394; -4197; -4840; -4197
vtrace1; 274; 1672; 5991; 1398; 4867; 4593
vtrace1; -1853; -3706; -3706; -1853; -3706; -1853
vtrace1; -1057; -2114; -1046; -1057; -1046; 11
vtrace1; -956; -3021; -4603; -2065; -3494; -2538
vtrace1; -455; -2678; -4446; -2223; -2678; -2223
vtrace1; -930; -1860; -1860; -930; -1860; -930
vtrace1; -1; -197; 2835; -196; 3030; 3031
vtrace1; -1820; -3640; -3640; -1820; -3640; -1820
vtrace1; -1; -41; 104; -40; 143; 144
vtrace1; -4377; -6987; -5220; -2610; -6987; -2610
vtrace1; 203; -2063; 1950; -2266; 4419; 4216
vtrace1; 1; -137; -104; -138; 35; 34
vtrace1; -735; -1470; -736; -735; -736; -1
vtrace1; -1110; -793; 321; 317; -1106; 4
vtrace1; 530; -568; -1362; -1098; 266; -264
vtrace1; 506; -578; -1253; -1084; 337; -169
vtrace1; -185; -370; 313; -185; 313; 498
vtrace1; 1071; -867; -2478; -1938; 531; -540
vtrace1; 0; -193; -193; -193; 0; 0
vtrace1; 0; -170; 45; -170; 215; 215
vtrace1; -1; -679; -679; -678; -2; -1
vtrace1; -1243; -2299; -2299; -1056; -2486; -1243
vtrace1; -1464; -1465; 95; -1; -1368; 96
vtrace1; 88; -2008; 2090; -2096; 4274; 4186
vtrace1; 0; -731; -792; -731; -61; -61
vtrace1; 143; 286; 629; 143; 629; 486
vtrace1; -492; -199; 294; 293; -491; 1
vtrace1; -2065; 4; 4138; 2069; 4; 2069
vtrace1; 2468; -159; -2627; -2627; 2468; 0
vtrace1; 255; -694; -346; -949; 858; 603
vtrace1; -6; -429; -685; -423; -268; -262
vtrace1; 0; -246; -246; -246; 0; 0
vtrace1; 1661; 1661; 3299; 0; 4960; 3299
vtrace1; -2277; -4025; -4025; -1748; -4554; -2277
vtrace1; -2065; -2065; -13; 0; -2078; -13
vtrace1; -2144; -4288; -48; -2144; -48; 2096
vtrace1; -2469; -7607; -5135; -5138; -2466; 3
vtrace1; 2052; 2057; 2740; 5; 4787; 2735
vtrace1; -430; -1243; 2577; -813; 2960; 3390
vtrace1; -1057; -2114; 1199; -1057; 1199; 2256
vtrace1; -420; -422; 602; -2; 184; 604
vtrace1; 433; -245; 1012; -678; 2123; 1690
vtrace1; -1845; -1714; 382; 131; -1594; 251
vtrace1; 276; -403; -399; -679; 556; 280
vtrace1; 0; 0; 2144; 0; 2144; 2144
vtrace1; -143; -144; 1735; -1; 1593; 1736
vtrace1; -1587; -1587; 120; 0; -1467; 120
vtrace1; -2813; -5626; -5626; -2813; -5626; -2813
vtrace1; -1049; -3178; -2485; -2129; -1405; -356
vtrace1; -738; -1476; 1521; -738; 1521; 2259
vtrace1; -2841; -2841; 1332; 0; -1509; 1332
vtrace1; -819; -1239; 58; -420; -341; 478
vtrace1; 585; -1546; -2030; -2131; 686; 101
vtrace1; -2408; -4816; -3904; -2408; -3904; -1496
vtrace1; -1; -2; 209; -1; 209; 210
vtrace1; -518; -527; -201; -9; -710; -192
vtrace1; -2779; -5558; -5558; -2779; -5558; -2779
vtrace1; 0; -3198; -6396; -3198; -3198; -3198
vtrace1; 2171; 1492; 2135; -679; 4985; 2814
vtrace1; 4; -1819; -1498; -1823; 329; 325
vtrace1; -1120; -2363; -3081; -1243; -2958; -1838
vtrace1; -2211; -4422; 1487; -2211; 1487; 3698
vtrace1; -1229; -2411; 2722; -1182; 2675; 3904
vtrace1; -1033; -1070; 1160; -37; 164; 1197
vtrace1; -1; -737; -1472; -736; -737; -736
vtrace1; -614; -452; 506; 162; -270; 344
vtrace1; 219; -1558; -1777; -1777; 219; 0
vtrace1; 525; -99; -99; -624; 1050; 525
vtrace1; -2558; -2687; 4011; -129; 1582; 4140
vtrace1; 390; 315; 315; -75; 780; 390
vtrace1; -3140; -2442; 3911; 698; 73; 3213
vtrace1; -390; -550; -320; -160; -550; -160
vtrace1; 216; 432; 3394; 216; 3394; 3178
vtrace1; -3715; -3483; -450; 232; -4397; -682
vtrace1; 88; -2777; -2868; -2865; 85; -3
vtrace1; 1; -105; 71; -106; 178; 177
vtrace1; 450; 900; 3118; 450; 3118; 2668
vtrace1; 1; 3401; 9028; 3400; 5629; 5628
vtrace1; -856; -1712; -712; -856; -712; 144
vtrace1; 498; -1598; 341; -2096; 2935; 2437
vtrace1; -4377; -4506; -4506; -129; -8754; -4377
vtrace1; -1; 431; 864; 432; 431; 432
vtrace1; 2128; 1820; 2810; -308; 5246; 3118
vtrace1; 0; -287; -53; -287; 234; 234
vtrace1; -1621; -860; 5173; 761; 2791; 4412
vtrace1; -856; -1712; -713; -856; -713; 143
vtrace1; -1780; -4675; -3160; -2895; -2045; -265
vtrace1; 130; 2864; 6091; 2734; 3487; 3357
vtrace1; 1812; -935; -2659; -2747; 1900; 88
vtrace1; 156; -2121; -3797; -2277; -1364; -1520
vtrace1; 7; 439; 4211; 432; 3786; 3779
vtrace1; 1170; 1001; 1001; -169; 2340; 1170
vtrace1; 0; 1084; 2168; 1084; 1084; 1084
vtrace1; -1598; -1598; 0; 0; -1598; 0
vtrace1; -2453; -3635; -2364; -1182; -3635; -1182
vtrace1; -2132; -2173; -82; -41; -2173; -41
vtrace1; -2084; -4168; -4168; -2084; -4168; -2084
vtrace1; 1330; -3013; -1269; -4343; 4404; 3074
vtrace1; -1227; -57; 2340; 1170; -57; 1170
vtrace1; -636; -574; -217; 62; -915; -279
vtrace1; -1446; -896; 550; 550; -1446; 0
vtrace1; 0; -3146; -6292; -3146; -3146; -3146
vtrace1; 2140; 1440; 1440; -700; 4280; 2140
vtrace1; -1243; -3905; -3704; -2662; -2285; -1042
vtrace1; -2098; -4196; -4196; -2098; -4196; -2098
vtrace1; 0; -687; 3499; -687; 4186; 4186
vtrace1; 747; 475; 4970; -272; 5989; 5242
vtrace1; -1229; -3421; -3657; -2192; -2694; -1465
vtrace1; -755; 1373; 4256; 2128; 1373; 2128
vtrace1; -3391; -3457; -132; -66; -3457; -66
vtrace1; 44; 88; 2159; 44; 2159; 2115
vtrace1; -2086; -4172; -4172; -2086; -4172; -2086
vtrace1; -1823; 5630; 14906; 7453; 5630; 7453
vtrace1; -3812; -1548; 2264; 2264; -3812; 0
vtrace1; -1219; -2438; -2332; -1219; -2332; -1113
vtrace1; -1230; -3365; -2321; -2135; -1416; -186
vtrace1; 1; -493; -884; -494; -389; -390
vtrace1; -2051; -4983; -2932; -2932; -2051; 0
vtrace1; 1; 2; 2141; 1; 2141; 2140
vtrace1; -4297; -5401; -708; -1104; -3901; 396
vtrace1; 1; -4296; -4258; -4297; 40; 39
vtrace1; 289; -1840; -1840; -2129; 578; 289
vtrace1; -1889; -2151; -2327; -262; -3954; -2065
vtrace1; -1; -806; -805; -805; -1; 0
vtrace1; -2508; -893; 1635; 1615; -2488; 20
vtrace1; 692; -1585; -1627; -2277; 1342; 650
vtrace1; 3; -15; 233; -18; 254; 251
vtrace1; 301; 271; 553; -30; 884; 583
vtrace1; -522; -271; 502; 251; -271; 251
vtrace1; 362; 782; 4606; 420; 4548; 4186
vtrace1; 1; 1309; 4200; 1308; 2893; 2892
vtrace1; 472; -1219; -600; -1691; 1563; 1091
vtrace1; 96; -148; 4168; -244; 4508; 4412
vtrace1; 426; -3316; -620; -3742; 3548; 3122
vtrace1; -390; -2612; -1724; -2222; 108; 498
vtrace1; -539; -983; -251; -444; -346; 193
vtrace1; -1229; -7; 2444; 1222; -7; 1222
vtrace1; 1143; 1143; 1143; 0; 2286; 1143
vtrace1; -736; -23; 2954; 713; 1505; 2241
vtrace1; 338; -398; 1880; -736; 2954; 2616
vtrace1; -1230; -2294; 2127; -1064; 1961; 3191
vtrace1; 203; 227; 4748; 24; 4927; 4724
vtrace1; -18; -161; -28; -143; 97; 115
vtrace1; -1885; -3770; -3770; -1885; -3770; -1885
vtrace1; -5775; -6315; 1633; -540; -3602; 2173
vtrace1; -2435; -4870; -2434; -2435; -2434; 1
vtrace1; -2152; -2166; -28; -14; -2166; -14
vtrace1; -366; -751; 1843; -385; 1862; 2228
vtrace1; -2211; -4422; 1393; -2211; 1393; 3604
vtrace1; -462; -208; 1385; 254; 669; 1131
vtrace1; 586; 1172; 3687; 586; 3687; 3101
vtrace1; 0; -2137; -860; -2137; 1277; 1277
vtrace1; 0; -549; -220; -549; 329; 329
vtrace1; -738; -822; -168; -84; -822; -84
vtrace1; 2073; 2073; 4101; 0; 6174; 4101
vtrace1; -3143; -905; 2238; 2238; -3143; 0
vtrace1; -73; -73; 166; 0; 93; 166
vtrace1; 4367; 4480; 4706; 113; 8960; 4593
vtrace1; -3143; -907; 2236; 2236; -3143; 0
vtrace1; 144; -48; 1376; -192; 1712; 1568
vtrace1; 0; 0; 2079; 0; 2079; 2079
vtrace1; -1974; -3510; -3072; -1536; -3510; -1536
vtrace1; -2627; -2628; 2467; -1; -159; 2468
vtrace1; -1998; -3036; -2257; -1038; -3217; -1219
vtrace1; 1; -501; -994; -502; -491; -492
vtrace1; -420; -3888; -5822; -3468; -2774; -2354
vtrace1; -1889; -2169; -2345; -280; -3954; -2065
vtrace1; -2096; -4192; -4192; -2096; -4192; -2096
vtrace1; -533; -4626; -5047; -4093; -1487; -954
vtrace1; -2536; -2536; -2536; 0; -5072; -2536
vtrace1; -1; 1115; 2232; 1116; 1115; 1116
vtrace1; 3132; -3003; -6135; -6135; 3132; 0
vtrace1; -1; -1044; -2086; -1043; -1044; -1043
vtrace1; -1; -1; 208; 0; 207; 208
vtrace1; 0; 1148; 2296; 1148; 1148; 1148
vtrace1; -560; -373; 374; 187; -373; 187
vtrace1; 0; -313; -232; -313; 81; 81
vtrace1; -1; -1184; -125; -1183; 1057; 1058
vtrace1; -60; -60; 143; 0; 83; 143
vtrace1; -2; -2238; -167; -2236; 2067; 2069
vtrace1; 0; -147; 4262; -147; 4409; 4409
vtrace1; -610; 3491; 8202; 4101; 3491; 4101
vtrace1; -2105; -4316; -4209; -2211; -4103; -1998
vtrace1; -28; -2107; -2107; -2079; -56; -28
vtrace1; -1059; -843; 1977; 216; 702; 1761
vtrace1; -463; -427; 632; 36; 133; 596
vtrace1; -2135; -4543; -2857; -2408; -2584; -449
vtrace1; -1206; -2404; -2421; -1198; -2429; -1223
vtrace1; -3570; -7140; -1465; -3570; -1465; 2105
vtrace1; -2813; -3957; -2288; -1144; -3957; -1144
vtrace1; -4204; -4204; 3243; 0; -961; 3243
vtrace1; -3390; -7767; -9646; -4377; -8659; -5269
vtrace1; 645; 1465; 3600; 820; 3425; 2780
vtrace1; 770; -3607; -4377; -4377; 770; 0
vtrace1; 37; -194; -232; -231; 36; -1
vtrace1; -147; -2163; -2053; -2016; -184; -37
vtrace1; -2555; -5110; -2548; -2555; -2548; 7
vtrace1; -819; -838; -19; -19; -819; 0
vtrace1; 0; -1; 132; -1; 133; 133
vtrace1; -1838; -780; 978; 1058; -1918; -80
vtrace1; 1; 108; 2223; 107; 2117; 2116
vtrace1; 339; 339; 3851; 0; 4190; 3851
vtrace1; 0; -2561; 135; -2561; 2696; 2696
vtrace1; -659; -685; 1542; -26; 909; 1568
vtrace1; -678; -827; 1541; -149; 1012; 1690
vtrace1; -1191; -2382; -2382; -1191; -2382; -1191
vtrace1; 404; 726; 3149; 322; 3231; 2827
vtrace1; 230; -5118; -6577; -5348; -999; -1229
vtrace1; 0; -598; -974; -598; -376; -376
vtrace1; 0; -106; 139; -106; 245; 245
vtrace1; -1229; -23; 2412; 1206; -23; 1206
vtrace1; -786; -485; 602; 301; -485; 301
vtrace1; 34; -6388; -7770; -6422; -1314; -1348
vtrace1; 553; -203; -757; -756; 552; -1
vtrace1; 2321; 1630; 1253; -691; 4265; 1944
vtrace1; 0; -731; -888; -731; -157; -157
vtrace1; -3558; -3443; -701; 115; -4374; -816
vtrace1; -927; -500; 700; 427; -654; 273
vtrace1; -2679; -2246; -260; 433; -3372; -693
vtrace1; 603; -5841; 1012; -6444; 8059; 7456
vtrace1; 489; -77; -567; -566; 488; -1
vtrace1; 136; -510; -281; -646; 501; 365
vtrace1; -1232; -5609; -2431; -4377; 714; 1946
vtrace1; -527; -314; 1419; 213; 679; 1206
vtrace1; -1768; -1938; 857; -170; -741; 1027
vtrace1; -3143; -5919; -5919; -2776; -6286; -3143
vtrace1; -1934; -1658; 314; 276; -1896; 38
vtrace1; -297; -297; 0; 0; -297; 0
vtrace1; -668; -83; 1201; 585; -52; 616
vtrace1; -366; -732; 1814; -366; 1814; 2180
vtrace1; -2495; -2495; -2495; 0; -4990; -2495
vtrace1; -2039; 119; 5709; 2158; 1512; 3551
vtrace1; 724; 762; 876; 38; 1562; 838
vtrace1; -3364; -4356; -992; -992; -3364; 0
vtrace1; -206; -876; -669; -670; -205; 1
vtrace1; -1230; -30; 2400; 1200; -30; 1200
vtrace1; -1059; -7471; -6581; -6412; -1228; -169
vtrace1; 175; -4494; -3079; -4669; 1765; 1590
vtrace1; 1944; -683; -1521; -2627; 3050; 1106
vtrace1; -1401; 289; 2945; 1690; -146; 1255
vtrace1; -3207; -2297; 3606; 910; -511; 2696
vtrace1; -2177; -4388; -5531; -2211; -5497; -3320
vtrace1; -1673; -3346; -3878; -1673; -3878; -2205
vtrace1; -1651; -1617; 68; 34; -1617; 34
vtrace1; -4411; -3875; 2165; 536; -2782; 1629
vtrace1; 2635; -234; -2854; -2869; 2650; 15
vtrace1; -1226; -2409; -2409; -1183; -2452; -1226
vtrace1; 315; -421; 1932; -736; 2983; 2668
vtrace1; 0; -712; 883; -712; 1595; 1595
vtrace1; -1730; -4373; -3954; -2643; -3041; -1311
vtrace1; -2813; -2975; 2573; -162; -78; 2735
vtrace1; -1198; -2396; -2396; -1198; -2396; -1198
vtrace1; 0; -2205; -821; -2205; 1384; 1384
vtrace1; -2129; -4258; -4258; -2129; -4258; -2129
vtrace1; -2130; -4260; -4260; -2130; -4260; -2130
vtrace1; -676; -1501; -827; -825; -678; -2
vtrace1; -1199; -2398; -2398; -1199; -2398; -1199
vtrace1; -81; -2211; -2211; -2130; -162; -81
vtrace1; -1177; -2354; -2354; -1177; -2354; -1177
vtrace1; -2131; -4262; -4262; -2131; -4262; -2131
vtrace1; -2192; -2176; -61; 16; -2269; -77
vtrace1; -2132; -4264; -4264; -2132; -4264; -2132
vtrace1; 489; 222; 2468; -267; 3224; 2735
vtrace1; -5170; -5039; -3249; 131; -8550; -3380
vtrace1; -1213; -2426; -2426; -1213; -2426; -1213
vtrace1; -3023; -3023; 1; 0; -3022; 1
vtrace1; -2205; 355; 5120; 2560; 355; 2560
vtrace1; 2418; 100; -2126; -2318; 2610; 192
vtrace1; 1084; 942; 7314; -142; 8540; 7456
vtrace1; -2132; -2194; -124; -62; -2194; -62
vtrace1; -6408; -6773; -6773; -365; -12816; -6408
vtrace1; -4956; -9333; -2808; -4377; -3387; 1569
vtrace1; -579; -2711; -1000; -2132; 553; 1132
vtrace1; -3003; -7330; -4826; -4327; -3502; -499
vtrace1; 0; -2189; -2197; -2189; -8; -8
vtrace1; 408; 1806; 5991; 1398; 5001; 4593
vtrace1; 1148; -4094; -4094; -5242; 2296; 1148
vtrace1; -28; -1083; -868; -1055; 159; 187
vtrace1; -599; 1547; 4292; 2146; 1547; 2146
vtrace1; -2134; -4268; -4268; -2134; -4268; -2134
vtrace1; 559; -2864; -2864; -3423; 1118; 559
vtrace1; -1; -3; 323; -2; 324; 325
vtrace1; -1; -3160; -6318; -3159; -3160; -3159
vtrace1; -3029; -415; 2750; 2614; -2893; 136
vtrace1; -2132; -2198; -132; -66; -2198; -66
vtrace1; -1182; -2364; -2364; -1182; -2364; -1182
vtrace1; -1; -2; 324; -1; 324; 325
vtrace1; -483; -813; -479; -330; -632; -149
vtrace1; -2135; -4270; -4270; -2135; -4270; -2135
vtrace1; -2478; -2604; 3999; -126; 1647; 4125
vtrace1; -1183; -2366; -2366; -1183; -2366; -1183
vtrace1; -1754; -1499; 254; 255; -1755; -1
vtrace1; -4145; -3549; -152; 596; -4893; -748
vtrace1; -1360; -2720; 194; -1360; 194; 1554
vtrace1; -4327; -4888; -3404; -561; -7170; -2843
vtrace1; 293; -2019; -2563; -2312; 42; -251
vtrace1; 75; 1648; 3603; 1573; 2105; 2030
vtrace1; 192; -2558; -3170; -2750; -228; -420
vtrace1; 0; 0; 779; 0; 779; 779
vtrace1; -1561; -2599; -3356; -1038; -3879; -2318
vtrace1; -2132; -2204; -144; -72; -2204; -72
vtrace1; -270; -269; 2; 1; -269; 1
vtrace1; -269; -268; 1; 1; -269; 0
vtrace1; 166; 332; 762; 166; 762; 596
vtrace1; 1308; -969; -2278; -2277; 1307; -1
vtrace1; 391; 391; 391; 0; 782; 391
vtrace1; -464; -2797; 71; -2333; 1940; 2404
vtrace1; -2234; -5005; -2772; -2771; -2235; -1
vtrace1; -679; 907; 4321; 1586; 2056; 2735
vtrace1; -2047; 93; 2912; 2140; -1275; 772
vtrace1; -1041; -1078; 217; -37; -787; 254
vtrace1; -1; -863; -863; -862; -2; -1
vtrace1; -2131; -2323; -168; -192; -2107; 24
vtrace1; -2569; -5767; -1093; -3198; -464; 2105
vtrace1; -312; -624; -624; -312; -624; -312
vtrace1; -2130; -2203; -146; -73; -2203; -73
vtrace1; 1167; 1511; 2517; 344; 3340; 2173
vtrace1; -520; -481; 4140; 39; 3581; 4101
vtrace1; -1754; -1499; 224; 255; -1785; -31
vtrace1; 3392; 2480; 1659; -912; 5963; 2571
vtrace1; -2854; -4965; -2112; -2111; -2855; -1
vtrace1; 1; -2073; -2213; -2074; -138; -139
vtrace1; -2175; -4350; -4350; -2175; -4350; -2175
vtrace1; -1671; -5344; -5344; -3673; -3342; -1671
vtrace1; -687; -114; 1093; 573; -167; 520
vtrace1; -1244; 1302; 4867; 2546; 1077; 2321
vtrace1; -5348; -10696; -10696; -5348; -10696; -5348
vtrace1; -2098; -2894; -2894; -796; -4196; -2098
vtrace1; -2541; -445; 2264; 2096; -2373; 168
vtrace1; -1872; -1593; -1136; 279; -3287; -1415
vtrace1; -2642; -4419; -1773; -1777; -2638; 4
vtrace1; 356; -1921; 2587; -2277; 5220; 4864
vtrace1; -4833; -6016; -244; -1183; -3894; 939
vtrace1; 0; -301; -301; -301; 0; 0
vtrace1; -2128; -4256; -4256; -2128; -4256; -2128
vtrace1; -3455; -5539; -173; -2084; -1544; 1911
vtrace1; -156; -2331; -2174; -2175; -155; 1
vtrace1; 144; -2483; -3178; -2627; -407; -551
vtrace1; -2777; -5899; -2919; -3122; -2574; 203
vtrace1; -1918; -2114; -392; -196; -2114; -196
vtrace1; -279; -558; -558; -279; -558; -279
vtrace1; 1430; -759; -2415; -2189; 1204; -226
vtrace1; -1218; -2436; -2436; -1218; -2436; -1218
vtrace1; -4411; -8822; -8822; -4411; -8822; -4411
vtrace1; -316; -632; -632; -316; -632; -316
vtrace1; -1219; -4443; -6448; -3224; -4443; -3224
vtrace1; 0; 251; 5019; 251; 4768; 4768
vtrace1; -2144; -4288; -4288; -2144; -4288; -2144
vtrace1; -2318; -2331; 1521; -13; -784; 1534
vtrace1; -2803; -3054; -3054; -251; -5606; -2803
vtrace1; -267; -534; -534; -267; -534; -267
vtrace1; -2929; -5858; -2928; -2929; -2928; 1
vtrace1; -3143; -907; 2212; 2236; -3167; -24
vtrace1; -2223; -4446; -2783; -2223; -2783; -560
vtrace1; -4377; -8754; -8754; -4377; -8754; -4377
vtrace1; -6408; -12816; -5383; -6408; -5383; 1025
vtrace1; 350; 1441; 3354; 1091; 2613; 2263
vtrace1; -1; -2696; -206; -2695; 2488; 2489
vtrace1; -1198; -4940; -3743; -3742; -1199; -1
vtrace1; -681; -1362; -912; -681; -912; -231
vtrace1; -251; 1755; 5920; 2006; 3663; 3914
vtrace1; 75; 150; 857; 75; 857; 782
vtrace1; 2427; 2427; 2685; 0; 5112; 2685
vtrace1; 820; 812; 812; -8; 1640; 820
vtrace1; 0; 215; 3622; 215; 3407; 3407
vtrace1; -534; -4304; -3770; -3770; -534; 0
vtrace1; -3489; -6978; -6978; -3489; -6978; -3489
vtrace1; -2086; -1499; 1174; 587; -1499; 587
vtrace1; -4673; -9346; -5135; -4673; -5135; -462
vtrace1; 0; 143; 2301; 143; 2158; 2158
vtrace1; -1221; -2442; -2442; -1221; -2442; -1221
vtrace1; -3770; -4361; -557; -591; -3736; 34
vtrace1; -731; -2817; -4340; -2086; -2985; -2254
vtrace1; -37; -476; -878; -439; -476; -439
vtrace1; -1679; 5804; 14966; 7483; 5804; 7483
vtrace1; -320; -640; -640; -320; -640; -320
vtrace1; 88; -1158; 828; -1246; 2162; 2074
vtrace1; 0; -522; 980; -522; 1502; 1502
vtrace1; -270; -540; -540; -270; -540; -270
vtrace1; -1223; -2446; -2446; -1223; -2446; -1223
vtrace1; -492; -2437; 749; -1945; 2202; 2694
vtrace1; 1; 39; 2302; 38; 2265; 2264
vtrace1; -2177; -4604; -2859; -2427; -2609; -432
vtrace1; 164; -2483; -3879; -2647; -1068; -1232
vtrace1; 324; 325; 531; 1; 854; 530
vtrace1; -2354; -4997; 1434; -2643; 1723; 4077
vtrace1; -481; -354; 246; 127; -362; 119
vtrace1; -4197; -2253; 417; 1944; -5724; -1527
vtrace1; -2610; -3318; -1790; -708; -3692; -1082
vtrace1; -1246; -2492; -2469; -1246; -2469; -1223
vtrace1; -1889; -1283; 2270; 606; -225; 1664
vtrace1; -1186; -2413; -1145; -1227; -1104; 82
vtrace1; -2223; -5041; -2818; -2818; -2223; 0
vtrace1; -3364; -4356; -993; -992; -3365; -1
vtrace1; -846; -1692; -846; -846; -846; 0
vtrace1; 0; 1; 2265; 1; 2264; 2264
vtrace1; -1; -354; -261; -353; 91; 92
vtrace1; -148; -17; 1074; 131; 795; 943
vtrace1; -4925; -3739; 3321; 1186; -2790; 2135
vtrace1; -1226; -2452; -2452; -1226; -2452; -1226
vtrace1; 0; 590; 4999; 590; 4409; 4409
vtrace1; -679; -1278; 1627; -599; 1547; 2226
vtrace1; -1781; -1781; 0; 0; -1781; 0
vtrace1; 3; -1155; 946; -1158; 2107; 2104
vtrace1; -1227; -2454; -2454; -1227; -2454; -1227
vtrace1; -1228; -2456; -2456; -1228; -2456; -1228
vtrace1; -1230; -2460; -2451; -1230; -2451; -1221
vtrace1; -1325; 3268; 9186; 4593; 3268; 4593
vtrace1; -1055; -472; 828; 583; -810; 245
vtrace1; -1753; -5760; -4002; -4007; -1748; 5
vtrace1; 230; 440; 786; 210; 806; 576
vtrace1; -662; -2851; 336; -2189; 1863; 2525
vtrace1; -18; -2207; -829; -2189; 1342; 1360
vtrace1; -1243; -2486; -2486; -1243; -2486; -1243
vtrace1; -1338; -1957; 318; -619; -401; 937
vtrace1; 650; 132; 2374; -518; 3542; 2892
vtrace1; -2133; -4325; -4325; -2192; -4266; -2133
vtrace1; -2098; -4196; -181; -2098; -181; 1917
vtrace1; 0; -749; -1019; -749; -270; -270
vtrace1; -738; -1476; -923; -738; -923; -185
vtrace1; 0; -2616; -1021; -2616; 1595; 1595
vtrace1; -739; 287; 1592; 1026; -173; 566
vtrace1; -1230; -2460; -2460; -1230; -2460; -1230
vtrace1; -1230; -2459; -2459; -1229; -2460; -1230
vtrace1; -1874; -2091; -1815; -217; -3472; -1598
vtrace1; -1227; 1968; 6390; 3195; 1968; 3195
vtrace1; -2386; -2107; 4691; 279; 2026; 4412
vtrace1; 100; -392; 816; -492; 1408; 1308
vtrace1; -185; -5370; -777; -5185; 4223; 4408
vtrace1; -614; -1228; 2856; -614; 2856; 3470
vtrace1; 0; -364; 1601; -364; 1965; 1965
vtrace1; -1692; -1692; 0; 0; -1692; 0
vtrace1; -1692; -1691; 1; 1; -1692; 0
vtrace1; -1246; -2492; -2492; -1246; -2492; -1246
vtrace1; -52; -2257; -2257; -2205; -104; -52
vtrace1; 2735; 2130; 1602; -605; 4942; 2207
vtrace1; -561; -4892; -8662; -4331; -4892; -4331
vtrace1; -2096; -8518; -2241; -6422; 2085; 4181
vtrace1; 0; 0; 2200; 0; 2200; 2200
vtrace1; -1515; -1935; -840; -420; -1935; -420
vtrace1; 1216; 3427; 6620; 2211; 5625; 4409
vtrace1; -2132; -1549; 1166; 583; -1549; 583
vtrace1; -3441; -5585; -277; -2144; -1574; 1867
vtrace1; -5067; -4788; 558; 279; -4788; 279
vtrace1; 0; 0; 2207; 0; 2207; 2207
vtrace1; -3037; -1653; 1384; 1384; -3037; 0
vtrace1; 1; 330; 925; 329; 597; 596
vtrace1; -584; -780; -392; -196; -780; -196
vtrace1; 0; -518; -908; -518; -390; -390
vtrace1; -1177; 2020; 6394; 3197; 2020; 3197
vtrace1; -1460; -3592; -3592; -2132; -2920; -1460
vtrace1; 2735; 2735; 3060; 0; 5795; 3060
vtrace1; -376; -752; -752; -376; -752; -376
vtrace1; -370; 404; 2029; 774; 885; 1255
vtrace1; -2156; -3154; -998; -998; -2156; 0
vtrace1; 4101; 3681; 3681; -420; 8202; 4101
vtrace1; 295; -1837; -1313; -2132; 1114; 819
vtrace1; -1873; -3092; -1219; -1219; -1873; 0
vtrace1; -549; -549; 166; 0; -383; 166
vtrace1; 234; 2031; 4158; 1797; 2595; 2361
vtrace1; -2927; -5854; -4325; -2927; -4325; -1398
vtrace1; -561; -1122; -1122; -561; -1122; -561
vtrace1; -2682; -3310; -497; -628; -2551; 131
vtrace1; 203; 406; 782; 203; 782; 579
vtrace1; -700; -2356; -2356; -1656; -1400; -700
vtrace1; 1; -114; 1621; -115; 1737; 1736
vtrace1; 19; -2092; -2412; -2111; -282; -301
vtrace1; -2929; -3362; -147; -433; -2643; 286
vtrace1; -78; -41; 381; 37; 266; 344
vtrace1; 550; -1580; -1580; -2130; 1100; 550
vtrace1; -3036; -3718; -1364; -682; -3718; -682
vtrace1; -3102; -3725; -1982; -623; -4461; -1359
vtrace1; -1527; -426; 5202; 1101; 2574; 4101
vtrace1; -3487; -6974; -6974; -3487; -6974; -3487
vtrace1; 1200; 1134; 1816; -66; 3082; 1882
vtrace1; -2211; -4342; -4262; -2131; -4342; -2131
vtrace1; -2132; -1582; 1100; 550; -1582; 550
vtrace1; 2191; -436; -2627; -2627; 2191; 0
vtrace1; -558; -558; 779; 0; 221; 779
vtrace1; -365; -730; -730; -365; -730; -365
vtrace1; 216; -1870; -1870; -2086; 432; 216
vtrace1; 1451; -821; -2525; -2272; 1198; -253
vtrace1; -2750; -2916; -3042; -166; -5626; -2876
vtrace1; -320; 103; 674; 423; -69; 251
vtrace1; 57; 164; 2407; 107; 2357; 2300
vtrace1; 0; 2822; 5644; 2822; 2822; 2822
vtrace1; -2085; -4170; -1658; -2085; -1658; 427
vtrace1; -1222; -106; 2232; 1116; -106; 1116
vtrace1; 214; -1914; -1914; -2128; 428; 214
vtrace1; -3159; -2995; -1973; 164; -5296; -2137
vtrace1; -2; -4094; -4408; -4092; -318; -316
vtrace1; -1164; -737; 854; 427; -737; 427
vtrace1; -583; 2113; 4906; 2696; 1627; 2210
vtrace1; -2217; -4347; -4260; -2130; -4347; -2130
vtrace1; -5242; -9653; -3263; -4411; -4094; 1148
vtrace1; -1; 279; 932; 280; 651; 652
vtrace1; -62; 328; 4387; 390; 3935; 3997
vtrace1; -2132; -1588; 1088; 544; -1588; 544
vtrace1; -1057; -2114; 93; -1057; 93; 1150
vtrace1; -2236; -2236; 1257; 0; -979; 1257
vtrace1; -518; -1036; -1036; -518; -1036; -518
vtrace1; 0; 0; 999; 0; 999; 999
vtrace1; 2095; 1596; 1636; -499; 4230; 2135
vtrace1; 0; 355; 1000; 355; 645; 645
vtrace1; -912; -912; 551; 0; -361; 551
vtrace1; -66; -797; -340; -731; 325; 391
vtrace1; -1059; -4434; -6750; -3375; -4434; -3375
vtrace1; 2211; 2212; 2823; 1; 5033; 2822
vtrace1; -2206; -4335; -4258; -2129; -4335; -2129
vtrace1; 0; -2650; -384; -2650; 2266; 2266
vtrace1; -533; -1066; -1066; -533; -1066; -533
vtrace1; -2205; 476; 5362; 2681; 476; 2681
vtrace1; 0; -6444; -6445; -6444; -1; -1
vtrace1; -5170; -10340; -6715; -5170; -6715; -1545
vtrace1; -1218; -2436; -1217; -1218; -1217; 1
vtrace1; -3362; -6141; -5133; -2779; -5716; -2354
vtrace1; -2272; -4954; -7013; -2682; -6603; -4331
vtrace1; -1057; -2114; 17; -1057; 17; 1074
vtrace1; -2627; -371; 2300; 2256; -2583; 44
vtrace1; -2431; -4862; -2739; -2431; -2739; -308
vtrace1; 2488; -1271; -1503; -3759; 4744; 2256
vtrace1; -66; -2195; -942; -2129; 1121; 1187
vtrace1; -2283; -2841; -2841; -558; -4566; -2283
vtrace1; 2098; -2313; -4473; -4411; 2036; -62
vtrace1; -14; -32; 469; -18; 473; 487
vtrace1; -2205; 479; 5368; 2684; 479; 2684
vtrace1; 1640; -444; -1288; -2084; 2436; 796
vtrace1; -1; -53; 350; -52; 401; 402
vtrace1; 254; 254; 2079; 0; 2333; 2079
vtrace1; -557; -1114; -1114; -557; -1114; -557
vtrace1; -1079; -646; 4841; 433; 3329; 4408
vtrace1; -2763; -2550; -343; 213; -3319; -556
vtrace1; 0; 0; 971; 0; 971; 971
