vtrace1; I a; I ab; I bc; I b; I ac; I c
vtrace1; -166; -332; -165; -166; -165; 1
vtrace1; -6444; -11629; -2078; -5185; -3337; 3107
vtrace1; -560; -1120; -1120; -560; -1120; -560
vtrace1; -1342; -1383; 305; -41; -996; 346
vtrace1; 219; -2391; -1856; -2610; 973; 754
vtrace1; -1057; -1369; -624; -312; -1369; -312
vtrace1; -962; 127; 1340; 1089; -711; 251
vtrace1; 1; 281; 3621; 280; 3342; 3341
vtrace1; -540; -1080; -1080; -540; -1080; -540
vtrace1; 0; -1043; -1043; -1043; 0; 0
vtrace1; -400; -392; 16; 8; -392; 8
vtrace1; 3482; -3133; -6616; -6615; 3481; -1
vtrace1; 148; 83; 2198; -65; 2411; 2263
vtrace1; -1795; -1792; 6; 3; -1792; 3
vtrace1; -2132; -1984; 296; 148; -1984; 148
vtrace1; 831; -5577; -4499; -6408; 2740; 1909
vtrace1; -1227; -1145; 164; 82; -1145; 82
vtrace1; -1190; -2409; -1220; -1219; -1191; -1
vtrace1; -2132; -2305; -2305; -173; -4264; -2132
vtrace1; -4126; -8252; -3042; -4126; -3042; 1084
vtrace1; 216; 164; 164; -52; 432; 216
vtrace1; -385; -385; 0; 0; -385; 0
vtrace1; -2211; -1127; 5964; 1084; 2669; 4880
vtrace1; -1230; -125; 2210; 1105; -125; 1105
vtrace1; 0; 92; 3796; 92; 3704; 3704
vtrace1; 329; 17; 17; -312; 658; 329
vtrace1; 216; -1882; -1224; -2098; 1090; 874
vtrace1; 1220; -1374; -1569; -2594; 2245; 1025
vtrace1; -2134; -4268; -4359; -2134; -4359; -2225
vtrace1; 2069; 1012; 1012; -1057; 4138; 2069
vtrace1; -1199; -1199; -1199; 0; -2398; -1199
vtrace1; 216; 155; 155; -61; 432; 216
vtrace1; -1229; -1015; -444; 214; -1887; -658
vtrace1; 0; -62; 993; -62; 1055; 1055
vtrace1; 4360; 3132; 6228; -1228; 11816; 7456
vtrace1; 1055; 788; 725; -267; 2047; 992
vtrace1; 3851; 1241; 1241; -2610; 7702; 3851
vtrace1; -2205; -2803; 2580; -598; 973; 3178
vtrace1; -62; -124; 1098; -62; 1098; 1160
vtrace1; -330; -660; -26; -330; -26; 304
vtrace1; -91; -264; -264; -173; -182; -91
vtrace1; -106; -272; -272; -166; -212; -106
vtrace1; -598; -4233; -7270; -3635; -4233; -3635
vtrace1; -1230; -4550; -3312; -3320; -1222; 8
vtrace1; -192; -192; -192; 0; -384; -192
vtrace1; -2222; -4444; -4986; -2222; -4986; -2764
vtrace1; -4731; -6781; -3093; -2050; -5774; -1043
vtrace1; -160; -320; -159; -160; -159; 1
vtrace1; -1250; -1158; 184; 92; -1158; 92
vtrace1; 242; -957; -1200; -1199; 241; -1
vtrace1; -2738; -2739; 5168; -1; 2431; 5169
vtrace1; -3818; -8570; -5398; -4752; -4464; -646
vtrace1; -1221; -2442; 219; -1221; 219; 1440
vtrace1; -3770; -7540; -7540; -3770; -7540; -3770
vtrace1; 437; 1642; 3362; 1205; 2594; 2157
vtrace1; -3393; -8578; -8578; -5185; -6786; -3393
vtrace1; 216; 151; 151; -65; 432; 216
vtrace1; -1999; -883; 924; 1116; -2191; -192
vtrace1; -614; -1228; -1228; -614; -1228; -614
vtrace1; -2254; -4384; -4260; -2130; -4384; -2130
vtrace1; -2202; -2375; -173; -173; -2202; 0
vtrace1; -62; 2238; 5893; 2300; 3531; 3593
vtrace1; -1219; -3356; -5296; -2137; -4378; -3159
vtrace1; -1571; -3776; -3581; -2205; -2947; -1376
vtrace1; -2752; -2566; 350; 186; -2588; 164
vtrace1; -1059; -2370; -2622; -1311; -2370; -1311
vtrace1; 5242; 2043; 2043; -3199; 10484; 5242
vtrace1; 3533; 3533; 3626; 0; 7159; 3626
vtrace1; -2643; -5286; -5286; -2643; -5286; -2643
vtrace1; -41; -3115; -2999; -3074; 34; 75
vtrace1; 156; 162; 2247; 6; 2397; 2241
vtrace1; 2; 80; 2383; 78; 2307; 2305
vtrace1; -3740; -7480; -7480; -3740; -7480; -3740
vtrace1; -3740; -5637; 1954; -1897; 111; 3851
vtrace1; 0; 1215; 2430; 1215; 1215; 1215
vtrace1; -1527; -4722; -4422; -3195; -2754; -1227
vtrace1; -1056; -2275; 2138; -1219; 2301; 3357
vtrace1; 0; 1213; 2426; 1213; 1213; 1213
vtrace1; 0; 0; 293; 0; 293; 293
vtrace1; -1128; -962; -724; 166; -2018; -890
vtrace1; 0; 12; 337; 12; 325; 325
vtrace1; 1084; 1782; 8151; 698; 8537; 7453
vtrace1; 537; -1197; -302; -1734; 1969; 1432
vtrace1; -682; -3935; -6506; -3253; -3935; -3253
vtrace1; -619; -1238; -1238; -619; -1238; -619
vtrace1; 816; -510; 910; -1326; 3052; 2236
vtrace1; -1227; -1127; 200; 100; -1127; 100
vtrace1; -598; -1196; -1196; -598; -1196; -598
vtrace1; -2690; -3006; -428; -316; -2802; -112
vtrace1; -2132; 544; 5352; 2676; 544; 2676
vtrace1; 2634; 3489; 5263; 855; 7042; 4408
vtrace1; 0; 0; 2305; 0; 2305; 2305
vtrace1; -1056; 1040; 4192; 2096; 1040; 2096
vtrace1; -3742; -7484; -7484; -3742; -7484; -3742
vtrace1; -2223; -4446; 2537; -2223; 2537; 4760
vtrace1; -1043; -961; 81; 82; -1044; -1
vtrace1; -2222; -4444; 469; -2222; 469; 2691
vtrace1; -2211; -4422; -4322; -2211; -4322; -2111
vtrace1; -3456; -1215; 4482; 2241; -1215; 2241
vtrace1; 11; -4115; -5879; -4126; -1742; -1753
vtrace1; -769; -1538; -1538; -769; -1538; -769
vtrace1; -1860; 2326; 8372; 4186; 2326; 4186
vtrace1; -1218; -2436; -1219; -1218; -1219; -1
vtrace1; -2132; -962; 2340; 1170; -962; 1170
vtrace1; -3742; -7484; -1341; -3742; -1341; 2401
vtrace1; -325; -109; 1376; 216; 835; 1160
vtrace1; -2579; -2771; 866; -192; -1521; 1058
vtrace1; 293; -3087; -23; -3380; 3650; 3357
vtrace1; -3489; -6978; -7124; -3489; -7124; -3635
vtrace1; -1055; -1056; 0; -1; -1054; 1
vtrace1; -6299; -6340; -6340; -41; -12598; -6299
vtrace1; -786; -1572; -1572; -786; -1572; -786
vtrace1; -2931; -1826; 1105; 1105; -2931; 0
vtrace1; -1227; -1216; 22; 11; -1216; 11
vtrace1; -1230; -87; 2286; 1143; -87; 1143
vtrace1; -1; -6409; -6409; -6408; -2; -1
vtrace1; -1395; -2446; 293; -1051; -51; 1344
vtrace1; -1823; -1817; 18; 6; -1811; 12
vtrace1; -1093; -1093; -648; 0; -1741; -648
vtrace1; -1229; -1133; 192; 96; -1133; 96
vtrace1; -653; 886; 3078; 1539; 886; 1539
vtrace1; 773; -1359; -2641; -2132; 264; -509
vtrace1; 34; -135; 1046; -169; 1249; 1215
vtrace1; 1200; -937; -937; -2137; 2400; 1200
vtrace1; -1230; -1155; 150; 75; -1155; 75
vtrace1; -1230; -1113; 234; 117; -1113; 117
vtrace1; 1; -3073; -5158; -3074; -2083; -2084
vtrace1; 617; -3162; -176; -3779; 4220; 3603
vtrace1; -7209; -9445; -2066; -2236; -7039; 170
vtrace1; -1219; -2417; 959; -1198; 938; 2157
vtrace1; -2135; -935; 4562; 1200; 1227; 3362
vtrace1; -1229; -4609; -4609; -3380; -2458; -1229
vtrace1; -1229; -3366; -1264; -2137; -356; 873
vtrace1; -1059; 1057; 4232; 2116; 1057; 2116
vtrace1; -163; 1059; 3338; 1222; 1953; 2116
vtrace1; -3812; -7624; -7624; -3812; -7624; -3812
vtrace1; -251; -2385; -4268; -2134; -2385; -2134
vtrace1; 0; -619; -1238; -619; -619; -619
vtrace1; -267; -534; -75; -267; -75; 192
vtrace1; -1213; -1279; -1279; -66; -2426; -1213
vtrace1; -2320; -3511; 572; -1191; -557; 1763
vtrace1; -1060; 2062; 6244; 3122; 2062; 3122
vtrace1; -4907; -9814; -9814; -4907; -9814; -4907
vtrace1; -1; -161; -320; -160; -161; -160
vtrace1; -1226; -1225; 1588; 1; 361; 1587
vtrace1; 251; 502; 7707; 251; 7707; 7456
vtrace1; -591; -1182; -1182; -591; -1182; -591
vtrace1; -4145; -4311; -358; -166; -4337; -192
vtrace1; 426; -1796; -2904; -2222; -256; -682
vtrace1; -80; -2285; -3081; -2205; -956; -876
vtrace1; -1057; 4112; 10338; 5169; 4112; 5169
vtrace1; -1229; -3315; -3315; -2086; -2458; -1229
vtrace1; -792; -1584; -1584; -792; -1584; -792
vtrace1; -624; -1248; 925; -624; 925; 1549
vtrace1; 2241; -389; -1945; -2630; 2926; 685
vtrace1; 4408; 4212; 4212; -196; 8816; 4408
vtrace1; -939; 266; 3399; 1205; 1255; 2194
vtrace1; -702; 511; 1796; 1213; -119; 583
vtrace1; -7202; -9438; -2066; -2236; -7032; 170
vtrace1; -1169; -5314; -3979; -4145; -1003; 166
vtrace1; -4145; -902; 6486; 3243; -902; 3243
vtrace1; -778; -1556; -1556; -778; -1556; -778
vtrace1; -3779; -7558; -7558; -3779; -7558; -3779
vtrace1; 0; 2200; 4464; 2200; 2264; 2264
vtrace1; -1229; -140; 2178; 1089; -140; 1089
vtrace1; -2223; -2224; -2224; -1; -4446; -2223
vtrace1; -1227; -1236; -1236; -9; -2454; -1227
vtrace1; -186; -372; -187; -186; -187; -1
vtrace1; 537; 1592; 8712; 1055; 8194; 7657
vtrace1; 215; 430; 2294; 215; 2294; 2079
vtrace1; 166; 330; 911; 164; 913; 747
vtrace1; -2236; -2237; -2237; -1; -4472; -2236
vtrace1; 88; -445; -445; -533; 176; 88
vtrace1; -1615; 1079; 5388; 2694; 1079; 2694
vtrace1; 585; 584; 584; -1; 1170; 585
vtrace1; 41; -3183; -2469; -3224; 796; 755
vtrace1; 59; -984; 1025; -1043; 2127; 2068
vtrace1; -2647; -158; 3544; 2489; -1592; 1055
vtrace1; 88; -958; -447; -1046; 687; 599
vtrace1; -1057; -2114; -756; -1057; -756; 301
vtrace1; 3754; -2668; -2668; -6422; 7508; 3754
vtrace1; 1206; 2412; 3998; 1206; 3998; 2792
vtrace1; -2; -2; 1857; 0; 1855; 1857
vtrace1; -3092; -3092; -1; 0; -3093; -1
vtrace1; -1219; -161; 2116; 1058; -161; 1058
vtrace1; -2128; -49; 4521; 2079; 314; 2442
vtrace1; -6412; -7630; -7630; -1218; -12824; -6412
vtrace1; -624; -1248; -620; -624; -620; 4
vtrace1; 129; -4202; -4720; -4331; -260; -389
vtrace1; 1; -1; 386; -2; 389; 388
vtrace1; -4126; -5168; -1042; -1042; -4126; 0
vtrace1; 205; 221; 2272; 16; 2461; 2256
vtrace1; 1; -1819; -1819; -1820; 2; 1
vtrace1; -484; -653; -653; -169; -968; -484
vtrace1; 1; 149; 390; 148; 243; 242
vtrace1; -1605; -1604; 5473; 1; 3867; 5472
vtrace1; -3884; -2662; 4340; 1222; -766; 3118
vtrace1; -1625; -3250; -1625; -1625; -1625; 0
vtrace1; 3178; 2121; 2121; -1057; 6356; 3178
vtrace1; -1615; -1615; -1615; 0; -3230; -1615
vtrace1; -1230; -1196; 68; 34; -1196; 34
vtrace1; -1057; -2114; 129; -1057; 129; 1186
vtrace1; -2610; -1776; 125; 834; -3319; -709
vtrace1; 1170; 546; 546; -624; 2340; 1170
vtrace1; -6444; -12888; -7671; -6444; -7671; -1227
vtrace1; 952; -267; 895; -1219; 3066; 2114
vtrace1; 2367; 235; 143; -2132; 4642; 2275
vtrace1; -518; -506; 12; 12; -518; 0
vtrace1; -1243; -1124; 119; 119; -1243; 0
vtrace1; -3198; -6396; -6227; -3198; -6227; -3029
vtrace1; -1229; -1221; 16; 8; -1221; 8
vtrace1; -66; 521; 1174; 587; 521; 587
vtrace1; -5348; -5618; -540; -270; -5618; -270
vtrace1; -1227; -1221; 12; 6; -1221; 6
vtrace1; -1901; -1875; 25; 26; -1902; -1
vtrace1; 0; -1199; -1199; -1199; 0; 0
vtrace1; -4145; -8495; -8700; -4350; -8495; -4350
vtrace1; -47; -1229; 2613; -1182; 3748; 3795
vtrace1; -1219; -2438; -3394; -1219; -3394; -2175
vtrace1; -267; -1466; -1466; -1199; -534; -267
vtrace1; -2488; -3531; -3407; -1043; -4852; -2364
vtrace1; -1230; -2289; -611; -1059; -782; 448
vtrace1; 2694; 1792; 1792; -902; 5388; 2694
vtrace1; -186; 68; 749; 254; 309; 495
vtrace1; 41; -2164; -1864; -2205; 382; 341
vtrace1; 0; -1605; -3210; -1605; -1605; -1605
vtrace1; -1219; -302; 3022; 917; 886; 2105
vtrace1; -1311; -2622; -2477; -1311; -2477; -1166
vtrace1; 94; -957; -535; -1051; 610; 516
vtrace1; 177; -2045; -2045; -2222; 354; 177
vtrace1; -2643; -1993; -549; 650; -3842; -1199
vtrace1; 0; -614; -611; -614; 3; 3
vtrace1; -1057; -2114; -2114; -1057; -2114; -1057
vtrace1; 177; -2048; -2048; -2225; 354; 177
vtrace1; -1058; -2116; -2116; -1058; -2116; -1058
vtrace1; -1058; -2116; 157; -1058; 157; 1215
vtrace1; -1057; -2114; 158; -1057; 158; 1215
vtrace1; -1057; -2114; 156; -1057; 156; 1213
vtrace1; -2129; -2289; 279; -160; -1690; 439
vtrace1; -561; -561; 75; 0; -486; 75
vtrace1; 1; -1055; -1171; -1056; -114; -115
vtrace1; -1046; -1045; 600; 1; -447; 599
vtrace1; -1059; -2118; -2118; -1059; -2118; -1059
vtrace1; 214; 428; 4414; 214; 4414; 4200
vtrace1; -3673; -7346; -5050; -3673; -5050; -1377
vtrace1; -1682; -593; 1255; 1089; -1516; 166
vtrace1; -1772; 394; 4332; 2166; 394; 2166
vtrace1; -5170; -10340; -10340; -5170; -10340; -5170
vtrace1; -1341; -4458; -5250; -3117; -3474; -2133
vtrace1; 0; 96; 3287; 96; 3191; 3191
vtrace1; 37; 74; 3141; 37; 3141; 3104
vtrace1; -2427; -1372; -221; 1055; -3703; -1276
vtrace1; -1219; -2438; -1344; -1219; -1344; -125
vtrace1; -1227; -3361; -3361; -2134; -2454; -1227
vtrace1; -4; -7316; -7255; -7312; 53; 57
vtrace1; -2558; -1250; 2616; 1308; -1250; 1308
vtrace1; -173; -2348; -2348; -2175; -346; -173
vtrace1; -2595; -2874; -546; -279; -2862; -267
vtrace1; -5348; -10696; -7459; -5348; -7459; -2111
vtrace1; -1199; -2398; -3331; -1199; -3331; -2132
vtrace1; -1026; -2052; -2052; -1026; -2052; -1026
vtrace1; -1046; -2092; -2159; -1046; -2159; -1113
vtrace1; -1061; -2122; -2122; -1061; -2122; -1061
vtrace1; 0; -591; -1182; -591; -591; -591
vtrace1; -1219; -2438; -3353; -1219; -3353; -2134
vtrace1; -1; -1220; 1885; -1219; 3103; 3104
vtrace1; -2164; -6495; -8662; -4331; -6495; -4331
vtrace1; -2747; -5494; -484; -2747; -484; 2263
vtrace1; -1230; -4610; -6760; -3380; -4610; -3380
vtrace1; -1064; -2128; -2128; -1064; -2128; -1064
vtrace1; -1219; -1678; 737; -459; -23; 1196
vtrace1; -378; -861; 6981; -483; 7086; 7464
vtrace1; -1498; -3721; -4446; -2223; -3721; -2223
vtrace1; -106; -212; 7350; -106; 7350; 7456
vtrace1; -2130; -3196; -3196; -1066; -4260; -2130
vtrace1; -1043; -2086; -2086; -1043; -2086; -1043
vtrace1; -3092; -6184; -6184; -3092; -6184; -3092
vtrace1; -3198; -5586; -5586; -2388; -6396; -3198
vtrace1; -2132; -5224; -5224; -3092; -4264; -2132
vtrace1; -2225; -4026; -1670; -1801; -2094; 131
vtrace1; 216; -1959; -2175; -2175; 216; 0
vtrace1; -1226; -3544; -4636; -2318; -3544; -2318
vtrace1; -1229; -1281; -1281; -52; -2458; -1229
vtrace1; 550; -3085; -3085; -3635; 1100; 550
vtrace1; 348; 156; 156; -192; 696; 348
vtrace1; -1227; -1307; -1307; -80; -2454; -1227
vtrace1; -1227; -3355; -3355; -2128; -2454; -1227
vtrace1; -1844; -1630; -650; 214; -2708; -864
vtrace1; -18; -36; 568; -18; 568; 586
vtrace1; 3107; -91; -2001; -3198; 4304; 1197
vtrace1; -196; -4607; -4411; -4411; -196; 0
vtrace1; -1066; -2132; -2132; -1066; -2132; -1066
vtrace1; -1618; -1616; -939; 2; -2559; -941
vtrace1; 4200; 3177; 3177; -1023; 8400; 4200
vtrace1; -1; -1039; -1039; -1038; -2; -1
vtrace1; -1043; -1067; -48; -24; -1067; -24
vtrace1; -1229; -3357; -3357; -2128; -2458; -1229
vtrace1; -3117; -6234; -8297; -3117; -8297; -5180
vtrace1; 872; -2521; -3392; -3393; 873; 1
vtrace1; -3393; -3114; -513; 279; -4185; -792
vtrace1; -27; -54; 3314; -27; 3314; 3341
vtrace1; -52; 241; 586; 293; 241; 293
vtrace1; -1812; -3624; 257; -1812; 257; 2069
vtrace1; -5180; -10360; -10360; -5180; -10360; -5180
vtrace1; 1; 920; 3183; 919; 2265; 2264
vtrace1; -77; -1143; -1143; -1066; -154; -77
vtrace1; -173; -329; 2100; -156; 2083; 2256
vtrace1; 0; -9; 3274; -9; 3283; 3283
vtrace1; 0; 0; 2544; 0; 2544; 2544
vtrace1; -3117; -6234; -6234; -3117; -6234; -3117
vtrace1; -166; -3419; -1677; -3253; 1410; 1576
vtrace1; -1974; -1940; 45; 34; -1963; 11
vtrace1; 0; 0; 3101; 0; 3101; 3101
vtrace1; 1; 2; 3102; 1; 3102; 3101
vtrace1; -2098; -30; 2234; 2068; -1932; 166
vtrace1; -94; -1317; -1135; -1223; -6; 88
vtrace1; -4145; -4901; -1820; -756; -5209; -1064
vtrace1; -3154; -3178; 904; -24; -2226; 928
vtrace1; 216; -4115; -4115; -4331; 432; 216
vtrace1; 550; -74; -460; -624; 714; 164
vtrace1; -1219; -2174; 6501; -955; 6237; 7456
vtrace1; -1064; -2128; 2293; -1064; 2293; 3357
vtrace1; 216; -2901; -4137; -3117; -804; -1020
vtrace1; -9; -1051; -1051; -1042; -18; -9
vtrace1; -2211; -4422; -4422; -2211; -4422; -2211
vtrace1; -1038; -2076; -2076; -1038; -2076; -1038
vtrace1; -2225; -4450; -4450; -2225; -4450; -2225
vtrace1; -737; -3331; -478; -2594; 1379; 2116
vtrace1; -1582; -376; 2412; 1206; -376; 1206
vtrace1; -1219; -2438; -3433; -1219; -3433; -2214
vtrace1; -4411; -8822; -5640; -4411; -5640; -1229
vtrace1; -2131; -2132; -1027; -1; -3157; -1026
vtrace1; 0; -3199; -2029; -3199; 1170; 1170
vtrace1; 0; -540; -540; -540; 0; 0
vtrace1; -1230; -1227; 715; 3; -518; 712
vtrace1; -2332; -6102; -4968; -3770; -3530; -1198
vtrace1; -4145; -8290; -6633; -4145; -6633; -2488
vtrace1; -1219; -890; 658; 329; -890; 329
vtrace1; 2157; 2158; 3119; 1; 5275; 3118
vtrace1; -166; -332; -332; -166; -332; -166
vtrace1; -1056; -2112; -2112; -1056; -2112; -1056
vtrace1; 0; -1221; -1222; -1221; -1; -1
vtrace1; 650; -1960; -2599; -2610; 661; 11
vtrace1; -2353; -2549; -237; -196; -2394; -41
vtrace1; -1441; -1345; -1131; 96; -2668; -1227
vtrace1; -909; -3101; -1642; -2192; -359; 550
vtrace1; -1219; -2438; -3444; -1219; -3444; -2225
vtrace1; -2283; -4566; -1699; -2283; -1699; 584
vtrace1; 0; -1042; 1163; -1042; 2205; 2205
vtrace1; -3320; -1079; 4482; 2241; -1079; 2241
vtrace1; -1229; 1046; 4550; 2275; 1046; 2275
vtrace1; 78; -2199; 511; -2277; 2866; 2788
vtrace1; -1243; -4360; -2012; -3117; -138; 1105
vtrace1; -2132; -2693; -1122; -561; -2693; -561
vtrace1; -4379; -2300; 4158; 2079; -2300; 2079
vtrace1; -2132; -4742; -5220; -2610; -4742; -2610
vtrace1; 2157; 1827; 1827; -330; 4314; 2157
vtrace1; 671; -2582; -2582; -3253; 1342; 671
vtrace1; -1226; -1392; -1392; -166; -2452; -1226
vtrace1; 5242; -1180; -6410; -6422; 5254; 12
vtrace1; 1371; -538; -1918; -1909; 1362; -9
vtrace1; -1; -2223; -2489; -2222; -268; -267
vtrace1; 496; -2472; -2992; -2968; 472; -24
vtrace1; -1223; -2446; -3445; -1223; -3445; -2222
vtrace1; -169; -338; -338; -169; -338; -169
vtrace1; -170; -340; -340; -170; -340; -170
vtrace1; -6408; -12816; -6326; -6408; -6326; 82
vtrace1; 78; -3664; -2658; -3742; 1162; 1084
vtrace1; -1182; -2364; -1355; -1182; -1355; -173
vtrace1; -3253; -4452; 2014; -1199; -40; 3213
vtrace1; -1685; -3910; -2220; -2225; -1680; 5
vtrace1; -166; -1385; -2438; -1219; -1385; -1219
vtrace1; 117; -68; 1163; -185; 1465; 1348
vtrace1; -1230; -1396; -1396; -166; -2460; -1230
vtrace1; -4331; -4014; 316; 317; -4332; -1
vtrace1; -5348; -5428; -1398; -80; -6666; -1318
vtrace1; -3673; -10095; -6422; -6422; -3673; 0
vtrace1; -169; -2392; -4446; -2223; -2392; -2223
vtrace1; -187; -374; -374; -187; -374; -187
vtrace1; -2236; -4472; -4472; -2236; -4472; -2236
vtrace1; -1227; -3449; -3449; -2222; -2454; -1227
vtrace1; -1219; -2438; -4; -1219; -4; 1215
vtrace1; -4331; -4473; -284; -142; -4473; -142
vtrace1; -1057; -2114; -870; -1057; -870; 187
vtrace1; -173; -346; -346; -173; -346; -173
vtrace1; -1227; -3432; -3432; -2205; -2454; -1227
vtrace1; -2222; -4444; -4444; -2222; -4444; -2222
vtrace1; 698; 3332; 7332; 2634; 5396; 4698
vtrace1; -1128; -2256; -2256; -1128; -2256; -1128
vtrace1; -2162; -3290; -3290; -1128; -4324; -2162
vtrace1; -1; -534; -437; -533; 95; 96
vtrace1; -2223; -4446; -4446; -2223; -4446; -2223
vtrace1; -2132; -5330; -5330; -3198; -4264; -2132
vtrace1; -1214; 8; 2444; 1222; 8; 1222
vtrace1; 0; -6444; -6760; -6444; -316; -316
vtrace1; -3198; -3738; 3063; -540; 405; 3603
vtrace1; 617; 734; 1317; 117; 1817; 1200
vtrace1; -66; -132; 636; -66; 636; 702
vtrace1; -1219; -2438; -13; -1219; -13; 1206
vtrace1; 41; -2092; -3363; -2133; -1189; -1230
vtrace1; 327; -856; -856; -1183; 654; 327
vtrace1; -192; -384; -384; -192; -384; -192
vtrace1; -142; -284; -284; -142; -284; -142
vtrace1; -3199; -2156; 981; 1043; -3261; -62
vtrace1; 327; -2790; -4315; -3117; -871; -1198
vtrace1; 764; 579; 579; -185; 1528; 764
vtrace1; 603; -3386; -4507; -3989; 85; -518
vtrace1; -2192; -4384; -4384; -2192; -4384; -2192
vtrace1; -448; 244; 3092; 692; 1952; 2400
vtrace1; 3303; 2057; 2057; -1246; 6606; 3303
vtrace1; -2205; -4410; -4410; -2205; -4410; -2205
vtrace1; -2594; -2116; 648; 478; -2424; 170
vtrace1; -1901; -1539; 724; 362; -1539; 362
vtrace1; -930; -931; -931; -1; -1860; -930
vtrace1; -3195; -6390; -6390; -3195; -6390; -3195
vtrace1; 1255; -1063; -1132; -2318; 2441; 1186
vtrace1; -160; -320; -320; -160; -320; -160
vtrace1; -1219; 3; 2444; 1222; 3; 1222
vtrace1; 47; -915; -1292; -962; -283; -330
vtrace1; -3742; -3155; 1174; 587; -3155; 587
vtrace1; -1219; -5364; -4145; -4145; -1219; 0
vtrace1; 3385; 2195; 1277; -1190; 5852; 2467
vtrace1; -2712; -7892; -1905; -5180; 563; 3275
vtrace1; -778; 435; 2752; 1213; 761; 1539
vtrace1; 0; 293; 3978; 293; 3685; 3685
vtrace1; -1057; -2114; 6405; -1057; 6405; 7462
vtrace1; -1230; -1230; -1; 0; -1231; -1
vtrace1; -3198; -6396; -6396; -3198; -6396; -3198
vtrace1; -2135; -5832; -7394; -3697; -5832; -3697
vtrace1; -2630; -1425; 3446; 1205; -389; 2241
vtrace1; -3145; -8315; -8369; -5170; -6344; -3199
vtrace1; -1229; -1137; 1297; 92; -24; 1205
vtrace1; -3199; -6398; -6398; -3199; -6398; -3199
vtrace1; -6444; -6192; -980; 252; -7676; -1232
vtrace1; -429; -3628; -4242; -3199; -1472; -1043
vtrace1; -3092; -3101; 1177; -9; -1906; 1186
vtrace1; 2301; 2240; 3117; -61; 5479; 3178
vtrace1; 88; 103; 443; 15; 516; 428
vtrace1; -2135; -4270; -1919; -2135; -1919; 216
vtrace1; -1; -1854; -1854; -1853; -2; -1
vtrace1; -3199; -3192; 1874; 7; -1332; 1867
vtrace1; -1228; -3314; -4172; -2086; -3314; -2086
vtrace1; -1061; -2122; -819; -1061; -819; 242
vtrace1; -1219; -2285; -2132; -1066; -2285; -1066
vtrace1; -3350; -6442; -2607; -3092; -2865; 485
vtrace1; 1557; -2820; -2820; -4377; 3114; 1557
vtrace1; 770; -8; -8; -778; 1540; 770
vtrace1; -3253; -6066; -5626; -2813; -6066; -2813
vtrace1; -2277; -4554; -4554; -2277; -4554; -2277
vtrace1; -1566; -970; 341; 596; -1821; -255
vtrace1; -3092; -4315; -3616; -1223; -5485; -2393
vtrace1; -2045; -4189; -3342; -2144; -3243; -1198
vtrace1; 156; -1974; -2171; -2130; 115; -41
vtrace1; -246; -492; -492; -246; -492; -246
vtrace1; -3375; -6750; -6750; -3375; -6750; -3375
vtrace1; -1651; -4015; -366; -2364; 347; 1998
vtrace1; 39; -2011; -2011; -2050; 78; 39
vtrace1; -3380; -6760; -3380; -3380; -3380; 0
vtrace1; -688; -588; 200; 100; -588; 100
vtrace1; 3416; 6832; 10869; 3416; 10869; 7453
vtrace1; -142; -3337; -2456; -3195; 597; 739
vtrace1; -1059; -2118; -2286; -1059; -2286; -1227
vtrace1; -1042; -2260; -234; -1218; -58; 984
vtrace1; 2652; 602; 96; -2050; 4798; 2146
vtrace1; -2037; -1871; 1423; 166; -780; 1257
vtrace1; 164; -1964; -2165; -2128; 127; -37
vtrace1; -3380; -3417; -628; -37; -3971; -591
vtrace1; 254; 88; 3135; -166; 3555; 3301
vtrace1; -1057; -2114; -2289; -1057; -2289; -1232
vtrace1; -2131; 1226; 6714; 3357; 1226; 3357
vtrace1; -1219; -2438; -103; -1219; -103; 1116
vtrace1; 293; -1312; -1593; -1605; 305; 12
vtrace1; -1; -157; 663; -156; 818; 819
vtrace1; -2283; -4566; -4566; -2283; -4566; -2283
vtrace1; -4331; -8662; -8662; -4331; -8662; -4331
vtrace1; 0; -2834; -2670; -2834; 164; 164
vtrace1; -3; -561; -595; -558; -40; -37
vtrace1; -1627; -1498; 258; 129; -1498; 129
vtrace1; -1064; -2128; -2291; -1064; -2291; -1227
vtrace1; -385; -770; -770; -385; -770; -385
vtrace1; -1042; -2084; -2269; -1042; -2269; -1227
vtrace1; -1566; -4761; -7187; -3195; -5558; -3992
vtrace1; -1057; -2114; -2256; -1057; -2256; -1199
vtrace1; -251; -502; -502; -251; -502; -251
vtrace1; -2132; -2050; 164; 82; -2050; 82
vtrace1; -2277; -969; 1609; 1308; -1976; 301
vtrace1; -1227; -3325; -4196; -2098; -3325; -2098
vtrace1; -3375; -6750; -3374; -3375; -3374; 1
vtrace1; -1311; -2622; -2622; -1311; -2622; -1311
vtrace1; 3101; 1100; 2879; -2001; 7981; 4880
vtrace1; -2205; -4410; -1150; -2205; -1150; 1055
vtrace1; 11; -6397; -6079; -6408; 340; 329
vtrace1; -2132; -2032; 200; 100; -2032; 100
vtrace1; -3253; -8433; -10365; -5180; -8438; -5185
vtrace1; -4752; -4751; 2; 1; -4751; 1
vtrace1; -2262; -134; 4256; 2128; -134; 2128
vtrace1; 4698; 2055; 2055; -2643; 9396; 4698
vtrace1; -7202; -7114; -897; 88; -8187; -985
vtrace1; -4350; -8700; -8700; -4350; -8700; -4350
vtrace1; -486; -655; -169; -169; -486; 0
vtrace1; 2079; 2077; 4636; -2; 6717; 4638
vtrace1; -515; -688; -98; -173; -440; 75
vtrace1; -2131; -5074; -4628; -2943; -3816; -1685
vtrace1; -390; -780; -780; -390; -780; -390
vtrace1; 1539; 1792; 2553; 253; 3839; 2300
vtrace1; 1930; 1930; 7453; 0; 9383; 7453
vtrace1; -2086; -2086; 3407; 0; 1321; 3407
vtrace1; 4; 8; 1209; 4; 1209; 1205
vtrace1; -1066; -1067; 1770; -1; 705; 1771
vtrace1; -1229; -7651; -4189; -6422; 1004; 2233
vtrace1; 1170; 113; 2244; -1057; 4471; 3301
vtrace1; -4331; -2203; 4244; 2128; -2215; 2116
vtrace1; 1084; 942; 1008; -142; 2234; 1150
vtrace1; -1230; -1302; -73; -72; -1231; -1
vtrace1; -1312; -129; 2636; 1183; 141; 1453
vtrace1; -1057; -2114; -909; -1057; -909; 148
vtrace1; -485; -485; -160; 0; -645; -160
vtrace1; -2129; -2132; -1224; -3; -3350; -1221
vtrace1; -1230; -4322; -4151; -3092; -2289; -1059
vtrace1; -1; 541; 4742; 542; 4199; 4200
vtrace1; -1226; -3310; 2531; -2084; 3389; 4615
vtrace1; -3393; -6786; -6786; -3393; -6786; -3393
vtrace1; 2892; -8; -2899; -2900; 2893; 1
vtrace1; -52; -51; 2; 1; -51; 1
vtrace1; -52; -52; 0; 0; -52; 0
vtrace1; 1058; -862; -1666; -1920; 1312; 254
vtrace1; -1; 7450; 14902; 7451; 7450; 7451
vtrace1; 1747; -2023; -3759; -3770; 1758; 11
vtrace1; -2869; -5738; -469; -2869; -469; 2400
vtrace1; -1057; -2114; -2239; -1057; -2239; -1182
vtrace1; 1; 2; 587; 1; 587; 586
vtrace1; -1223; -1226; -6; -3; -1226; -3
vtrace1; -7202; -3366; 3836; 3836; -7202; 0
vtrace1; -3298; -1759; 596; 1539; -4241; -943
vtrace1; -1045; 29; 1700; 1074; -419; 626
vtrace1; 34; -2188; -3441; -2222; -1185; -1219
vtrace1; -1; -1; 7462; 0; 7461; 7462
vtrace1; -2098; -4196; 96; -2098; 96; 2194
vtrace1; -2558; -4750; 1215; -2192; 849; 3407
vtrace1; 1; 216; 1365; 215; 1151; 1150
vtrace1; -2; -4; 2112; -2; 2112; 2114
vtrace1; -1482; -2700; -565; -1218; -829; 653
vtrace1; 0; 4; 555; 4; 551; 551
vtrace1; 0; -65; -65; -65; 0; 0
vtrace1; -2803; -5895; -3234; -3092; -2945; -142
vtrace1; -3195; -9639; -6344; -6444; -3095; 100
vtrace1; -1057; 113; 2340; 1170; 113; 1170
vtrace1; -1057; 1137; 4388; 2194; 1137; 2194
vtrace1; -52; -6496; -5370; -6444; 1022; 1074
vtrace1; -3635; -7270; -7270; -3635; -7270; -3635
vtrace1; 215; -151; -151; -366; 430; 215
vtrace1; -1183; -109; 3214; 1074; 957; 2140
vtrace1; -2738; -104; 6820; 2634; 1448; 4186
vtrace1; -6422; -12844; -10567; -6422; -10567; -4145
vtrace1; -1344; -1310; -648; 34; -2026; -682
vtrace1; -1057; 2186; 6486; 3243; 2186; 3243
vtrace1; -2577; -420; 1991; 2157; -2743; -166
vtrace1; 15; -3059; -3353; -3074; -264; -279
vtrace1; 2140; 1967; 1967; -173; 4280; 2140
vtrace1; -106; -91; 30; 15; -91; 15
vtrace1; -1198; -2241; -2101; -1043; -2256; -1058
vtrace1; -37; -3430; -2004; -3393; 1352; 1389
vtrace1; 1; -36; -36; -37; 2; 1
vtrace1; 315; -2702; -3018; -3017; 314; -1
vtrace1; -1452; -1451; 2; 1; -1451; 1
vtrace1; 1308; 2616; 5494; 1308; 5494; 4186
vtrace1; -2121; -2004; 117; 117; -2121; 0
vtrace1; -1812; -1813; -787; -1; -2598; -786
vtrace1; 7464; 7464; 7464; 0; 14928; 7464
vtrace1; -598; -1244; 1344; -646; 1392; 1990
vtrace1; -3260; -5389; -6255; -2129; -7386; -4126
vtrace1; -341; -407; -345; -66; -620; -279
vtrace1; -2225; -4450; 876; -2225; 876; 3101
vtrace1; -3159; -4153; -2305; -994; -4470; -1311
vtrace1; 1; -4144; -4144; -4145; 2; 1
vtrace1; -7202; -6619; 2440; 583; -5345; 1857
vtrace1; 0; -52; -52; -52; 0; 0
vtrace1; -1230; -2272; -2084; -1042; -2272; -1042
vtrace1; 0; 117; 666; 117; 549; 549
vtrace1; -1376; -2752; -2752; -1376; -2752; -1376
vtrace1; 1; -51; -51; -52; 2; 1
vtrace1; -2132; -2127; 10; 5; -2127; 5
vtrace1; -1057; -2114; -1000; -1057; -1000; 57
vtrace1; -390; -2202; -2202; -1812; -780; -390
vtrace1; -1223; -3541; -3541; -2318; -2446; -1223
vtrace1; -3381; -2191; 1367; 1190; -3204; 177
vtrace1; -1229; -5606; -5606; -4377; -2458; -1229
vtrace1; -1066; -2132; -268; -1066; -268; 798
vtrace1; -1226; -3361; -4270; -2135; -3361; -2135
vtrace1; -1230; -7638; -7638; -6408; -2460; -1230
vtrace1; -1227; -7639; -7639; -6412; -2454; -1227
vtrace1; -1227; -3362; -4270; -2135; -3362; -2135
vtrace1; -153; -2328; -3233; -2175; -1211; -1058
vtrace1; -3489; -2339; 1512; 1150; -3127; 362
vtrace1; -2132; -2129; 6; 3; -2129; 3
vtrace1; -1219; -1291; -144; -72; -1291; -72
vtrace1; -1230; -1296; -132; -66; -1296; -66
vtrace1; -1513; 2612; 8250; 4125; 2612; 4125
vtrace1; -2132; -3330; -3330; -1198; -4264; -2132
vtrace1; -2132; -3331; -3331; -1199; -4264; -2132
vtrace1; -3099; -983; 3820; 2116; -1395; 1704
vtrace1; -2732; -6112; -3394; -3380; -2746; -14
vtrace1; -1615; -1866; -1866; -251; -3230; -1615
vtrace1; -1; 1204; 2800; 1205; 1594; 1595
vtrace1; -7497; -5640; 3396; 1857; -5958; 1539
vtrace1; -5180; -4630; 1100; 550; -4630; 550
vtrace1; 0; 2735; 5470; 2735; 2735; 2735
vtrace1; 1; -4751; -5405; -4752; -652; -653
vtrace1; 1; 243; 2696; 242; 2455; 2454
vtrace1; 301; 602; 1049; 301; 1049; 748
vtrace1; -785; -2012; -1228; -1227; -786; -1
vtrace1; -2738; -2740; -2; -2; -2738; 0
vtrace1; -551; -693; -142; -142; -551; 0
vtrace1; -1368; -2566; -3420; -1198; -3590; -2222
vtrace1; -1057; -2114; -1023; -1057; -1023; 34
vtrace1; 96; -2115; -2115; -2211; 192; 96
vtrace1; -3224; -6448; -843; -3224; -843; 2381
vtrace1; 0; -1061; -2122; -1061; -1061; -1061
vtrace1; -1230; 112; 1925; 1342; -647; 583
vtrace1; -5185; -10370; -5089; -5185; -5089; 96
vtrace1; -1; -2237; -3427; -2236; -1192; -1191
vtrace1; -3170; -1987; 2366; 1183; -1987; 1183
vtrace1; 117; 234; 1307; 117; 1307; 1190
vtrace1; -2254; -2427; -1196; -173; -3277; -1023
vtrace1; 0; 187; 656; 187; 469; 469
vtrace1; -646; -1292; -1292; -646; -1292; -646
vtrace1; -682; -1364; -1364; -682; -1364; -682
vtrace1; -1059; -2118; 394; -1059; 394; 1453
vtrace1; -7402; -8188; -787; -786; -7403; -1
vtrace1; -1219; -3349; -4260; -2130; -3349; -2130
vtrace1; 119; -4007; -6176; -4126; -1931; -2050
vtrace1; -3697; -7394; -7394; -3697; -7394; -3697
vtrace1; -1057; -3445; -1674; -2388; -343; 714
vtrace1; -1057; -891; 332; 166; -891; 166
vtrace1; -389; -3642; -3642; -3253; -778; -389
vtrace1; -474; -1664; -1664; -1190; -948; -474
vtrace1; 1055; 1866; 3067; 811; 3311; 2256
vtrace1; 1104; 3070; 7135; 1966; 6273; 5169
vtrace1; 550; 1198; 2911; 648; 2813; 2263
vtrace1; -1229; -3360; -4262; -2131; -3360; -2131
vtrace1; 1043; 2086; 4450; 1043; 4450; 3407
vtrace1; -1778; -4852; -3074; -3074; -1778; 0
vtrace1; -4349; -4315; 202; 34; -4181; 168
vtrace1; -1057; -2114; -957; -1057; -957; 100
vtrace1; 1183; -128; -1192; -1311; 1302; 119
vtrace1; -2132; -2723; -2723; -591; -4264; -2132
vtrace1; -399; -1596; -1596; -1197; -798; -399
vtrace1; 1; -1466; -1467; -1467; 1; 0
vtrace1; 2256; 2060; 1873; -196; 4325; 2069
vtrace1; -1; -2129; -2127; -2128; 0; 1
vtrace1; 1; 1; 3407; 0; 3408; 3407
vtrace1; -2132; 3037; 10338; 5169; 3037; 5169
vtrace1; -4917; -4915; 80; 2; -4839; 78
vtrace1; -1202; -3377; -970; -2175; 3; 1205
vtrace1; 855; 264; 1849; -591; 3295; 2440
vtrace1; -1605; -3210; -3210; -1605; -3210; -1605
vtrace1; -2132; -2751; -2751; -619; -4264; -2132
vtrace1; 0; 4; 3366; 4; 3362; 3362
vtrace1; -909; -1500; -1819; -591; -2137; -1228
vtrace1; -2144; -4288; -3357; -2144; -3357; -1213
vtrace1; 521; -39; -561; -560; 520; -1
vtrace1; -185; -6593; -6663; -6408; -440; -255
vtrace1; -2130; -4740; -4740; -2610; -4260; -2130
vtrace1; -1; -252; -85; -251; 165; 166
vtrace1; -4752; -9504; -9504; -4752; -9504; -4752
vtrace1; -3891; -7782; -7782; -3891; -7782; -3891
vtrace1; -489; 1425; 5271; 1914; 2868; 3357
vtrace1; 4093; 869; -1935; -3224; 5382; 1289
vtrace1; 0; -65; -66; -65; -1; -1
vtrace1; -2104; 997; 6202; 3101; 997; 3101
vtrace1; -4752; -9504; -6884; -4752; -6884; -2132
vtrace1; -1502; -477; 2050; 1025; -477; 1025
vtrace1; -1; -3376; -3376; -3375; -2; -1
vtrace1; 194; -762; -949; -956; 201; 7
vtrace1; -1089; -912; 354; 177; -912; 177
vtrace1; 1; -1; 9; -2; 12; 11
vtrace1; -3740; -7480; -5872; -3740; -5872; -2132
vtrace1; 846; -3299; -2242; -4145; 2749; 1903
vtrace1; 117; 330; 1323; 213; 1227; 1110
vtrace1; -9; -18; 809; -9; 809; 818
vtrace1; -2132; -2013; 118; 119; -2133; -1
vtrace1; 1018; -597; -1073; -1615; 1560; 542
vtrace1; -3673; -7346; -7346; -3673; -7346; -3673
vtrace1; -1625; -3250; -3250; -1625; -3250; -1625
vtrace1; -1812; -3624; -3624; -1812; -3624; -1812
vtrace1; -1227; -1539; -1539; -312; -2454; -1227
vtrace1; 214; 428; 1272; 214; 1272; 1058
vtrace1; -1219; -79; 1247; 1140; -1112; 107
vtrace1; -1509; -5635; -4647; -4126; -2030; -521
vtrace1; -1; 36; 2172; 37; 2134; 2135
vtrace1; 0; 650; 1300; 650; 650; 650
vtrace1; -1735; -3831; -3831; -2096; -3470; -1735
vtrace1; -1229; 89; 2636; 1318; 89; 1318
vtrace1; -2594; -5188; -4958; -2594; -4958; -2364
vtrace1; -1219; -2438; -2257; -1219; -2257; -1038
vtrace1; -3499; -5514; -3392; -2015; -4876; -1377
vtrace1; -2132; -1482; 1300; 650; -1482; 650
vtrace1; -2132; -1484; 1296; 648; -1484; 648
vtrace1; -270; -1497; -1865; -1227; -908; -638
vtrace1; -1615; -3230; -3230; -1615; -3230; -1615
vtrace1; -2; -2; -1; 0; -3; -1
vtrace1; -1057; -2278; -2442; -1221; -2278; -1221
vtrace1; -1056; -2112; -2382; -1056; -2382; -1326
vtrace1; -65; -130; -65; -65; -65; 0
vtrace1; -1056; -2112; 1185; -1056; 1185; 2241
vtrace1; 0; -1026; -2052; -1026; -1026; -1026
vtrace1; 0; -2; -3; -2; -1; -1
vtrace1; -1177; -2354; -2264; -1177; -2264; -1087
vtrace1; 2068; 2054; 2054; -14; 4136; 2068
vtrace1; -1226; -1011; 430; 215; -1011; 215
vtrace1; -1057; -2240; -2366; -1183; -2240; -1183
vtrace1; -1219; -1392; -175; -173; -1221; -2
vtrace1; 4200; 74; 74; -4126; 8400; 4200
vtrace1; 6; 5; 5; -1; 12; 6
vtrace1; 3243; -3165; -3165; -6408; 6486; 3243
vtrace1; -2096; -4192; -1376; -2096; -1376; 720
vtrace1; -1853; -3706; -3706; -1853; -3706; -1853
vtrace1; -1057; -2114; -1046; -1057; -1046; 11
vtrace1; -455; -2678; -4446; -2223; -2678; -2223
vtrace1; -1213; 74; 2574; 1287; 74; 1287
vtrace1; -78; -143; -65; -65; -78; 0
vtrace1; -930; -1860; -1860; -930; -1860; -930
vtrace1; 542; -2838; -3375; -3380; 547; 5
vtrace1; -41; -82; -40; -41; -40; 1
vtrace1; -1; -197; 2835; -196; 3030; 3031
vtrace1; -1820; -3640; -3640; -1820; -3640; -1820
vtrace1; -1305; -5450; -8290; -4145; -5450; -4145
vtrace1; -41; -82; -41; -41; -41; 0
vtrace1; -4377; -6987; -5220; -2610; -6987; -2610
vtrace1; -1823; -1819; -268; 4; -2095; -272
vtrace1; -1230; 1034; 3338; 2264; -156; 1074
vtrace1; -24; -48; -17; -24; -17; 7
vtrace1; -1110; -793; 321; 317; -1106; 4
vtrace1; 0; -170; 45; -170; 215; 215
vtrace1; -1243; -2299; -2299; -1056; -2486; -1243
vtrace1; 41; 27; 27; -14; 82; 41
vtrace1; 829; 1999; 3336; 1170; 2995; 2166
vtrace1; -1998; -8420; -7605; -6422; -3181; -1183
vtrace1; 170; -2307; -2307; -2477; 340; 170
vtrace1; -1389; -1705; -111; -316; -1184; 205
vtrace1; -965; 384; 2398; 1349; 84; 1049
vtrace1; 0; -170; 732; -170; 902; 902
vtrace1; -80; -80; -80; 0; -160; -80
vtrace1; -2458; -2339; -301; 119; -2878; -420
vtrace1; 210; -1009; -1009; -1219; 420; 210
vtrace1; -2992; -7323; -7323; -4331; -5984; -2992
vtrace1; 967; -76; -1043; -1043; 967; 0
vtrace1; 2069; 696; 696; -1373; 4138; 2069
vtrace1; -2144; -4288; -48; -2144; -48; 2096
vtrace1; -1057; -2114; 1199; -1057; 1199; 2256
vtrace1; -1845; -1714; 382; 131; -1594; 251
vtrace1; -1049; -3178; -2485; -2129; -1405; -356
vtrace1; -619; -1137; 678; -518; 577; 1196
vtrace1; 0; -3198; -6396; -3198; -3198; -3198
vtrace1; -2064; -1514; 550; 550; -2064; 0
vtrace1; 4; -1819; -1498; -1823; 329; 325
vtrace1; -1120; -2363; -3081; -1243; -2958; -1838
vtrace1; -2211; -4422; 1487; -2211; 1487; 3698
vtrace1; -1229; -2411; 2722; -1182; 2675; 3904
vtrace1; -2132; -2126; 1938; 6; -200; 1932
vtrace1; 219; -1558; -1777; -1777; 219; 0
vtrace1; -3140; -2442; 3911; 698; 73; 3213
vtrace1; -390; -550; -320; -160; -550; -160
vtrace1; 216; 432; 3394; 216; 3394; 3178
vtrace1; 3118; -555; -316; -3673; 6475; 3357
vtrace1; -2813; -2813; 544; 0; -2269; 544
vtrace1; -735; -1470; -1470; -735; -1470; -735
vtrace1; 814; -2381; -2381; -3195; 1628; 814
vtrace1; 2; -2190; -2190; -2192; 4; 2
vtrace1; 2128; 1820; 2810; -308; 5246; 3118
vtrace1; -484; -1683; -2428; -1199; -1713; -1229
vtrace1; -2921; -1962; 3399; 959; -481; 2440
vtrace1; 0; 1; 35; 1; 34; 34
vtrace1; 0; 0; 34; 0; 34; 34
vtrace1; 156; -2121; -3797; -2277; -1364; -1520
vtrace1; -891; -1158; -534; -267; -1158; -267
vtrace1; 0; 1084; 2168; 1084; 1084; 1084
vtrace1; -3159; -6899; -3835; -3740; -3254; -95
vtrace1; -2132; -2173; -82; -41; -2173; -41
vtrace1; -2084; -4168; -4168; -2084; -4168; -2084
vtrace1; -1227; -57; 2340; 1170; -57; 1170
vtrace1; -1446; -896; 550; 550; -1446; 0
vtrace1; -4145; -8290; -8290; -4145; -8290; -4145
vtrace1; -2098; -4196; -4196; -2098; -4196; -2098
vtrace1; -3380; -3889; -184; -509; -3055; 325
vtrace1; -1227; -4425; -4425; -3198; -2454; -1227
vtrace1; -1727; -1793; -1793; -66; -3454; -1727
vtrace1; -1230; 6223; 14906; 7453; 6223; 7453
vtrace1; 4; 8; 127; 4; 127; 123
vtrace1; -1229; -3421; -3657; -2192; -2694; -1465
vtrace1; -1914; -1737; -308; 177; -2399; -485
vtrace1; -1; 1349; 2927; 1350; 1576; 1577
vtrace1; 0; 0; 1; 0; 1; 1
vtrace1; -769; -1538; -1367; -769; -1367; -598
vtrace1; -52; -104; -104; -52; -104; -52
vtrace1; -910; -3006; 1083; -2096; 2269; 3179
vtrace1; 0; 0; 0; 0; 0; 0
vtrace1; 0; 1; 2; 1; 1; 1
vtrace1; -1; -2; -2; -1; -2; -1
vtrace1; -3391; -3457; -132; -66; -3457; -66
vtrace1; -2; -4; -4; -2; -4; -2
vtrace1; 1; 1; 88; 0; 89; 88
vtrace1; -1229; -4427; -4427; -3198; -2458; -1229
vtrace1; -37; -74; -74; -37; -74; -37
vtrace1; -2086; -4172; -4172; -2086; -4172; -2086
vtrace1; -7312; -8503; -2382; -1191; -8503; -1191
vtrace1; -571; 487; 2116; 1058; 487; 1058
vtrace1; -3; -6; -6; -3; -6; -3
vtrace1; 3213; 977; 977; -2236; 6426; 3213
vtrace1; -3812; -1548; 2264; 2264; -3812; 0
vtrace1; -1219; -2438; -2332; -1219; -2332; -1113
vtrace1; -1230; -3365; -2321; -2135; -1416; -186
vtrace1; -930; -929; 2; 1; -929; 1
vtrace1; -18; -36; -36; -18; -36; -18
vtrace1; 1; 2; 2141; 1; 2141; 2140
vtrace1; -5170; -7780; -1093; -2610; -3653; 1517
vtrace1; 0; -6648; -7033; -6648; -385; -385
vtrace1; 289; -1840; -1840; -2129; 578; 289
vtrace1; -2183; -5378; -4809; -3195; -3797; -1614
vtrace1; -41; -82; -82; -41; -82; -41
vtrace1; 692; -1585; -1627; -2277; 1342; 650
vtrace1; -52; -104; -53; -52; -53; -1
vtrace1; -1218; -1026; 384; 192; -1026; 192
vtrace1; 1371; 144; 144; -1227; 2742; 1371
vtrace1; 1; 1309; 4200; 1308; 2893; 2892
vtrace1; 472; -1219; -600; -1691; 1563; 1091
vtrace1; 426; -3316; -620; -3742; 3548; 3122
vtrace1; -1229; -7; 2444; 1222; -7; 1222
vtrace1; -1230; -2294; 2127; -1064; 1961; 3191
vtrace1; 203; 227; 4748; 24; 4927; 4724
vtrace1; -4126; -4140; -15; -14; -4127; -1
vtrace1; -2134; -4268; -2135; -2134; -2135; -1
vtrace1; -1885; -3770; -3770; -1885; -3770; -1885
vtrace1; -2152; -2166; -28; -14; -2166; -14
vtrace1; -2211; -4422; 1393; -2211; 1393; 3604
vtrace1; -462; -208; 1385; 254; 669; 1131
vtrace1; -2132; -2141; -2141; -9; -4264; -2132
vtrace1; -2128; -4256; -2165; -2128; -2165; -37
vtrace1; 586; 1172; 3687; 586; 3687; 3101
vtrace1; -4668; -6279; -1652; -1611; -4709; -41
vtrace1; 0; -2137; -860; -2137; 1277; 1277
vtrace1; -65; -130; -92; -65; -92; -27
vtrace1; -9; -18; -18; -9; -18; -9
vtrace1; -72; -144; -86; -72; -86; -14
vtrace1; -2211; -3430; -3430; -1219; -4422; -2211
vtrace1; 24; 24; 24; 0; 48; 24
vtrace1; 0; 0; 2079; 0; 2079; 2079
vtrace1; -1998; -3036; -2257; -1038; -3217; -1219
vtrace1; -2096; -4192; -4192; -2096; -4192; -2096
vtrace1; -1; 1115; 2232; 1116; 1115; 1116
vtrace1; 186; -1033; -1033; -1219; 372; 186
vtrace1; -61; -122; -122; -61; -122; -61
vtrace1; -62; -124; -124; -62; -124; -62
vtrace1; -2626; 492; 4176; 3118; -1568; 1058
vtrace1; -1; -1044; -2086; -1043; -1044; -1043
vtrace1; -27; -54; -54; -27; -54; -27
vtrace1; -1226; -2455; -1713; -1229; -1710; -484
vtrace1; -3529; -7058; -3529; -3529; -3529; 0
vtrace1; 785; 784; 2073; -1; 2859; 2074
vtrace1; -2; -2238; -167; -2236; 2067; 2069
vtrace1; -2; -1534; -1533; -1532; -3; -1
vtrace1; 216; -1027; -1027; -1243; 432; 216
vtrace1; -14; -28; -28; -14; -28; -14
vtrace1; -2105; -4316; -4209; -2211; -4103; -1998
vtrace1; 1; -2363; -2282; -2364; 83; 82
vtrace1; -1059; -843; 1977; 216; 702; 1761
vtrace1; 1391; -24; 5690; -1415; 8496; 7105
vtrace1; -1206; -2404; -2421; -1198; -2429; -1223
vtrace1; 770; -3607; -4377; -4377; 770; 0
vtrace1; 0; -1; 2263; -1; 2264; 2264
vtrace1; -4126; -8252; -8252; -4126; -8252; -4126
vtrace1; -1; -197; -196; -196; -1; 0
vtrace1; -2064; -4162; -2099; -2098; -2065; -1
vtrace1; -1838; -780; 978; 1058; -1918; -80
vtrace1; -1046; -954; 184; 92; -954; 92
vtrace1; 339; 339; 3851; 0; 4190; 3851
vtrace1; -142; -1361; -1361; -1219; -284; -142
vtrace1; -1191; -2382; -2382; -1191; -2382; -1191
vtrace1; 230; -5118; -6577; -5348; -999; -1229
vtrace1; -3253; -6506; -6506; -3253; -6506; -3253
vtrace1; 0; -598; -974; -598; -376; -376
vtrace1; 0; -106; 139; -106; 245; 245
vtrace1; 325; 650; 1221; 325; 1221; 896
vtrace1; -1229; -23; 2412; 1206; -23; 1206
vtrace1; -786; -485; 602; 301; -485; 301
vtrace1; 34; -6388; -7770; -6422; -1314; -1348
vtrace1; -1625; -3250; -3378; -1625; -3378; -1753
vtrace1; -1; 1054; 2853; 1055; 1797; 1798
vtrace1; -27; 159; 4311; 186; 4098; 4125
vtrace1; 3626; -47; -47; -3673; 7252; 3626
vtrace1; 603; -5841; 1012; -6444; 8059; 7456
vtrace1; 0; -3673; -3025; -3673; 648; 648
vtrace1; -1232; -5609; -2431; -4377; 714; 1946
vtrace1; -527; -314; 1419; 213; 679; 1206
vtrace1; 1844; 1779; 1779; -65; 3688; 1844
vtrace1; -2495; -2495; -2495; 0; -4990; -2495
vtrace1; 2116; -3054; -562; -5170; 6724; 4608
vtrace1; -3132; -3378; 2876; -246; -10; 3122
vtrace1; -1230; -30; 2400; 1200; -30; 1200
vtrace1; 1; -3197; -2945; -3198; 254; 253
vtrace1; -2254; -2607; -52; -353; -1953; 301
vtrace1; 7453; 6396; 6396; -1057; 14906; 7453
vtrace1; -1059; -7471; -6581; -6412; -1228; -169
vtrace1; -653; -2268; -1614; -1615; -652; 1
vtrace1; -2732; -4863; -216; -2131; -817; 1915
vtrace1; -65; -130; -130; -65; -130; -65
vtrace1; -66; -132; -132; -66; -132; -66
vtrace1; -1; -3698; -3694; -3697; 2; 3
vtrace1; -1673; -3346; -3878; -1673; -3878; -2205
vtrace1; -1651; -1617; 68; 34; -1617; 34
vtrace1; 2864; 2823; 3481; -41; 6386; 3522
vtrace1; 2635; -234; -2854; -2869; 2650; 15
vtrace1; -1226; -2409; -2409; -1183; -2452; -1226
vtrace1; -1730; -4373; -3954; -2643; -3041; -1311
vtrace1; -1198; -2396; -2396; -1198; -2396; -1198
vtrace1; -2129; -4258; -4258; -2129; -4258; -2129
vtrace1; -1057; -940; 234; 117; -940; 117
vtrace1; -2130; -4260; -4260; -2130; -4260; -2130
vtrace1; -1229; -3512; -4566; -2283; -3512; -2283
vtrace1; -1199; -2398; -2398; -1199; -2398; -1199
vtrace1; -81; -2211; -2211; -2130; -162; -81
vtrace1; -1177; -2354; -2354; -1177; -2354; -1177
vtrace1; -1230; -1231; -276; -1; -1505; -275
vtrace1; -2131; -4262; -4262; -2131; -4262; -2131
vtrace1; -2132; -4264; -4264; -2132; -4264; -2132
vtrace1; -5170; -5039; -3249; 131; -8550; -3380
vtrace1; -1213; -2426; -2426; -1213; -2426; -1213
vtrace1; -2643; -547; 4192; 2096; -547; 2096
vtrace1; -4907; -9052; -2788; -4145; -3550; 1357
vtrace1; 1084; 942; 7314; -142; 8540; 7456
vtrace1; -2132; -2194; -124; -62; -2194; -62
vtrace1; -62; -124; 2319; -62; 2319; 2381
vtrace1; -6408; -6773; -6773; -365; -12816; -6408
vtrace1; -106; -212; -212; -106; -212; -106
vtrace1; -3593; -4650; -3445; -1057; -5981; -2388
vtrace1; -72; -144; -144; -72; -144; -72
vtrace1; -2134; -4268; -4268; -2134; -4268; -2134
vtrace1; -61; -122; -176; -61; -176; -115
vtrace1; -4377; -4229; -1983; 148; -6508; -2131
vtrace1; -7312; -14624; -14624; -7312; -14624; -7312
vtrace1; -2132; -2184; -2184; -52; -4264; -2132
vtrace1; -2132; -2198; -132; -66; -2198; -66
vtrace1; -1182; -2364; -2364; -1182; -2364; -1182
vtrace1; -2135; -4270; -4270; -2135; -4270; -2135
vtrace1; -2086; -4172; -844; -2086; -844; 1242
vtrace1; -1183; -2366; -2366; -1183; -2366; -1183
vtrace1; -4145; -3558; 1174; 587; -3558; 587
vtrace1; -561; -1122; 783; -561; 783; 1344
vtrace1; -4145; -3549; -152; 596; -4893; -748
vtrace1; 96; -961; -961; -1057; 192; 96
vtrace1; -2132; -2204; -144; -72; -2204; -72
vtrace1; 1308; -969; -2278; -2277; 1307; -1
vtrace1; 391; 391; 391; 0; 782; 391
vtrace1; -2047; 93; 2912; 2140; -1275; 772
vtrace1; -2569; -5767; -1093; -3198; -464; 2105
vtrace1; 0; -2; 3601; -2; 3603; 3603
vtrace1; -4331; -4403; -57; -72; -4316; 15
vtrace1; -312; -624; -624; -312; -624; -312
vtrace1; -1615; -3230; -684; -1615; -684; 931
vtrace1; -2175; -4350; -4350; -2175; -4350; -2175
vtrace1; -1190; -3322; -3159; -2132; -2217; -1027
vtrace1; -1671; -5344; -5344; -3673; -3342; -1671
vtrace1; -2984; -3050; -65; -66; -2983; 1
vtrace1; -1055; -276; 779; 779; -1055; 0
vtrace1; -5348; -10696; -10696; -5348; -10696; -5348
vtrace1; 3496; 3496; 3496; 0; 6992; 3496
vtrace1; -6408; -12816; -12816; -6408; -12816; -6408
vtrace1; -2541; -445; 2264; 2096; -2373; 168
vtrace1; -1872; -1593; -1136; 279; -3287; -1415
vtrace1; -247; -299; -51; -52; -246; 1
vtrace1; -6444; -12888; -12888; -6444; -12888; -6444
vtrace1; 1063; -5381; -6760; -6444; 747; -316
vtrace1; -4833; -6016; -244; -1183; -3894; 939
vtrace1; -6422; -12844; -12844; -6422; -12844; -6422
vtrace1; 792; 1584; 8254; 792; 8254; 7462
vtrace1; -2128; -4256; -4256; -2128; -4256; -2128
vtrace1; -3455; -5539; -173; -2084; -1544; 1911
vtrace1; 4638; 898; -1671; -3740; 6707; 2069
vtrace1; -156; -2331; -2174; -2175; -155; 1
vtrace1; -1883; -668; 2306; 1215; -792; 1091
vtrace1; -279; -558; -558; -279; -558; -279
vtrace1; -1229; -3465; -4472; -2236; -3465; -2236
vtrace1; -1218; -2436; -2436; -1218; -2436; -1218
vtrace1; -4411; -8822; -8822; -4411; -8822; -4411
vtrace1; -316; -632; -632; -316; -632; -316
vtrace1; -1219; -4443; -6448; -3224; -4443; -3224
vtrace1; -2144; -4288; -4288; -2144; -4288; -2144
vtrace1; -1057; -2114; 2047; -1057; 2047; 3104
vtrace1; 1384; 328; 328; -1056; 2768; 1384
vtrace1; -6412; -12824; -12824; -6412; -12824; -6412
vtrace1; -2803; -3054; -3054; -251; -5606; -2803
vtrace1; -267; -534; -534; -267; -534; -267
vtrace1; -4350; -8700; -4110; -4350; -4110; 240
vtrace1; -2223; -4446; -2783; -2223; -2783; -560
vtrace1; -3224; -4467; -2486; -1243; -4467; -1243
vtrace1; -4377; -8754; -8754; -4377; -8754; -4377
vtrace1; -6408; -12816; -5383; -6408; -5383; 1025
vtrace1; 350; 1441; 3354; 1091; 2613; 2263
vtrace1; -1198; -4940; -3743; -3742; -1199; -1
vtrace1; -2254; -5969; -4758; -3715; -3297; -1043
vtrace1; 75; 150; 857; 75; 857; 782
vtrace1; 3879; 3861; 3861; -18; 7758; 3879
vtrace1; 0; 215; 3622; 215; 3407; 3407
vtrace1; -534; -4304; -3770; -3770; -534; 0
vtrace1; -3320; -6640; -6640; -3320; -6640; -3320
vtrace1; -3489; -6978; -6978; -3489; -6978; -3489
vtrace1; -5180; -4096; 1512; 1084; -4752; 428
vtrace1; -2086; -1499; 1174; 587; -1499; 587
vtrace1; -1221; -2442; -2442; -1221; -2442; -1221
vtrace1; -3770; -4361; -557; -591; -3736; 34
vtrace1; -1679; 5804; 14966; 7483; 5804; 7483
vtrace1; -3253; -2703; 1634; 550; -2169; 1084
vtrace1; 88; -1158; 828; -1246; 2162; 2074
vtrace1; -270; -540; -540; -270; -540; -270
vtrace1; -1223; -2446; -2446; -1223; -2446; -1223
vtrace1; 0; -169; 3028; -169; 3197; 3197
vtrace1; 65; 547; 1598; 482; 1181; 1116
vtrace1; 1; 3; 216; 2; 215; 214
vtrace1; 325; 650; 1297; 325; 1297; 972
vtrace1; -1246; -2492; -2469; -1246; -2469; -1223
vtrace1; -1230; -3374; -1869; -2144; -955; 275
vtrace1; 1; 2; 132; 1; 132; 131
vtrace1; -1057; -2114; 2044; -1057; 2044; 3101
vtrace1; -1; -354; -261; -353; 91; 92
vtrace1; -6444; -9824; -3380; -3380; -6444; 0
vtrace1; -2202; -2362; 1936; -160; -106; 2096
vtrace1; -1226; -2452; -2452; -1226; -2452; -1226
vtrace1; 2194; 2122; 2122; -72; 4388; 2194
vtrace1; -187; -4518; -5561; -4331; -1417; -1230
vtrace1; -1227; -2454; -2454; -1227; -2454; -1227
vtrace1; -1228; -2456; -2456; -1228; -2456; -1228
vtrace1; -3697; -3697; -2098; 0; -5795; -2098
vtrace1; -1055; -472; 828; 583; -810; 245
vtrace1; -1476; -5807; -887; -4331; 1968; 3444
vtrace1; -1753; -5760; -4002; -4007; -1748; 5
vtrace1; -2132; -2301; -2301; -169; -4264; -2132
vtrace1; -1243; -2486; -2486; -1243; -2486; -1243
vtrace1; -4126; -5591; -2930; -1465; -5591; -1465
vtrace1; 650; 132; 2374; -518; 3542; 2892
vtrace1; -2133; -4325; -4325; -2192; -4266; -2133
vtrace1; -2098; -4196; -181; -2098; -181; 1917
vtrace1; -1230; -2460; -2460; -1230; -2460; -1230
vtrace1; -1415; -2830; -2830; -1415; -2830; -1415
vtrace1; -1230; -2459; -2459; -1229; -2460; -1230
vtrace1; -1227; 1968; 6390; 3195; 1968; 3195
vtrace1; -2386; -2107; 4691; 279; 2026; 4412
vtrace1; 78; 156; 1545; 78; 1545; 1467
vtrace1; -1219; -1218; 149; 1; -1071; 148
vtrace1; 100; -392; 816; -492; 1408; 1308
vtrace1; -185; -5370; -777; -5185; 4223; 4408
vtrace1; 301; 602; 4074; 301; 4074; 3773
vtrace1; 0; 585; 2966; 585; 2381; 2381
vtrace1; -3092; -2008; 2168; 1084; -2008; 1084
vtrace1; -1246; -2492; -2492; -1246; -2492; -1246
vtrace1; -52; -2257; -2257; -2205; -104; -52
vtrace1; 205; -65; 2852; -270; 3327; 3122
vtrace1; -561; -4892; -8662; -4331; -4892; -4331
vtrace1; -1; 33; 1033; 34; 998; 999
vtrace1; -1625; -1626; -1; -1; -1625; 0
vtrace1; -1467; -2934; -2934; -1467; -2934; -1467
vtrace1; -2130; -2272; -2272; -142; -4260; -2130
vtrace1; -2223; -524; 4534; 1699; 612; 2835
vtrace1; -1227; 2973; 8400; 4200; 2973; 4200
vtrace1; -2132; -1549; 1166; 583; -1549; 583
vtrace1; -5067; -4788; 558; 279; -4788; 279
vtrace1; -1415; -2207; -793; -792; -1416; -1
vtrace1; -4339; -2260; 7321; 2079; 903; 5242
vtrace1; -1281; -2458; -932; -1177; -1036; 245
vtrace1; -1227; -1063; 164; 164; -1227; 0
vtrace1; -2594; -5188; -5188; -2594; -5188; -2594
vtrace1; 295; -1837; -1313; -2132; 1114; 819
vtrace1; -1873; -3092; -1219; -1219; -1873; 0
vtrace1; -561; -1122; -1122; -561; -1122; -561
vtrace1; -2610; -5220; -5220; -2610; -5220; -2610
vtrace1; -1190; -2380; -498; -1190; -498; 692
vtrace1; -1057; -1053; 8; 4; -1053; 4
vtrace1; 1200; 1134; 1816; -66; 3082; 1882
vtrace1; -2132; -1582; 1100; 550; -1582; 550
vtrace1; -1057; -2114; 2134; -1057; 2134; 3191
vtrace1; -365; -730; -730; -365; -730; -365
vtrace1; 216; -1870; -1870; -2086; 432; 216
vtrace1; 3; -1058; -1058; -1061; 6; 3
vtrace1; -1222; -106; 2232; 1116; -106; 1116
vtrace1; 214; -1914; -1914; -2128; 428; 214
vtrace1; -3159; -2995; -1973; 164; -5296; -2137
vtrace1; 2166; 938; 938; -1228; 4332; 2166
vtrace1; -170; -2300; -4260; -2130; -2300; -2130
vtrace1; -2; -4094; -4408; -4092; -318; -316
vtrace1; 2; -1211; -1061; -1213; 154; 152
vtrace1; -1; 279; 932; 280; 651; 652
vtrace1; 1213; -2598; -3682; -3811; 1342; 129
vtrace1; -1059; -1338; -558; -279; -1338; -279
vtrace1; -65; 3868; 7866; 3933; 3868; 3933
vtrace1; -2132; -1588; 1088; 544; -1588; 544
vtrace1; -1057; -2114; 93; -1057; 93; 1150
vtrace1; -518; -1036; -1036; -518; -1036; -518
vtrace1; -2739; -2845; -263; -106; -2896; -157
vtrace1; -2; -3699; -5841; -3697; -2146; -2144
vtrace1; -912; -912; 551; 0; -361; 551
vtrace1; -18; -36; 1040; -18; 1040; 1058
vtrace1; -1219; -4336; -7334; -3117; -5436; -4217
vtrace1; -2086; -4172; -3674; -2086; -3674; -1588
vtrace1; -1; 191; 384; 192; 191; 192
vtrace1; -1059; -4434; -6750; -3375; -4434; -3375
vtrace1; -533; -1066; -1066; -533; -1066; -533
vtrace1; 148; -1049; -1171; -1197; 174; 26
vtrace1; 2156; 959; 959; -1197; 4312; 2156
vtrace1; 585; 1170; 3192; 585; 3192; 2607
vtrace1; 0; -6444; -6445; -6444; -1; -1
vtrace1; -5170; -10340; -6715; -5170; -6715; -1545
vtrace1; -1218; -2436; -1217; -1218; -1217; 1
vtrace1; -1057; -2114; 17; -1057; 17; 1074
vtrace1; -3489; 137; 5820; 3626; -1295; 2194
vtrace1; 2098; -2313; -4473; -4411; 2036; -62
vtrace1; -14; -32; 469; -18; 473; 487
vtrace1; -1; -53; 350; -52; 401; 402
vtrace1; -2137; -3265; -2374; -1128; -3383; -1246
vtrace1; -1229; -4604; -4604; -3375; -2458; -1229
